50000	500	49500	 sysNum: 	25000	 MissingNum: 	0	 43011.73333329761	 265898	 2	 Protocol_Missing: 25000	 0.0	 
50000	1000	49000	 sysNum: 	25000	 MissingNum: 	0	 43018.38333329762	 265752	 2	 Protocol_Missing: 25000	 0.0	 
50000	1500	48500	 sysNum: 	25000	 MissingNum: 	0	 42853.27083329721	 265145	 2	 Protocol_Missing: 25000	 0.0	 
50000	2000	48000	 sysNum: 	25000	 MissingNum: 	0	 43247.224999965	 267597	 2	 Protocol_Missing: 25000	 0.0	 
50000	2500	47500	 sysNum: 	25000	 MissingNum: 	0	 43181.42499996472	 266742	 2	 Protocol_Missing: 25000	 0.0	 
50000	3000	47000	 sysNum: 	25000	 MissingNum: 	0	 43117.37499996455	 266348	 2	 Protocol_Missing: 25000	 0.0	 
50000	3499	46501	 sysNum: 	24999	 MissingNum: 	0	 43099.29166663121	 266129	 2	 Protocol_Missing: 25001	 0.0	 
50000	4000	46000	 sysNum: 	25000	 MissingNum: 	0	 42823.31666663041	 264686	 2	 Protocol_Missing: 25000	 0.0	 
50000	4500	45500	 sysNum: 	25000	 MissingNum: 	0	 42813.19583329708	 264145	 2	 Protocol_Missing: 25000	 0.0	 
50000	500	49500	 sysNum: 	25000	 MissingNum: 	0	 42956.25833329748	 265536	 2	 Protocol_Missing: 25000	 0.0	 
50000	1000	49000	 sysNum: 	25000	 MissingNum: 	0	 42998.1708332976	 265688	 2	 Protocol_Missing: 25000	 0.0	 
50000	1500	48500	 sysNum: 	25000	 MissingNum: 	0	 42830.14166663044	 264709	 2	 Protocol_Missing: 25000	 0.0	 
50000	2000	48000	 sysNum: 	25000	 MissingNum: 	0	 43114.74999996457	 266421	 2	 Protocol_Missing: 25000	 0.0	 
50000	2500	47500	 sysNum: 	25000	 MissingNum: 	0	 42911.31249996405	 264949	 2	 Protocol_Missing: 25000	 0.0	 
50000	3000	47000	 sysNum: 	25000	 MissingNum: 	0	 43354.79166663178	 268266	 2	 Protocol_Missing: 25000	 0.0	 
50000	3499	46501	 sysNum: 	24999	 MissingNum: 	0	 42870.6833332972	 264870	 2	 Protocol_Missing: 25001	 0.0	 
50000	4000	46000	 sysNum: 	25000	 MissingNum: 	0	 43045.77083329776	 265693	 2	 Protocol_Missing: 25000	 0.0	 
50000	4500	45500	 sysNum: 	25000	 MissingNum: 	0	 42724.12083329677	 263706	 2	 Protocol_Missing: 25000	 0.0	 
50000	500	49500	 sysNum: 	25000	 MissingNum: 	0	 42833.349999963844	 264819	 2	 Protocol_Missing: 25000	 0.0	 
50000	1000	49000	 sysNum: 	25000	 MissingNum: 	0	 42960.020833297414	 265135	 2	 Protocol_Missing: 25000	 0.0	 
50000	1500	48500	 sysNum: 	25000	 MissingNum: 	0	 42866.07499996384	 264809	 2	 Protocol_Missing: 25000	 0.0	 
50000	2000	48000	 sysNum: 	25000	 MissingNum: 	0	 42790.03749996365	 264429	 2	 Protocol_Missing: 25000	 0.0	 
50000	2500	47500	 sysNum: 	25000	 MissingNum: 	0	 42831.57083329713	 264719	 2	 Protocol_Missing: 25000	 0.0	 
50000	3000	47000	 sysNum: 	25000	 MissingNum: 	0	 42703.295833296776	 263301	 2	 Protocol_Missing: 25000	 0.0	 
50000	3499	46501	 sysNum: 	24999	 MissingNum: 	0	 43010.74166663091	 265966	 2	 Protocol_Missing: 25001	 0.0	 
50000	4000	46000	 sysNum: 	25000	 MissingNum: 	0	 43202.42499996476	 266634	 2	 Protocol_Missing: 25000	 0.0	 
50000	4500	45500	 sysNum: 	25000	 MissingNum: 	0	 43032.20833329767	 266124	 2	 Protocol_Missing: 25000	 0.0	 
50000	500	49500	 sysNum: 	25000	 MissingNum: 	0	 43011.38333329755	 265604	 2	 Protocol_Missing: 25000	 0.0	 
50000	1000	49000	 sysNum: 	25000	 MissingNum: 	0	 43100.07916663118	 266275	 2	 Protocol_Missing: 25000	 0.0	 
50000	1500	48500	 sysNum: 	25000	 MissingNum: 	0	 43119.73749996457	 266682	 2	 Protocol_Missing: 25000	 0.0	 
50000	2000	48000	 sysNum: 	25000	 MissingNum: 	0	 42894.4541666306	 265255	 2	 Protocol_Missing: 25000	 0.0	 
50000	2500	47500	 sysNum: 	25000	 MissingNum: 	0	 43013.80416663092	 265595	 2	 Protocol_Missing: 25000	 0.0	 
50000	3000	47000	 sysNum: 	25000	 MissingNum: 	0	 42853.591666630506	 264845	 2	 Protocol_Missing: 25000	 0.0	 
50000	3499	46501	 sysNum: 	24999	 MissingNum: 	0	 42928.520833297305	 265306	 2	 Protocol_Missing: 25001	 0.0	 
50000	4000	46000	 sysNum: 	25000	 MissingNum: 	0	 43102.32499996451	 266602	 2	 Protocol_Missing: 25000	 0.0	 
50000	4500	45500	 sysNum: 	25000	 MissingNum: 	0	 42814.36249996372	 264724	 2	 Protocol_Missing: 25000	 0.0	 
50000	500	49500	 sysNum: 	25000	 MissingNum: 	0	 42988.07916663086	 265415	 2	 Protocol_Missing: 25000	 0.0	 
50000	1000	49000	 sysNum: 	25000	 MissingNum: 	0	 43119.241666631206	 266801	 2	 Protocol_Missing: 25000	 0.0	 
50000	1500	48500	 sysNum: 	25000	 MissingNum: 	0	 43173.43333329807	 267158	 2	 Protocol_Missing: 25000	 0.0	 
50000	2000	48000	 sysNum: 	25000	 MissingNum: 	0	 43187.31666663151	 266954	 2	 Protocol_Missing: 25000	 0.0	 
50000	2500	47500	 sysNum: 	25000	 MissingNum: 	0	 43133.47499996456	 266621	 2	 Protocol_Missing: 25000	 0.0	 
50000	3000	47000	 sysNum: 	25000	 MissingNum: 	0	 43072.51666663109	 266503	 2	 Protocol_Missing: 25000	 0.0	 
50000	3499	46501	 sysNum: 	24999	 MissingNum: 	0	 42927.93749996402	 265512	 2	 Protocol_Missing: 25001	 0.0	 
50000	4000	46000	 sysNum: 	25000	 MissingNum: 	0	 43054.95833329768	 266105	 2	 Protocol_Missing: 25000	 0.0	 
50000	4500	45500	 sysNum: 	25000	 MissingNum: 	0	 43021.94166663104	 265908	 2	 Protocol_Missing: 25000	 0.0	 
50000	500	49500	 sysNum: 	25000	 MissingNum: 	0	 42989.07083329753	 265439	 2	 Protocol_Missing: 25000	 0.0	 
50000	1000	49000	 sysNum: 	25000	 MissingNum: 	0	 43137.03333329794	 266925	 2	 Protocol_Missing: 25000	 0.0	 
50000	1500	48500	 sysNum: 	25000	 MissingNum: 	0	 43008.08749996428	 265664	 2	 Protocol_Missing: 25000	 0.0	 
50000	2000	48000	 sysNum: 	25000	 MissingNum: 	0	 42962.004166630766	 265599	 2	 Protocol_Missing: 25000	 0.0	 
50000	2500	47500	 sysNum: 	25000	 MissingNum: 	0	 42992.39583329766	 265762	 2	 Protocol_Missing: 25000	 0.0	 
50000	3000	47000	 sysNum: 	25000	 MissingNum: 	0	 43013.62916663086	 266291	 2	 Protocol_Missing: 25000	 0.0	 
50000	3499	46501	 sysNum: 	24999	 MissingNum: 	0	 42739.22916663018	 264030	 2	 Protocol_Missing: 25001	 0.0	 
50000	4000	46000	 sysNum: 	25000	 MissingNum: 	0	 42919.33333329734	 265207	 2	 Protocol_Missing: 25000	 0.0	 
50000	4500	45500	 sysNum: 	25000	 MissingNum: 	0	 42872.31666663056	 264807	 2	 Protocol_Missing: 25000	 0.0	 
50000	500	49500	 sysNum: 	25000	 MissingNum: 	0	 42651.87499996327	 263386	 2	 Protocol_Missing: 25000	 0.0	 
50000	1000	49000	 sysNum: 	25000	 MissingNum: 	0	 42750.77916663028	 263916	 2	 Protocol_Missing: 25000	 0.0	 
50000	1500	48500	 sysNum: 	25000	 MissingNum: 	0	 43060.12083329765	 266634	 2	 Protocol_Missing: 25000	 0.0	 
50000	2000	48000	 sysNum: 	25000	 MissingNum: 	0	 42949.549999964125	 265619	 2	 Protocol_Missing: 25000	 0.0	 
50000	2500	47500	 sysNum: 	25000	 MissingNum: 	0	 43031.97499996433	 265975	 2	 Protocol_Missing: 25000	 0.0	 
50000	3000	47000	 sysNum: 	25000	 MissingNum: 	0	 43065.45833329776	 266249	 2	 Protocol_Missing: 25000	 0.0	 
50000	3499	46501	 sysNum: 	24999	 MissingNum: 	0	 42970.69583329757	 265154	 2	 Protocol_Missing: 25001	 0.0	 
50000	4000	46000	 sysNum: 	25000	 MissingNum: 	0	 42888.97083329729	 264897	 2	 Protocol_Missing: 25000	 0.0	 
50000	4500	45500	 sysNum: 	25000	 MissingNum: 	0	 43107.83749996459	 266915	 2	 Protocol_Missing: 25000	 0.0	 
50000	500	49500	 sysNum: 	25000	 MissingNum: 	0	 42983.55833329741	 265976	 2	 Protocol_Missing: 25000	 0.0	 
50000	1000	49000	 sysNum: 	25000	 MissingNum: 	0	 42956.549999964125	 265366	 2	 Protocol_Missing: 25000	 0.0	 
50000	1500	48500	 sysNum: 	25000	 MissingNum: 	0	 43109.55833329789	 266923	 2	 Protocol_Missing: 25000	 0.0	 
50000	2000	48000	 sysNum: 	25000	 MissingNum: 	0	 43060.908333297775	 266321	 2	 Protocol_Missing: 25000	 0.0	 
50000	2500	47500	 sysNum: 	25000	 MissingNum: 	0	 42898.30416663068	 265368	 2	 Protocol_Missing: 25000	 0.0	 
50000	3000	47000	 sysNum: 	25000	 MissingNum: 	0	 43033.52083329755	 265962	 2	 Protocol_Missing: 25000	 0.0	 
50000	3499	46501	 sysNum: 	24999	 MissingNum: 	0	 42909.97083329735	 264801	 2	 Protocol_Missing: 25001	 0.0	 
50000	4000	46000	 sysNum: 	25000	 MissingNum: 	0	 43131.78333329791	 266478	 2	 Protocol_Missing: 25000	 0.0	 
50000	4500	45500	 sysNum: 	25000	 MissingNum: 	0	 42959.32083329731	 265643	 2	 Protocol_Missing: 25000	 0.0	 
50000	500	49500	 sysNum: 	25000	 MissingNum: 	0	 43012.52083329765	 265818	 2	 Protocol_Missing: 25000	 0.0	 
50000	1000	49000	 sysNum: 	25000	 MissingNum: 	0	 43027.42499996433	 266147	 2	 Protocol_Missing: 25000	 0.0	 
50000	1500	48500	 sysNum: 	25000	 MissingNum: 	0	 43019.14166663097	 266050	 2	 Protocol_Missing: 25000	 0.0	 
50000	2000	48000	 sysNum: 	25000	 MissingNum: 	0	 42987.437499964144	 265558	 2	 Protocol_Missing: 25000	 0.0	 
50000	2500	47500	 sysNum: 	25000	 MissingNum: 	0	 42666.02083329668	 263344	 2	 Protocol_Missing: 25000	 0.0	 
50000	3000	47000	 sysNum: 	25000	 MissingNum: 	0	 43158.383333297985	 266909	 2	 Protocol_Missing: 25000	 0.0	 
50000	3499	46501	 sysNum: 	24999	 MissingNum: 	0	 43237.51249996489	 267463	 2	 Protocol_Missing: 25001	 0.0	 
50000	4000	46000	 sysNum: 	25000	 MissingNum: 	0	 42917.55416663073	 265411	 2	 Protocol_Missing: 25000	 0.0	 
50000	4500	45500	 sysNum: 	25000	 MissingNum: 	0	 42901.80416663059	 265104	 2	 Protocol_Missing: 25000	 0.0	 
50000	500	49500	 sysNum: 	25000	 MissingNum: 	0	 42956.19999996412	 265614	 2	 Protocol_Missing: 25000	 0.0	 
50000	1000	49000	 sysNum: 	25000	 MissingNum: 	0	 42970.549999964176	 265625	 2	 Protocol_Missing: 25000	 0.0	 
50000	1500	48500	 sysNum: 	25000	 MissingNum: 	0	 43089.78333329778	 266439	 2	 Protocol_Missing: 25000	 0.0	 
50000	2000	48000	 sysNum: 	25000	 MissingNum: 	0	 42994.02916663083	 265832	 2	 Protocol_Missing: 25000	 0.0	 
50000	2500	47500	 sysNum: 	25000	 MissingNum: 	0	 42986.47499996418	 265542	 2	 Protocol_Missing: 25000	 0.0	 
50000	3000	47000	 sysNum: 	25000	 MissingNum: 	0	 43012.89999996424	 265802	 2	 Protocol_Missing: 25000	 0.0	 
50000	3499	46501	 sysNum: 	24999	 MissingNum: 	0	 43063.03749996442	 266501	 2	 Protocol_Missing: 25001	 0.0	 
50000	4000	46000	 sysNum: 	25000	 MissingNum: 	0	 43057.84583329769	 266012	 2	 Protocol_Missing: 25000	 0.0	 
50000	4500	45500	 sysNum: 	25000	 MissingNum: 	0	 42969.354166630816	 265725	 2	 Protocol_Missing: 25000	 0.0	 
50000	500	49500	 sysNum: 	25000	 MissingNum: 	0	 43036.20416663083	 265916	 2	 Protocol_Missing: 25000	 0.0	 
50000	1000	49000	 sysNum: 	25000	 MissingNum: 	0	 42721.58333329676	 263617	 2	 Protocol_Missing: 25000	 0.0	 
50000	1500	48500	 sysNum: 	25000	 MissingNum: 	0	 42976.38333329754	 265808	 2	 Protocol_Missing: 25000	 0.0	 
50000	2000	48000	 sysNum: 	25000	 MissingNum: 	0	 42944.56249996406	 265346	 2	 Protocol_Missing: 25000	 0.0	 
50000	2500	47500	 sysNum: 	25000	 MissingNum: 	0	 42766.32499996354	 263956	 2	 Protocol_Missing: 25000	 0.0	 
50000	3000	47000	 sysNum: 	25000	 MissingNum: 	0	 43104.3958332979	 266712	 2	 Protocol_Missing: 25000	 0.0	 
50000	3499	46501	 sysNum: 	24999	 MissingNum: 	0	 42912.50833329739	 265080	 2	 Protocol_Missing: 25001	 0.0	 
50000	4000	46000	 sysNum: 	25000	 MissingNum: 	0	 42966.26249996409	 265138	 2	 Protocol_Missing: 25000	 0.0	 
50000	4500	45500	 sysNum: 	25000	 MissingNum: 	0	 42994.087499964175	 265667	 2	 Protocol_Missing: 25000	 0.0	 
50000	500	49500	 sysNum: 	25000	 MissingNum: 	0	 42949.170833297416	 265266	 2	 Protocol_Missing: 25000	 0.0	 
50000	1000	49000	 sysNum: 	25000	 MissingNum: 	0	 42926.65416663074	 265752	 2	 Protocol_Missing: 25000	 0.0	 
50000	1500	48500	 sysNum: 	25000	 MissingNum: 	0	 43137.93749996457	 266842	 2	 Protocol_Missing: 25000	 0.0	 
50000	2000	48000	 sysNum: 	25000	 MissingNum: 	0	 43071.58333329769	 266126	 2	 Protocol_Missing: 25000	 0.0	 
50000	2500	47500	 sysNum: 	25000	 MissingNum: 	0	 42961.88749996408	 265617	 2	 Protocol_Missing: 25000	 0.0	 
50000	3000	47000	 sysNum: 	25000	 MissingNum: 	0	 42915.19166663071	 265048	 2	 Protocol_Missing: 25000	 0.0	 
50000	3499	46501	 sysNum: 	24999	 MissingNum: 	0	 42874.38749996399	 265019	 2	 Protocol_Missing: 25001	 0.0	 
50000	4000	46000	 sysNum: 	25000	 MissingNum: 	0	 43145.929166631235	 266438	 2	 Protocol_Missing: 25000	 0.0	 
50000	4500	45500	 sysNum: 	25000	 MissingNum: 	0	 42987.43749996422	 265490	 2	 Protocol_Missing: 25000	 0.0	 
50000	500	49500	 sysNum: 	25000	 MissingNum: 	0	 43023.633333297636	 265745	 2	 Protocol_Missing: 25000	 0.0	 
50000	1000	49000	 sysNum: 	25000	 MissingNum: 	0	 43054.17083329776	 265665	 2	 Protocol_Missing: 25000	 0.0	 
50000	1500	48500	 sysNum: 	25000	 MissingNum: 	0	 43179.55833329803	 267040	 2	 Protocol_Missing: 25000	 0.0	 
50000	2000	48000	 sysNum: 	25000	 MissingNum: 	0	 42947.654166630724	 265180	 2	 Protocol_Missing: 25000	 0.0	 
50000	2500	47500	 sysNum: 	25000	 MissingNum: 	0	 43067.17916663105	 266570	 2	 Protocol_Missing: 25000	 0.0	 
50000	3000	47000	 sysNum: 	25000	 MissingNum: 	0	 42988.983333297576	 265781	 2	 Protocol_Missing: 25000	 0.0	 
50000	3499	46501	 sysNum: 	24999	 MissingNum: 	0	 42798.991666630405	 264384	 2	 Protocol_Missing: 25001	 0.0	 
50000	4000	46000	 sysNum: 	25000	 MissingNum: 	0	 43008.145833297545	 265969	 2	 Protocol_Missing: 25000	 0.0	 
50000	4500	45500	 sysNum: 	25000	 MissingNum: 	0	 43100.545833297976	 266393	 2	 Protocol_Missing: 25000	 0.0	 
50000	500	49500	 sysNum: 	25000	 MissingNum: 	0	 42918.72083329733	 264982	 2	 Protocol_Missing: 25000	 0.0	 
50000	1000	49000	 sysNum: 	25000	 MissingNum: 	0	 42886.25833329725	 265001	 2	 Protocol_Missing: 25000	 0.0	 
50000	1500	48500	 sysNum: 	25000	 MissingNum: 	0	 43018.295833297634	 265749	 2	 Protocol_Missing: 25000	 0.0	 
50000	2000	48000	 sysNum: 	25000	 MissingNum: 	0	 43017.7124999642	 265843	 2	 Protocol_Missing: 25000	 0.0	 
50000	2500	47500	 sysNum: 	25000	 MissingNum: 	0	 42950.13333329743	 265600	 2	 Protocol_Missing: 25000	 0.0	 
50000	3000	47000	 sysNum: 	25000	 MissingNum: 	0	 42967.1083332975	 265303	 2	 Protocol_Missing: 25000	 0.0	 
50000	3499	46501	 sysNum: 	24999	 MissingNum: 	0	 43085.11666663112	 266221	 2	 Protocol_Missing: 25001	 0.0	 
50000	4000	46000	 sysNum: 	25000	 MissingNum: 	0	 42992.454166630916	 265657	 2	 Protocol_Missing: 25000	 0.0	 
50000	4500	45500	 sysNum: 	25000	 MissingNum: 	0	 43076.57083329777	 266212	 2	 Protocol_Missing: 25000	 0.0	 
50000	500	49500	 sysNum: 	25000	 MissingNum: 	0	 43040.7833332977	 266248	 2	 Protocol_Missing: 25000	 0.0	 
50000	1000	49000	 sysNum: 	25000	 MissingNum: 	0	 42909.35833329729	 265227	 2	 Protocol_Missing: 25000	 0.0	 
50000	1500	48500	 sysNum: 	25000	 MissingNum: 	0	 42987.466666630826	 265775	 2	 Protocol_Missing: 25000	 0.0	 
50000	2000	48000	 sysNum: 	25000	 MissingNum: 	0	 43179.93749996472	 267551	 2	 Protocol_Missing: 25000	 0.0	 
50000	2500	47500	 sysNum: 	25000	 MissingNum: 	0	 42951.12499996412	 265464	 2	 Protocol_Missing: 25000	 0.0	 
50000	3000	47000	 sysNum: 	25000	 MissingNum: 	0	 42942.170833297416	 265730	 2	 Protocol_Missing: 25000	 0.0	 
50000	3499	46501	 sysNum: 	24999	 MissingNum: 	0	 42865.49166663054	 264549	 2	 Protocol_Missing: 25001	 0.0	 
50000	4000	46000	 sysNum: 	25000	 MissingNum: 	0	 42866.833333297225	 264750	 2	 Protocol_Missing: 25000	 0.0	 
50000	4500	45500	 sysNum: 	25000	 MissingNum: 	0	 42899.79166663059	 265006	 2	 Protocol_Missing: 25000	 0.0	 
50000	500	49500	 sysNum: 	25000	 MissingNum: 	0	 42866.13333329726	 264816	 2	 Protocol_Missing: 25000	 0.0	 
50000	1000	49000	 sysNum: 	25000	 MissingNum: 	0	 42998.11249996428	 265504	 2	 Protocol_Missing: 25000	 0.0	 
50000	1500	48500	 sysNum: 	25000	 MissingNum: 	0	 42965.70833329752	 265697	 2	 Protocol_Missing: 25000	 0.0	 
50000	2000	48000	 sysNum: 	25000	 MissingNum: 	0	 42939.691666630715	 265344	 2	 Protocol_Missing: 25000	 0.0	 
50000	2500	47500	 sysNum: 	25000	 MissingNum: 	0	 43142.983333298	 266687	 2	 Protocol_Missing: 25000	 0.0	 
50000	3000	47000	 sysNum: 	25000	 MissingNum: 	0	 42969.41249996402	 265758	 2	 Protocol_Missing: 25000	 0.0	 
50000	3499	46501	 sysNum: 	24999	 MissingNum: 	0	 43025.76249996428	 266255	 2	 Protocol_Missing: 25001	 0.0	 
50000	4000	46000	 sysNum: 	25000	 MissingNum: 	0	 42923.124999964035	 265138	 2	 Protocol_Missing: 25000	 0.0	 
50000	4500	45500	 sysNum: 	25000	 MissingNum: 	0	 43042.82499996426	 266318	 2	 Protocol_Missing: 25000	 0.0	 
50000	500	49500	 sysNum: 	25000	 MissingNum: 	0	 43217.3874999648	 267118	 2	 Protocol_Missing: 25000	 0.0	 
50000	1000	49000	 sysNum: 	25000	 MissingNum: 	0	 42883.691666630584	 264852	 2	 Protocol_Missing: 25000	 0.0	 
50000	1500	48500	 sysNum: 	25000	 MissingNum: 	0	 42830.17083329713	 264926	 2	 Protocol_Missing: 25000	 0.0	 
50000	2000	48000	 sysNum: 	25000	 MissingNum: 	0	 43051.89583329772	 266102	 2	 Protocol_Missing: 25000	 0.0	 
50000	2500	47500	 sysNum: 	25000	 MissingNum: 	0	 43172.12083329799	 267023	 2	 Protocol_Missing: 25000	 0.0	 
50000	3000	47000	 sysNum: 	25000	 MissingNum: 	0	 43243.43333329823	 267525	 2	 Protocol_Missing: 25000	 0.0	 
50000	3499	46501	 sysNum: 	24999	 MissingNum: 	0	 42908.04583329738	 265352	 2	 Protocol_Missing: 25001	 0.0	 
50000	4000	46000	 sysNum: 	25000	 MissingNum: 	0	 42951.91249996405	 265100	 2	 Protocol_Missing: 25000	 0.0	 
50000	4500	45500	 sysNum: 	25000	 MissingNum: 	0	 43002.04999996423	 265447	 2	 Protocol_Missing: 25000	 0.0	 
50000	500	49500	 sysNum: 	25000	 MissingNum: 	0	 42917.29166663072	 265232	 2	 Protocol_Missing: 25000	 0.0	 
50000	1000	49000	 sysNum: 	25000	 MissingNum: 	0	 42839.94166663053	 264433	 2	 Protocol_Missing: 25000	 0.0	 
50000	1500	48500	 sysNum: 	25000	 MissingNum: 	0	 42904.19583329729	 264943	 2	 Protocol_Missing: 25000	 0.0	 
50000	2000	48000	 sysNum: 	25000	 MissingNum: 	0	 42991.60833329754	 265723	 2	 Protocol_Missing: 25000	 0.0	 
50000	2500	47500	 sysNum: 	25000	 MissingNum: 	0	 43140.44583329794	 266780	 2	 Protocol_Missing: 25000	 0.0	 
50000	3000	47000	 sysNum: 	25000	 MissingNum: 	0	 42788.4916666303	 264602	 2	 Protocol_Missing: 25000	 0.0	 
50000	3499	46501	 sysNum: 	24999	 MissingNum: 	0	 42726.65833329689	 263757	 2	 Protocol_Missing: 25001	 0.0	 
50000	4000	46000	 sysNum: 	25000	 MissingNum: 	0	 42950.07499996413	 265258	 2	 Protocol_Missing: 25000	 0.0	 
50000	4500	45500	 sysNum: 	25000	 MissingNum: 	0	 42858.87083329718	 264868	 2	 Protocol_Missing: 25000	 0.0	 
50000	500	49500	 sysNum: 	25000	 MissingNum: 	0	 43051.57499996429	 266285	 2	 Protocol_Missing: 25000	 0.0	 
50000	1000	49000	 sysNum: 	25000	 MissingNum: 	0	 42862.924999963885	 264519	 2	 Protocol_Missing: 25000	 0.0	 
50000	1500	48500	 sysNum: 	25000	 MissingNum: 	0	 43030.137499964345	 265594	 2	 Protocol_Missing: 25000	 0.0	 
50000	2000	48000	 sysNum: 	25000	 MissingNum: 	0	 42927.820833297345	 265056	 2	 Protocol_Missing: 25000	 0.0	 
50000	2500	47500	 sysNum: 	25000	 MissingNum: 	0	 43077.70833329786	 265904	 2	 Protocol_Missing: 25000	 0.0	 
50000	3000	47000	 sysNum: 	25000	 MissingNum: 	0	 43187.84166663137	 266894	 2	 Protocol_Missing: 25000	 0.0	 
50000	3499	46501	 sysNum: 	24999	 MissingNum: 	0	 42713.854166630095	 264042	 2	 Protocol_Missing: 25001	 0.0	 
50000	4000	46000	 sysNum: 	25000	 MissingNum: 	0	 42937.533333297426	 265003	 2	 Protocol_Missing: 25000	 0.0	 
50000	4500	45500	 sysNum: 	25000	 MissingNum: 	0	 43123.70416663124	 266723	 2	 Protocol_Missing: 25000	 0.0	 
50000	500	49500	 sysNum: 	25000	 MissingNum: 	0	 42913.35416663065	 265116	 2	 Protocol_Missing: 25000	 0.0	 
50000	1000	49000	 sysNum: 	25000	 MissingNum: 	0	 43196.99999996476	 267128	 2	 Protocol_Missing: 25000	 0.0	 
50000	1500	48500	 sysNum: 	25000	 MissingNum: 	0	 43003.449999964236	 265665	 2	 Protocol_Missing: 25000	 0.0	 
50000	2000	48000	 sysNum: 	25000	 MissingNum: 	0	 43037.4874999644	 265970	 2	 Protocol_Missing: 25000	 0.0	 
50000	2500	47500	 sysNum: 	25000	 MissingNum: 	0	 43068.31666663108	 266201	 2	 Protocol_Missing: 25000	 0.0	 
50000	3000	47000	 sysNum: 	25000	 MissingNum: 	0	 42945.349999964084	 265555	 2	 Protocol_Missing: 25000	 0.0	 
50000	3499	46501	 sysNum: 	24999	 MissingNum: 	0	 43012.579166631	 265587	 2	 Protocol_Missing: 25001	 0.0	 
50000	4000	46000	 sysNum: 	25000	 MissingNum: 	0	 42955.96666663079	 265516	 2	 Protocol_Missing: 25000	 0.0	 
50000	4500	45500	 sysNum: 	25000	 MissingNum: 	0	 42863.712499963825	 264534	 2	 Protocol_Missing: 25000	 0.0	 
50000	500	49500	 sysNum: 	25000	 MissingNum: 	0	 43082.374999964435	 266462	 2	 Protocol_Missing: 25000	 0.0	 
50000	1000	49000	 sysNum: 	25000	 MissingNum: 	0	 42815.44166663042	 264285	 2	 Protocol_Missing: 25000	 0.0	 
50000	1500	48500	 sysNum: 	25000	 MissingNum: 	0	 43096.98749996448	 266448	 2	 Protocol_Missing: 25000	 0.0	 
50000	2000	48000	 sysNum: 	25000	 MissingNum: 	0	 42996.712499964284	 265961	 2	 Protocol_Missing: 25000	 0.0	 
50000	2500	47500	 sysNum: 	25000	 MissingNum: 	0	 43114.69166663117	 266727	 2	 Protocol_Missing: 25000	 0.0	 
50000	3000	47000	 sysNum: 	25000	 MissingNum: 	0	 42930.24166663068	 265314	 2	 Protocol_Missing: 25000	 0.0	 
50000	3499	46501	 sysNum: 	24999	 MissingNum: 	0	 43261.07916663159	 267557	 2	 Protocol_Missing: 25001	 0.0	 
50000	4000	46000	 sysNum: 	25000	 MissingNum: 	0	 42909.76666663076	 265258	 2	 Protocol_Missing: 25000	 0.0	 
50000	4500	45500	 sysNum: 	25000	 MissingNum: 	0	 43045.62499996433	 265780	 2	 Protocol_Missing: 25000	 0.0	 
50000	500	49500	 sysNum: 	25000	 MissingNum: 	0	 42836.06249996376	 264766	 2	 Protocol_Missing: 25000	 0.0	 
50000	1000	49000	 sysNum: 	25000	 MissingNum: 	0	 43096.549999964525	 266358	 2	 Protocol_Missing: 25000	 0.0	 
50000	1500	48500	 sysNum: 	25000	 MissingNum: 	0	 42928.98749996402	 265281	 2	 Protocol_Missing: 25000	 0.0	 
50000	2000	48000	 sysNum: 	25000	 MissingNum: 	0	 43001.145833297574	 265501	 2	 Protocol_Missing: 25000	 0.0	 
50000	2500	47500	 sysNum: 	25000	 MissingNum: 	0	 42849.799999963834	 264856	 2	 Protocol_Missing: 25000	 0.0	 
50000	3000	47000	 sysNum: 	25000	 MissingNum: 	0	 43123.324999964534	 266581	 2	 Protocol_Missing: 25000	 0.0	 
50000	3499	46501	 sysNum: 	24999	 MissingNum: 	0	 42878.87916663057	 264947	 2	 Protocol_Missing: 25001	 0.0	 
50000	4000	46000	 sysNum: 	25000	 MissingNum: 	0	 42974.429166630835	 265826	 2	 Protocol_Missing: 25000	 0.0	 
50000	4500	45500	 sysNum: 	25000	 MissingNum: 	0	 42915.687499963984	 265354	 2	 Protocol_Missing: 25000	 0.0	 
50000	500	49500	 sysNum: 	25000	 MissingNum: 	0	 42912.79999996398	 265498	 2	 Protocol_Missing: 25000	 0.0	 
50000	1000	49000	 sysNum: 	25000	 MissingNum: 	0	 43055.716666631095	 266199	 2	 Protocol_Missing: 25000	 0.0	 
50000	1500	48500	 sysNum: 	25000	 MissingNum: 	0	 43008.29166663096	 266188	 2	 Protocol_Missing: 25000	 0.0	 
50000	2000	48000	 sysNum: 	25000	 MissingNum: 	0	 42916.73749996399	 265237	 2	 Protocol_Missing: 25000	 0.0	 
50000	2500	47500	 sysNum: 	25000	 MissingNum: 	0	 43018.93749996431	 265873	 2	 Protocol_Missing: 25000	 0.0	 
50000	3000	47000	 sysNum: 	25000	 MissingNum: 	0	 43087.129166631035	 266110	 2	 Protocol_Missing: 25000	 0.0	 
50000	3499	46501	 sysNum: 	24999	 MissingNum: 	0	 42802.520833297	 264471	 2	 Protocol_Missing: 25001	 0.0	 
50000	4000	46000	 sysNum: 	25000	 MissingNum: 	0	 42871.35416663057	 264842	 2	 Protocol_Missing: 25000	 0.0	 
50000	4500	45500	 sysNum: 	25000	 MissingNum: 	0	 42873.51249996395	 264802	 2	 Protocol_Missing: 25000	 0.0	 
50000	500	49500	 sysNum: 	25000	 MissingNum: 	0	 43092.61249996449	 266303	 2	 Protocol_Missing: 25000	 0.0	 
50000	1000	49000	 sysNum: 	25000	 MissingNum: 	0	 43135.07916663123	 266608	 2	 Protocol_Missing: 25000	 0.0	 
50000	1500	48500	 sysNum: 	25000	 MissingNum: 	0	 43029.49583329762	 265946	 2	 Protocol_Missing: 25000	 0.0	 
50000	2000	48000	 sysNum: 	25000	 MissingNum: 	0	 42846.62083329719	 264997	 2	 Protocol_Missing: 25000	 0.0	 
50000	2500	47500	 sysNum: 	25000	 MissingNum: 	0	 43006.36666663096	 266003	 2	 Protocol_Missing: 25000	 0.0	 
50000	3000	47000	 sysNum: 	25000	 MissingNum: 	0	 43033.7833332977	 265889	 2	 Protocol_Missing: 25000	 0.0	 
50000	3499	46501	 sysNum: 	24999	 MissingNum: 	0	 42901.86249996395	 264693	 2	 Protocol_Missing: 25001	 0.0	 
50000	4000	46000	 sysNum: 	25000	 MissingNum: 	0	 42968.82916663071	 265250	 2	 Protocol_Missing: 25000	 0.0	 
50000	4500	45500	 sysNum: 	25000	 MissingNum: 	0	 42975.62499996422	 265607	 2	 Protocol_Missing: 25000	 0.0	 
50000	500	49500	 sysNum: 	25000	 MissingNum: 	0	 42936.22083329742	 264856	 2	 Protocol_Missing: 25000	 0.0	 
50000	1000	49000	 sysNum: 	25000	 MissingNum: 	0	 43030.51666663096	 266190	 2	 Protocol_Missing: 25000	 0.0	 
50000	1500	48500	 sysNum: 	25000	 MissingNum: 	0	 42986.29999996419	 265502	 2	 Protocol_Missing: 25000	 0.0	 
50000	2000	48000	 sysNum: 	25000	 MissingNum: 	0	 43230.07499996483	 267412	 2	 Protocol_Missing: 25000	 0.0	 
50000	2500	47500	 sysNum: 	25000	 MissingNum: 	0	 43010.4208332976	 265994	 2	 Protocol_Missing: 25000	 0.0	 
50000	3000	47000	 sysNum: 	25000	 MissingNum: 	0	 42928.28749996404	 265077	 2	 Protocol_Missing: 25000	 0.0	 
50000	3499	46501	 sysNum: 	24999	 MissingNum: 	0	 43001.90416663097	 265964	 2	 Protocol_Missing: 25001	 0.0	 
50000	4000	46000	 sysNum: 	25000	 MissingNum: 	0	 43018.529166630986	 266085	 2	 Protocol_Missing: 25000	 0.0	 
50000	4500	45500	 sysNum: 	25000	 MissingNum: 	0	 42893.78333329725	 265016	 2	 Protocol_Missing: 25000	 0.0	 
50000	500	49500	 sysNum: 	25000	 MissingNum: 	0	 43014.79583329777	 265719	 2	 Protocol_Missing: 25000	 0.0	 
50000	1000	49000	 sysNum: 	25000	 MissingNum: 	0	 42564.57916662973	 262819	 2	 Protocol_Missing: 25000	 0.0	 
50000	1500	48500	 sysNum: 	25000	 MissingNum: 	0	 42904.108333297285	 265098	 2	 Protocol_Missing: 25000	 0.0	 
50000	2000	48000	 sysNum: 	25000	 MissingNum: 	0	 42837.72499996371	 264925	 2	 Protocol_Missing: 25000	 0.0	 
50000	2500	47500	 sysNum: 	25000	 MissingNum: 	0	 42991.57916663096	 265671	 2	 Protocol_Missing: 25000	 0.0	 
50000	3000	47000	 sysNum: 	25000	 MissingNum: 	0	 43037.04999996434	 265928	 2	 Protocol_Missing: 25000	 0.0	 
50000	3499	46501	 sysNum: 	24999	 MissingNum: 	0	 43048.833333297654	 265885	 2	 Protocol_Missing: 25001	 0.0	 
50000	4000	46000	 sysNum: 	25000	 MissingNum: 	0	 42951.154166630804	 265271	 2	 Protocol_Missing: 25000	 0.0	 
50000	4500	45500	 sysNum: 	25000	 MissingNum: 	0	 43068.60833329768	 266131	 2	 Protocol_Missing: 25000	 0.0	 
50000	500	49500	 sysNum: 	25000	 MissingNum: 	0	 43137.58749996462	 267000	 2	 Protocol_Missing: 25000	 0.0	 
50000	1000	49000	 sysNum: 	25000	 MissingNum: 	0	 42855.4583332971	 264610	 2	 Protocol_Missing: 25000	 0.0	 
50000	1500	48500	 sysNum: 	25000	 MissingNum: 	0	 42842.6541666305	 264815	 2	 Protocol_Missing: 25000	 0.0	 
50000	2000	48000	 sysNum: 	25000	 MissingNum: 	0	 42759.9666666303	 264015	 2	 Protocol_Missing: 25000	 0.0	 
50000	2500	47500	 sysNum: 	25000	 MissingNum: 	0	 42983.23749996413	 265686	 2	 Protocol_Missing: 25000	 0.0	 
50000	3000	47000	 sysNum: 	25000	 MissingNum: 	0	 42803.51249996373	 264386	 2	 Protocol_Missing: 25000	 0.0	 
50000	3499	46501	 sysNum: 	24999	 MissingNum: 	0	 43125.01666663121	 266734	 2	 Protocol_Missing: 25001	 0.0	 
50000	4000	46000	 sysNum: 	25000	 MissingNum: 	0	 43004.32499996431	 265202	 2	 Protocol_Missing: 25000	 0.0	 
50000	4500	45500	 sysNum: 	25000	 MissingNum: 	0	 43126.32916663129	 266427	 2	 Protocol_Missing: 25000	 0.0	 
50000	500	49500	 sysNum: 	25000	 MissingNum: 	0	 42889.17499996391	 265045	 2	 Protocol_Missing: 25000	 0.0	 
50000	1000	49000	 sysNum: 	25000	 MissingNum: 	0	 42942.37499996403	 265526	 2	 Protocol_Missing: 25000	 0.0	 
50000	1500	48500	 sysNum: 	25000	 MissingNum: 	0	 42958.183333297406	 265196	 2	 Protocol_Missing: 25000	 0.0	 
50000	2000	48000	 sysNum: 	25000	 MissingNum: 	0	 43038.187499964304	 266045	 2	 Protocol_Missing: 25000	 0.0	 
50000	2500	47500	 sysNum: 	25000	 MissingNum: 	0	 43116.6166666312	 266101	 2	 Protocol_Missing: 25000	 0.0	 
50000	3000	47000	 sysNum: 	25000	 MissingNum: 	0	 42776.18333329695	 264175	 2	 Protocol_Missing: 25000	 0.0	 
50000	3499	46501	 sysNum: 	24999	 MissingNum: 	0	 43033.3749999643	 265848	 2	 Protocol_Missing: 25001	 0.0	 
50000	4000	46000	 sysNum: 	25000	 MissingNum: 	0	 42865.52083329725	 264744	 2	 Protocol_Missing: 25000	 0.0	 
50000	4500	45500	 sysNum: 	25000	 MissingNum: 	0	 42980.0874999641	 265602	 2	 Protocol_Missing: 25000	 0.0	 
50000	500	49500	 sysNum: 	25000	 MissingNum: 	0	 43146.97916663127	 266501	 2	 Protocol_Missing: 25000	 0.0	 
50000	1000	49000	 sysNum: 	25000	 MissingNum: 	0	 42997.99583329754	 265835	 2	 Protocol_Missing: 25000	 0.0	 
50000	1500	48500	 sysNum: 	25000	 MissingNum: 	0	 43053.470833297666	 266049	 2	 Protocol_Missing: 25000	 0.0	 
50000	2000	48000	 sysNum: 	25000	 MissingNum: 	0	 42907.08333329731	 265064	 2	 Protocol_Missing: 25000	 0.0	 
50000	2500	47500	 sysNum: 	25000	 MissingNum: 	0	 42894.133333297315	 265186	 2	 Protocol_Missing: 25000	 0.0	 
50000	3000	47000	 sysNum: 	25000	 MissingNum: 	0	 42996.71249996418	 265859	 2	 Protocol_Missing: 25000	 0.0	 
50000	3499	46501	 sysNum: 	24999	 MissingNum: 	0	 42900.72499996403	 264943	 2	 Protocol_Missing: 25001	 0.0	 
50000	4000	46000	 sysNum: 	25000	 MissingNum: 	0	 43034.01666663103	 266390	 2	 Protocol_Missing: 25000	 0.0	 
50000	4500	45500	 sysNum: 	25000	 MissingNum: 	0	 42807.53749996366	 264213	 2	 Protocol_Missing: 25000	 0.0	 
50000	500	49500	 sysNum: 	25000	 MissingNum: 	0	 43120.32083329795	 266493	 2	 Protocol_Missing: 25000	 0.0	 
50000	1000	49000	 sysNum: 	25000	 MissingNum: 	0	 43033.666666631034	 265902	 2	 Protocol_Missing: 25000	 0.0	 
50000	1500	48500	 sysNum: 	25000	 MissingNum: 	0	 43265.891666631614	 267914	 2	 Protocol_Missing: 25000	 0.0	 
50000	2000	48000	 sysNum: 	25000	 MissingNum: 	0	 43123.79166663115	 266505	 2	 Protocol_Missing: 25000	 0.0	 
50000	2500	47500	 sysNum: 	25000	 MissingNum: 	0	 42888.73749996391	 264882	 2	 Protocol_Missing: 25000	 0.0	 
50000	3000	47000	 sysNum: 	25000	 MissingNum: 	0	 43069.89166663105	 266323	 2	 Protocol_Missing: 25000	 0.0	 
50000	3499	46501	 sysNum: 	24999	 MissingNum: 	0	 42934.93749996407	 265254	 2	 Protocol_Missing: 25001	 0.0	 
50000	4000	46000	 sysNum: 	25000	 MissingNum: 	0	 43067.49999996445	 266246	 2	 Protocol_Missing: 25000	 0.0	 
50000	4500	45500	 sysNum: 	25000	 MissingNum: 	0	 43063.999999964464	 266454	 2	 Protocol_Missing: 25000	 0.0	 
50000	500	49500	 sysNum: 	25000	 MissingNum: 	0	 43001.96249996422	 265529	 2	 Protocol_Missing: 25000	 0.0	 
50000	1000	49000	 sysNum: 	25000	 MissingNum: 	0	 43009.866666630915	 266157	 2	 Protocol_Missing: 25000	 0.0	 
50000	1500	48500	 sysNum: 	25000	 MissingNum: 	0	 42922.97916663069	 265021	 2	 Protocol_Missing: 25000	 0.0	 
50000	2000	48000	 sysNum: 	25000	 MissingNum: 	0	 42729.108333296754	 263960	 2	 Protocol_Missing: 25000	 0.0	 
50000	2500	47500	 sysNum: 	25000	 MissingNum: 	0	 42798.816666630264	 264429	 2	 Protocol_Missing: 25000	 0.0	 
50000	3000	47000	 sysNum: 	25000	 MissingNum: 	0	 42919.391666630705	 265180	 2	 Protocol_Missing: 25000	 0.0	 
50000	3499	46501	 sysNum: 	24999	 MissingNum: 	0	 42798.90416663035	 264682	 2	 Protocol_Missing: 25001	 0.0	 
50000	4000	46000	 sysNum: 	25000	 MissingNum: 	0	 43012.60833329761	 265877	 2	 Protocol_Missing: 25000	 0.0	 
50000	4500	45500	 sysNum: 	25000	 MissingNum: 	0	 43061.89999996438	 265806	 2	 Protocol_Missing: 25000	 0.0	 
50000	500	49500	 sysNum: 	25000	 MissingNum: 	0	 43273.91249996502	 267492	 2	 Protocol_Missing: 25000	 0.0	 
50000	1000	49000	 sysNum: 	25000	 MissingNum: 	0	 43004.99583329765	 265917	 2	 Protocol_Missing: 25000	 0.0	 
50000	1500	48500	 sysNum: 	25000	 MissingNum: 	0	 42842.36249996385	 264428	 2	 Protocol_Missing: 25000	 0.0	 
50000	2000	48000	 sysNum: 	25000	 MissingNum: 	0	 42971.62916663079	 265693	 2	 Protocol_Missing: 25000	 0.0	 
50000	2500	47500	 sysNum: 	25000	 MissingNum: 	0	 42960.95416663083	 265709	 2	 Protocol_Missing: 25000	 0.0	 
50000	3000	47000	 sysNum: 	25000	 MissingNum: 	0	 43009.72083329758	 265885	 2	 Protocol_Missing: 25000	 0.0	 
50000	3499	46501	 sysNum: 	24999	 MissingNum: 	0	 42886.54999996389	 264826	 2	 Protocol_Missing: 25001	 0.0	 
50000	4000	46000	 sysNum: 	25000	 MissingNum: 	0	 42947.33333329743	 265312	 2	 Protocol_Missing: 25000	 0.0	 
50000	4500	45500	 sysNum: 	25000	 MissingNum: 	0	 42992.9208332976	 265702	 2	 Protocol_Missing: 25000	 0.0	 
50000	500	49500	 sysNum: 	25000	 MissingNum: 	0	 43089.57916663116	 266243	 2	 Protocol_Missing: 25000	 0.0	 
50000	1000	49000	 sysNum: 	25000	 MissingNum: 	0	 43047.81249996437	 266477	 2	 Protocol_Missing: 25000	 0.0	 
50000	1500	48500	 sysNum: 	25000	 MissingNum: 	0	 43191.60416663145	 266880	 2	 Protocol_Missing: 25000	 0.0	 
50000	2000	48000	 sysNum: 	25000	 MissingNum: 	0	 42884.79999996396	 264975	 2	 Protocol_Missing: 25000	 0.0	 
50000	2500	47500	 sysNum: 	25000	 MissingNum: 	0	 42943.39583329745	 265073	 2	 Protocol_Missing: 25000	 0.0	 
50000	3000	47000	 sysNum: 	25000	 MissingNum: 	0	 43100.95416663115	 266339	 2	 Protocol_Missing: 25000	 0.0	 
50000	3499	46501	 sysNum: 	24999	 MissingNum: 	0	 42954.245833297406	 265394	 2	 Protocol_Missing: 25001	 0.0	 
50000	4000	46000	 sysNum: 	25000	 MissingNum: 	0	 42971.83333329756	 265584	 2	 Protocol_Missing: 25000	 0.0	 
50000	4500	45500	 sysNum: 	25000	 MissingNum: 	0	 43134.029166631306	 266538	 2	 Protocol_Missing: 25000	 0.0	 
50000	500	49500	 sysNum: 	25000	 MissingNum: 	0	 43233.254166631494	 267266	 2	 Protocol_Missing: 25000	 0.0	 
50000	1000	49000	 sysNum: 	25000	 MissingNum: 	0	 43079.895833297836	 266620	 2	 Protocol_Missing: 25000	 0.0	 
50000	1500	48500	 sysNum: 	25000	 MissingNum: 	0	 43033.520833297596	 265727	 2	 Protocol_Missing: 25000	 0.0	 
50000	2000	48000	 sysNum: 	25000	 MissingNum: 	0	 43052.070833297694	 266346	 2	 Protocol_Missing: 25000	 0.0	 
50000	2500	47500	 sysNum: 	25000	 MissingNum: 	0	 42668.937499963344	 263359	 2	 Protocol_Missing: 25000	 0.0	 
50000	3000	47000	 sysNum: 	25000	 MissingNum: 	0	 42955.84999996406	 265138	 2	 Protocol_Missing: 25000	 0.0	 
50000	3499	46501	 sysNum: 	24999	 MissingNum: 	0	 43002.4291666309	 266152	 2	 Protocol_Missing: 25001	 0.0	 
50000	4000	46000	 sysNum: 	25000	 MissingNum: 	0	 42951.649999964015	 265640	 2	 Protocol_Missing: 25000	 0.0	 
50000	4500	45500	 sysNum: 	25000	 MissingNum: 	0	 42861.67083329709	 264716	 2	 Protocol_Missing: 25000	 0.0	 
50000	500	49500	 sysNum: 	25000	 MissingNum: 	0	 42910.61249996403	 265139	 2	 Protocol_Missing: 25000	 0.0	 
50000	1000	49000	 sysNum: 	25000	 MissingNum: 	0	 42788.37499996374	 264462	 2	 Protocol_Missing: 25000	 0.0	 
50000	1500	48500	 sysNum: 	25000	 MissingNum: 	0	 43063.64999996439	 266291	 2	 Protocol_Missing: 25000	 0.0	 
50000	2000	48000	 sysNum: 	25000	 MissingNum: 	0	 43071.05833329772	 266273	 2	 Protocol_Missing: 25000	 0.0	 
50000	2500	47500	 sysNum: 	25000	 MissingNum: 	0	 43069.86249996434	 266599	 2	 Protocol_Missing: 25000	 0.0	 
50000	3000	47000	 sysNum: 	25000	 MissingNum: 	0	 43006.45416663088	 265729	 2	 Protocol_Missing: 25000	 0.0	 
50000	3499	46501	 sysNum: 	24999	 MissingNum: 	0	 42770.58333329691	 264571	 2	 Protocol_Missing: 25001	 0.0	 
50000	4000	46000	 sysNum: 	25000	 MissingNum: 	0	 42886.31666663055	 265061	 2	 Protocol_Missing: 25000	 0.0	 
50000	4500	45500	 sysNum: 	25000	 MissingNum: 	0	 42933.09999996405	 265628	 2	 Protocol_Missing: 25000	 0.0	 
50000	500	49500	 sysNum: 	25000	 MissingNum: 	0	 42773.645833296956	 264258	 2	 Protocol_Missing: 25000	 0.0	 
50000	1000	49000	 sysNum: 	25000	 MissingNum: 	0	 42959.174999964096	 265133	 2	 Protocol_Missing: 25000	 0.0	 
50000	1500	48500	 sysNum: 	25000	 MissingNum: 	0	 42956.54999996414	 265271	 2	 Protocol_Missing: 25000	 0.0	 
50000	2000	48000	 sysNum: 	25000	 MissingNum: 	0	 42867.824999963836	 264806	 2	 Protocol_Missing: 25000	 0.0	 
50000	2500	47500	 sysNum: 	25000	 MissingNum: 	0	 43143.12916663132	 266833	 2	 Protocol_Missing: 25000	 0.0	 
50000	3000	47000	 sysNum: 	25000	 MissingNum: 	0	 42837.95833329718	 264552	 2	 Protocol_Missing: 25000	 0.0	 
50000	3499	46501	 sysNum: 	24999	 MissingNum: 	0	 43064.729166630954	 266151	 2	 Protocol_Missing: 25001	 0.0	 
50000	4000	46000	 sysNum: 	25000	 MissingNum: 	0	 43079.07916663108	 266429	 2	 Protocol_Missing: 25000	 0.0	 
50000	4500	45500	 sysNum: 	25000	 MissingNum: 	0	 43015.116666630944	 265827	 2	 Protocol_Missing: 25000	 0.0	 
50000	500	49500	 sysNum: 	25000	 MissingNum: 	0	 42958.27083329744	 265187	 2	 Protocol_Missing: 25000	 0.0	 
50000	1000	49000	 sysNum: 	25000	 MissingNum: 	0	 42851.43333329721	 264562	 2	 Protocol_Missing: 25000	 0.0	 
50000	1500	48500	 sysNum: 	25000	 MissingNum: 	0	 42869.89583329724	 264916	 2	 Protocol_Missing: 25000	 0.0	 
50000	2000	48000	 sysNum: 	25000	 MissingNum: 	0	 42997.44166663085	 265760	 2	 Protocol_Missing: 25000	 0.0	 
50000	2500	47500	 sysNum: 	25000	 MissingNum: 	0	 43031.56666663099	 266175	 2	 Protocol_Missing: 25000	 0.0	 
50000	3000	47000	 sysNum: 	25000	 MissingNum: 	0	 42879.95833329722	 264792	 2	 Protocol_Missing: 25000	 0.0	 
50000	3499	46501	 sysNum: 	24999	 MissingNum: 	0	 42887.39583329738	 264814	 2	 Protocol_Missing: 25001	 0.0	 
50000	4000	46000	 sysNum: 	25000	 MissingNum: 	0	 42921.929166630645	 265080	 2	 Protocol_Missing: 25000	 0.0	 
50000	4500	45500	 sysNum: 	25000	 MissingNum: 	0	 42863.79999996383	 264935	 2	 Protocol_Missing: 25000	 0.0	 
50000	500	49500	 sysNum: 	25000	 MissingNum: 	0	 42990.47083329751	 265538	 2	 Protocol_Missing: 25000	 0.0	 
50000	1000	49000	 sysNum: 	25000	 MissingNum: 	0	 42996.62499996422	 265856	 2	 Protocol_Missing: 25000	 0.0	 
50000	1500	48500	 sysNum: 	25000	 MissingNum: 	0	 43158.995833297966	 267003	 2	 Protocol_Missing: 25000	 0.0	 
50000	2000	48000	 sysNum: 	25000	 MissingNum: 	0	 42853.88333329714	 265127	 2	 Protocol_Missing: 25000	 0.0	 
50000	2500	47500	 sysNum: 	25000	 MissingNum: 	0	 43025.849999964295	 265986	 2	 Protocol_Missing: 25000	 0.0	 
50000	3000	47000	 sysNum: 	25000	 MissingNum: 	0	 43074.49999996452	 266576	 2	 Protocol_Missing: 25000	 0.0	 
50000	3499	46501	 sysNum: 	24999	 MissingNum: 	0	 42846.445833297104	 264753	 2	 Protocol_Missing: 25001	 0.0	 
50000	4000	46000	 sysNum: 	25000	 MissingNum: 	0	 42900.78333329729	 264695	 2	 Protocol_Missing: 25000	 0.0	 
50000	4500	45500	 sysNum: 	25000	 MissingNum: 	0	 43021.00833329768	 265978	 2	 Protocol_Missing: 25000	 0.0	 
50000	500	49500	 sysNum: 	25000	 MissingNum: 	0	 43033.199999964294	 265903	 2	 Protocol_Missing: 25000	 0.0	 
50000	1000	49000	 sysNum: 	25000	 MissingNum: 	0	 42827.89583329706	 264423	 2	 Protocol_Missing: 25000	 0.0	 
50000	1500	48500	 sysNum: 	25000	 MissingNum: 	0	 43090.77499996449	 266580	 2	 Protocol_Missing: 25000	 0.0	 
50000	2000	48000	 sysNum: 	25000	 MissingNum: 	0	 42966.320833297475	 265543	 2	 Protocol_Missing: 25000	 0.0	 
50000	2500	47500	 sysNum: 	25000	 MissingNum: 	0	 43066.8583332978	 266275	 2	 Protocol_Missing: 25000	 0.0	 
50000	3000	47000	 sysNum: 	25000	 MissingNum: 	0	 43201.870833298126	 267419	 2	 Protocol_Missing: 25000	 0.0	 
50000	3499	46501	 sysNum: 	24999	 MissingNum: 	0	 42759.208333296905	 263972	 2	 Protocol_Missing: 25001	 0.0	 
50000	4000	46000	 sysNum: 	25000	 MissingNum: 	0	 42883.86666663056	 265016	 2	 Protocol_Missing: 25000	 0.0	 
50000	4500	45500	 sysNum: 	25000	 MissingNum: 	0	 43246.058333298184	 267836	 2	 Protocol_Missing: 25000	 0.0	 
50000	500	49500	 sysNum: 	25000	 MissingNum: 	0	 43014.99999996426	 266265	 2	 Protocol_Missing: 25000	 0.0	 
50000	1000	49000	 sysNum: 	25000	 MissingNum: 	0	 42505.63333329621	 261920	 2	 Protocol_Missing: 25000	 0.0	 
50000	1500	48500	 sysNum: 	25000	 MissingNum: 	0	 42895.03749996394	 265127	 2	 Protocol_Missing: 25000	 0.0	 
50000	2000	48000	 sysNum: 	25000	 MissingNum: 	0	 42886.66666663065	 264624	 2	 Protocol_Missing: 25000	 0.0	 
50000	2500	47500	 sysNum: 	25000	 MissingNum: 	0	 42844.72499996379	 264881	 2	 Protocol_Missing: 25000	 0.0	 
50000	3000	47000	 sysNum: 	25000	 MissingNum: 	0	 42855.9833332972	 264949	 2	 Protocol_Missing: 25000	 0.0	 
50000	3499	46501	 sysNum: 	24999	 MissingNum: 	0	 43335.57083329836	 267908	 2	 Protocol_Missing: 25001	 0.0	 
50000	4000	46000	 sysNum: 	25000	 MissingNum: 	0	 42927.67499996394	 265515	 2	 Protocol_Missing: 25000	 0.0	 
50000	4500	45500	 sysNum: 	25000	 MissingNum: 	0	 42771.22499996369	 264083	 2	 Protocol_Missing: 25000	 0.0	 
50000	500	49500	 sysNum: 	25000	 MissingNum: 	0	 42833.67083329711	 264497	 2	 Protocol_Missing: 25000	 0.0	 
50000	1000	49000	 sysNum: 	25000	 MissingNum: 	0	 42879.637499963865	 264691	 2	 Protocol_Missing: 25000	 0.0	 
50000	1500	48500	 sysNum: 	25000	 MissingNum: 	0	 43276.887499965065	 267878	 2	 Protocol_Missing: 25000	 0.0	 
50000	2000	48000	 sysNum: 	25000	 MissingNum: 	0	 43085.84583329775	 266263	 2	 Protocol_Missing: 25000	 0.0	 
50000	2500	47500	 sysNum: 	25000	 MissingNum: 	0	 43117.5208332979	 266732	 2	 Protocol_Missing: 25000	 0.0	 
50000	3000	47000	 sysNum: 	25000	 MissingNum: 	0	 43013.42499996423	 266053	 2	 Protocol_Missing: 25000	 0.0	 
50000	3499	46501	 sysNum: 	24999	 MissingNum: 	0	 42890.31249996402	 264965	 2	 Protocol_Missing: 25001	 0.0	 
50000	4000	46000	 sysNum: 	25000	 MissingNum: 	0	 43191.079166631454	 267056	 2	 Protocol_Missing: 25000	 0.0	 
50000	4500	45500	 sysNum: 	25000	 MissingNum: 	0	 43024.62499996432	 266046	 2	 Protocol_Missing: 25000	 0.0	 
50000	500	49500	 sysNum: 	25000	 MissingNum: 	0	 43074.587499964364	 266455	 2	 Protocol_Missing: 25000	 0.0	 
50000	1000	49000	 sysNum: 	25000	 MissingNum: 	0	 43047.812499964406	 266088	 2	 Protocol_Missing: 25000	 0.0	 
50000	1500	48500	 sysNum: 	25000	 MissingNum: 	0	 42727.679166630085	 263838	 2	 Protocol_Missing: 25000	 0.0	 
50000	2000	48000	 sysNum: 	25000	 MissingNum: 	0	 43033.43333329767	 266037	 2	 Protocol_Missing: 25000	 0.0	 
50000	2500	47500	 sysNum: 	25000	 MissingNum: 	0	 42796.5124999636	 264175	 2	 Protocol_Missing: 25000	 0.0	 
50000	3000	47000	 sysNum: 	25000	 MissingNum: 	0	 42989.04166663093	 265834	 2	 Protocol_Missing: 25000	 0.0	 
50000	3499	46501	 sysNum: 	24999	 MissingNum: 	0	 42952.495833297515	 265555	 2	 Protocol_Missing: 25001	 0.0	 
50000	4000	46000	 sysNum: 	25000	 MissingNum: 	0	 42876.633333297264	 265142	 2	 Protocol_Missing: 25000	 0.0	 
50000	4500	45500	 sysNum: 	25000	 MissingNum: 	0	 43045.42083329771	 265829	 2	 Protocol_Missing: 25000	 0.0	 
50000	500	49500	 sysNum: 	25000	 MissingNum: 	0	 43102.17916663128	 266422	 2	 Protocol_Missing: 25000	 0.0	 
50000	1000	49000	 sysNum: 	25000	 MissingNum: 	0	 43098.29999996455	 266537	 2	 Protocol_Missing: 25000	 0.0	 
50000	1500	48500	 sysNum: 	25000	 MissingNum: 	0	 42906.8791666307	 265159	 2	 Protocol_Missing: 25000	 0.0	 
50000	2000	48000	 sysNum: 	25000	 MissingNum: 	0	 42893.841666630564	 265064	 2	 Protocol_Missing: 25000	 0.0	 
50000	2500	47500	 sysNum: 	25000	 MissingNum: 	0	 42888.329166630596	 265089	 2	 Protocol_Missing: 25000	 0.0	 
50000	3000	47000	 sysNum: 	25000	 MissingNum: 	0	 43087.858333297794	 266327	 2	 Protocol_Missing: 25000	 0.0	 
50000	3499	46501	 sysNum: 	24999	 MissingNum: 	0	 42808.55833329697	 264486	 2	 Protocol_Missing: 25001	 0.0	 
50000	4000	46000	 sysNum: 	25000	 MissingNum: 	0	 43104.51249996448	 266422	 2	 Protocol_Missing: 25000	 0.0	 
50000	4500	45500	 sysNum: 	25000	 MissingNum: 	0	 43226.77916663165	 267394	 2	 Protocol_Missing: 25000	 0.0	 
50000	500	49500	 sysNum: 	25000	 MissingNum: 	0	 42767.66666663031	 263871	 2	 Protocol_Missing: 25000	 0.0	 
50000	1000	49000	 sysNum: 	25000	 MissingNum: 	0	 42878.47083329721	 264872	 2	 Protocol_Missing: 25000	 0.0	 
50000	1500	48500	 sysNum: 	25000	 MissingNum: 	0	 42809.92916663045	 264312	 2	 Protocol_Missing: 25000	 0.0	 
50000	2000	48000	 sysNum: 	25000	 MissingNum: 	0	 43065.22499996436	 265886	 2	 Protocol_Missing: 25000	 0.0	 
50000	2500	47500	 sysNum: 	25000	 MissingNum: 	0	 42955.87916663086	 265309	 2	 Protocol_Missing: 25000	 0.0	 
50000	3000	47000	 sysNum: 	25000	 MissingNum: 	0	 42731.499999963526	 263962	 2	 Protocol_Missing: 25000	 0.0	 
50000	3499	46501	 sysNum: 	24999	 MissingNum: 	0	 42899.49999996394	 265008	 2	 Protocol_Missing: 25001	 0.0	 
50000	4000	46000	 sysNum: 	25000	 MissingNum: 	0	 42941.90833329736	 265721	 2	 Protocol_Missing: 25000	 0.0	 
50000	4500	45500	 sysNum: 	25000	 MissingNum: 	0	 43117.92916663131	 266671	 2	 Protocol_Missing: 25000	 0.0	 
50000	500	49500	 sysNum: 	25000	 MissingNum: 	0	 42986.53333329745	 265568	 2	 Protocol_Missing: 25000	 0.0	 
50000	1000	49000	 sysNum: 	25000	 MissingNum: 	0	 42850.03333329709	 264689	 2	 Protocol_Missing: 25000	 0.0	 
50000	1500	48500	 sysNum: 	25000	 MissingNum: 	0	 43022.69999996414	 265790	 2	 Protocol_Missing: 25000	 0.0	 
50000	2000	48000	 sysNum: 	25000	 MissingNum: 	0	 42590.18749996318	 262913	 2	 Protocol_Missing: 25000	 0.0	 
50000	2500	47500	 sysNum: 	25000	 MissingNum: 	0	 43144.14999996462	 266460	 2	 Protocol_Missing: 25000	 0.0	 
50000	3000	47000	 sysNum: 	25000	 MissingNum: 	0	 42884.79999996389	 264822	 2	 Protocol_Missing: 25000	 0.0	 
50000	3499	46501	 sysNum: 	24999	 MissingNum: 	0	 43103.608333297874	 266204	 2	 Protocol_Missing: 25001	 0.0	 
50000	4000	46000	 sysNum: 	25000	 MissingNum: 	0	 42862.89583329716	 264831	 2	 Protocol_Missing: 25000	 0.0	 
50000	4500	45500	 sysNum: 	25000	 MissingNum: 	0	 42891.391666630545	 264737	 2	 Protocol_Missing: 25000	 0.0	 
50000	500	49500	 sysNum: 	25000	 MissingNum: 	0	 42706.445833296755	 263348	 2	 Protocol_Missing: 25000	 0.0	 
50000	1000	49000	 sysNum: 	25000	 MissingNum: 	0	 42965.67916663089	 265463	 2	 Protocol_Missing: 25000	 0.0	 
50000	1500	48500	 sysNum: 	25000	 MissingNum: 	0	 42997.64583329758	 265558	 2	 Protocol_Missing: 25000	 0.0	 
50000	2000	48000	 sysNum: 	25000	 MissingNum: 	0	 43112.708333297946	 266737	 2	 Protocol_Missing: 25000	 0.0	 
50000	2500	47500	 sysNum: 	25000	 MissingNum: 	0	 42865.63749996379	 264845	 2	 Protocol_Missing: 25000	 0.0	 
50000	3000	47000	 sysNum: 	25000	 MissingNum: 	0	 43138.258333297905	 266338	 2	 Protocol_Missing: 25000	 0.0	 
50000	3499	46501	 sysNum: 	24999	 MissingNum: 	0	 42860.85416663054	 264878	 2	 Protocol_Missing: 25001	 0.0	 
50000	4000	46000	 sysNum: 	25000	 MissingNum: 	0	 42788.43333329702	 263908	 2	 Protocol_Missing: 25000	 0.0	 
50000	4500	45500	 sysNum: 	25000	 MissingNum: 	0	 43138.98749996464	 267009	 2	 Protocol_Missing: 25000	 0.0	 
50000	500	49500	 sysNum: 	25000	 MissingNum: 	0	 42879.22916663051	 264920	 2	 Protocol_Missing: 25000	 0.0	 
50000	1000	49000	 sysNum: 	25000	 MissingNum: 	0	 43125.54166663123	 266502	 2	 Protocol_Missing: 25000	 0.0	 
50000	1500	48500	 sysNum: 	25000	 MissingNum: 	0	 43077.24166663107	 266422	 2	 Protocol_Missing: 25000	 0.0	 
50000	2000	48000	 sysNum: 	25000	 MissingNum: 	0	 42886.608333297256	 264935	 2	 Protocol_Missing: 25000	 0.0	 
50000	2500	47500	 sysNum: 	25000	 MissingNum: 	0	 42929.833333297385	 265137	 2	 Protocol_Missing: 25000	 0.0	 
50000	3000	47000	 sysNum: 	25000	 MissingNum: 	0	 42935.60833329738	 265510	 2	 Protocol_Missing: 25000	 0.0	 
50000	3499	46501	 sysNum: 	24999	 MissingNum: 	0	 43007.67916663083	 265742	 2	 Protocol_Missing: 25001	 0.0	 
50000	4000	46000	 sysNum: 	25000	 MissingNum: 	0	 42996.21666663089	 265446	 2	 Protocol_Missing: 25000	 0.0	 
50000	4500	45500	 sysNum: 	25000	 MissingNum: 	0	 43191.283333297986	 267002	 2	 Protocol_Missing: 25000	 0.0	 
50000	500	49500	 sysNum: 	25000	 MissingNum: 	0	 42940.68333329743	 265349	 2	 Protocol_Missing: 25000	 0.0	 
50000	1000	49000	 sysNum: 	25000	 MissingNum: 	0	 43090.65833329776	 266571	 2	 Protocol_Missing: 25000	 0.0	 
50000	1500	48500	 sysNum: 	25000	 MissingNum: 	0	 42956.024999964146	 265280	 2	 Protocol_Missing: 25000	 0.0	 
50000	2000	48000	 sysNum: 	25000	 MissingNum: 	0	 43107.31249996456	 266557	 2	 Protocol_Missing: 25000	 0.0	 
50000	2500	47500	 sysNum: 	25000	 MissingNum: 	0	 42883.07916663051	 264649	 2	 Protocol_Missing: 25000	 0.0	 
50000	3000	47000	 sysNum: 	25000	 MissingNum: 	0	 43212.54583329814	 266998	 2	 Protocol_Missing: 25000	 0.0	 
50000	3499	46501	 sysNum: 	24999	 MissingNum: 	0	 43156.60416663122	 266831	 2	 Protocol_Missing: 25001	 0.0	 
50000	4000	46000	 sysNum: 	25000	 MissingNum: 	0	 43034.745833297704	 266330	 2	 Protocol_Missing: 25000	 0.0	 
50000	4500	45500	 sysNum: 	25000	 MissingNum: 	0	 43048.74583329772	 266011	 2	 Protocol_Missing: 25000	 0.0	 
50000	500	49500	 sysNum: 	25000	 MissingNum: 	0	 43020.71666663106	 266058	 2	 Protocol_Missing: 25000	 0.0	 
50000	1000	49000	 sysNum: 	25000	 MissingNum: 	0	 43107.983333297874	 266626	 2	 Protocol_Missing: 25000	 0.0	 
50000	1500	48500	 sysNum: 	25000	 MissingNum: 	0	 42814.79999996368	 264722	 2	 Protocol_Missing: 25000	 0.0	 
50000	2000	48000	 sysNum: 	25000	 MissingNum: 	0	 42977.14166663082	 265523	 2	 Protocol_Missing: 25000	 0.0	 
50000	2500	47500	 sysNum: 	25000	 MissingNum: 	0	 43060.58749996435	 266106	 2	 Protocol_Missing: 25000	 0.0	 
50000	3000	47000	 sysNum: 	25000	 MissingNum: 	0	 42874.18333329719	 264888	 2	 Protocol_Missing: 25000	 0.0	 
50000	3499	46501	 sysNum: 	24999	 MissingNum: 	0	 43018.12083329757	 266129	 2	 Protocol_Missing: 25001	 0.0	 
50000	4000	46000	 sysNum: 	25000	 MissingNum: 	0	 43182.99999996472	 267197	 2	 Protocol_Missing: 25000	 0.0	 
50000	4500	45500	 sysNum: 	25000	 MissingNum: 	0	 42952.93333329738	 265232	 2	 Protocol_Missing: 25000	 0.0	 
50000	500	49500	 sysNum: 	25000	 MissingNum: 	0	 42849.79999996384	 264703	 2	 Protocol_Missing: 25000	 0.0	 
50000	1000	49000	 sysNum: 	25000	 MissingNum: 	0	 42901.279166630666	 265239	 2	 Protocol_Missing: 25000	 0.0	 
50000	1500	48500	 sysNum: 	25000	 MissingNum: 	0	 42934.062499964064	 265423	 2	 Protocol_Missing: 25000	 0.0	 
50000	2000	48000	 sysNum: 	25000	 MissingNum: 	0	 43052.42083329776	 266273	 2	 Protocol_Missing: 25000	 0.0	 
50000	2500	47500	 sysNum: 	25000	 MissingNum: 	0	 43149.80833329798	 266586	 2	 Protocol_Missing: 25000	 0.0	 
50000	3000	47000	 sysNum: 	25000	 MissingNum: 	0	 42951.06666663081	 265705	 2	 Protocol_Missing: 25000	 0.0	 
50000	3499	46501	 sysNum: 	24999	 MissingNum: 	0	 42861.32083329713	 264430	 2	 Protocol_Missing: 25001	 0.0	 
50000	4000	46000	 sysNum: 	25000	 MissingNum: 	0	 42913.61666663064	 265062	 2	 Protocol_Missing: 25000	 0.0	 
50000	4500	45500	 sysNum: 	25000	 MissingNum: 	0	 43042.824999964374	 266109	 2	 Protocol_Missing: 25000	 0.0	 
50000	500	49500	 sysNum: 	25000	 MissingNum: 	0	 43195.68749996483	 267314	 2	 Protocol_Missing: 25000	 0.0	 
50000	1000	49000	 sysNum: 	25000	 MissingNum: 	0	 42656.10416662997	 263072	 2	 Protocol_Missing: 25000	 0.0	 
50000	1500	48500	 sysNum: 	25000	 MissingNum: 	0	 43041.016666630996	 265882	 2	 Protocol_Missing: 25000	 0.0	 
50000	2000	48000	 sysNum: 	25000	 MissingNum: 	0	 43081.12083329779	 266356	 2	 Protocol_Missing: 25000	 0.0	 
50000	2500	47500	 sysNum: 	25000	 MissingNum: 	0	 42932.808333297384	 265125	 2	 Protocol_Missing: 25000	 0.0	 
50000	3000	47000	 sysNum: 	25000	 MissingNum: 	0	 42845.891666630516	 264593	 2	 Protocol_Missing: 25000	 0.0	 
50000	3499	46501	 sysNum: 	24999	 MissingNum: 	0	 42804.562499963686	 264359	 2	 Protocol_Missing: 25001	 0.0	 
50000	4000	46000	 sysNum: 	25000	 MissingNum: 	0	 42862.662499963844	 264651	 2	 Protocol_Missing: 25000	 0.0	 
50000	4500	45500	 sysNum: 	25000	 MissingNum: 	0	 42964.0749999642	 265216	 2	 Protocol_Missing: 25000	 0.0	 
50000	500	49500	 sysNum: 	25000	 MissingNum: 	0	 43088.004166631064	 266305	 2	 Protocol_Missing: 25000	 0.0	 
50000	1000	49000	 sysNum: 	25000	 MissingNum: 	0	 42995.57499996418	 265718	 2	 Protocol_Missing: 25000	 0.0	 
50000	1500	48500	 sysNum: 	25000	 MissingNum: 	0	 43003.82916663093	 265695	 2	 Protocol_Missing: 25000	 0.0	 
50000	2000	48000	 sysNum: 	25000	 MissingNum: 	0	 43088.383333297774	 266639	 2	 Protocol_Missing: 25000	 0.0	 
50000	2500	47500	 sysNum: 	25000	 MissingNum: 	0	 42963.34583329747	 265558	 2	 Protocol_Missing: 25000	 0.0	 
50000	3000	47000	 sysNum: 	25000	 MissingNum: 	0	 43015.90416663096	 266177	 2	 Protocol_Missing: 25000	 0.0	 
50000	3499	46501	 sysNum: 	24999	 MissingNum: 	0	 42802.170833297045	 264408	 2	 Protocol_Missing: 25001	 0.0	 
50000	4000	46000	 sysNum: 	25000	 MissingNum: 	0	 42940.91666663065	 265228	 2	 Protocol_Missing: 25000	 0.0	 
50000	4500	45500	 sysNum: 	25000	 MissingNum: 	0	 43050.78749996441	 266404	 2	 Protocol_Missing: 25000	 0.0	 
50000	500	49500	 sysNum: 	25000	 MissingNum: 	0	 42813.9249999637	 264335	 2	 Protocol_Missing: 25000	 0.0	 
50000	1000	49000	 sysNum: 	25000	 MissingNum: 	0	 42904.22499996398	 264932	 2	 Protocol_Missing: 25000	 0.0	 
50000	1500	48500	 sysNum: 	25000	 MissingNum: 	0	 42884.624999963904	 265122	 2	 Protocol_Missing: 25000	 0.0	 
50000	2000	48000	 sysNum: 	25000	 MissingNum: 	0	 43159.34583329795	 267017	 2	 Protocol_Missing: 25000	 0.0	 
50000	2500	47500	 sysNum: 	25000	 MissingNum: 	0	 43079.60416663115	 266826	 2	 Protocol_Missing: 25000	 0.0	 
50000	3000	47000	 sysNum: 	25000	 MissingNum: 	0	 42859.833333297174	 264714	 2	 Protocol_Missing: 25000	 0.0	 
50000	3499	46501	 sysNum: 	24999	 MissingNum: 	0	 42990.87916663088	 265841	 2	 Protocol_Missing: 25001	 0.0	 
50000	4000	46000	 sysNum: 	25000	 MissingNum: 	0	 42923.50416663071	 265071	 2	 Protocol_Missing: 25000	 0.0	 
50000	4500	45500	 sysNum: 	25000	 MissingNum: 	0	 42872.11249996386	 265072	 2	 Protocol_Missing: 25000	 0.0	 
50000	500	49500	 sysNum: 	25000	 MissingNum: 	0	 42973.61249996421	 265601	 2	 Protocol_Missing: 25000	 0.0	 
50000	1000	49000	 sysNum: 	25000	 MissingNum: 	0	 43134.64166663125	 266680	 2	 Protocol_Missing: 25000	 0.0	 
50000	1500	48500	 sysNum: 	25000	 MissingNum: 	0	 43219.895833298215	 267629	 2	 Protocol_Missing: 25000	 0.0	 
50000	2000	48000	 sysNum: 	25000	 MissingNum: 	0	 42899.733333297234	 265108	 2	 Protocol_Missing: 25000	 0.0	 
50000	2500	47500	 sysNum: 	25000	 MissingNum: 	0	 43221.67499996486	 267396	 2	 Protocol_Missing: 25000	 0.0	 
50000	3000	47000	 sysNum: 	25000	 MissingNum: 	0	 42773.499999963664	 264263	 2	 Protocol_Missing: 25000	 0.0	 
50000	3499	46501	 sysNum: 	24999	 MissingNum: 	0	 42993.416666630816	 265843	 2	 Protocol_Missing: 25001	 0.0	 
50000	4000	46000	 sysNum: 	25000	 MissingNum: 	0	 42835.04166663043	 264379	 2	 Protocol_Missing: 25000	 0.0	 
50000	4500	45500	 sysNum: 	25000	 MissingNum: 	0	 42960.16666663082	 265422	 2	 Protocol_Missing: 25000	 0.0	 
50000	500	49500	 sysNum: 	25000	 MissingNum: 	0	 43084.620833297784	 266165	 2	 Protocol_Missing: 25000	 0.0	 
50000	1000	49000	 sysNum: 	25000	 MissingNum: 	0	 43135.74999996461	 266691	 2	 Protocol_Missing: 25000	 0.0	 
50000	1500	48500	 sysNum: 	25000	 MissingNum: 	0	 42838.22083329713	 264896	 2	 Protocol_Missing: 25000	 0.0	 
50000	2000	48000	 sysNum: 	25000	 MissingNum: 	0	 42963.25833329749	 265545	 2	 Protocol_Missing: 25000	 0.0	 
50000	2500	47500	 sysNum: 	25000	 MissingNum: 	0	 43036.52499996437	 265859	 2	 Protocol_Missing: 25000	 0.0	 
50000	3000	47000	 sysNum: 	25000	 MissingNum: 	0	 43000.7958332975	 265982	 2	 Protocol_Missing: 25000	 0.0	 
50000	3499	46501	 sysNum: 	24999	 MissingNum: 	0	 42900.9583332973	 264934	 2	 Protocol_Missing: 25001	 0.0	 
50000	4000	46000	 sysNum: 	25000	 MissingNum: 	0	 42927.84999996404	 265419	 2	 Protocol_Missing: 25000	 0.0	 
50000	4500	45500	 sysNum: 	25000	 MissingNum: 	0	 43046.90833329767	 266040	 2	 Protocol_Missing: 25000	 0.0	 
50000	500	49500	 sysNum: 	25000	 MissingNum: 	0	 43002.42916663086	 265778	 2	 Protocol_Missing: 25000	 0.0	 
50000	1000	49000	 sysNum: 	25000	 MissingNum: 	0	 42936.0458332974	 265236	 2	 Protocol_Missing: 25000	 0.0	 
50000	1500	48500	 sysNum: 	25000	 MissingNum: 	0	 42952.29166663077	 265339	 2	 Protocol_Missing: 25000	 0.0	 
50000	2000	48000	 sysNum: 	25000	 MissingNum: 	0	 42700.524999963425	 263677	 2	 Protocol_Missing: 25000	 0.0	 
50000	2500	47500	 sysNum: 	25000	 MissingNum: 	0	 43074.93749996441	 266195	 2	 Protocol_Missing: 25000	 0.0	 
50000	3000	47000	 sysNum: 	25000	 MissingNum: 	0	 43046.1499999644	 265837	 2	 Protocol_Missing: 25000	 0.0	 
50000	3499	46501	 sysNum: 	24999	 MissingNum: 	0	 42710.67499996343	 263629	 2	 Protocol_Missing: 25001	 0.0	 
50000	4000	46000	 sysNum: 	25000	 MissingNum: 	0	 42904.83749996395	 265310	 2	 Protocol_Missing: 25000	 0.0	 
50000	4500	45500	 sysNum: 	25000	 MissingNum: 	0	 42995.95416663089	 265629	 2	 Protocol_Missing: 25000	 0.0	 
50000	500	49500	 sysNum: 	25000	 MissingNum: 	0	 42773.9083332969	 264085	 2	 Protocol_Missing: 25000	 0.0	 
50000	1000	49000	 sysNum: 	25000	 MissingNum: 	0	 42973.02916663085	 265795	 2	 Protocol_Missing: 25000	 0.0	 
50000	1500	48500	 sysNum: 	25000	 MissingNum: 	0	 43080.070833297774	 266252	 2	 Protocol_Missing: 25000	 0.0	 
50000	2000	48000	 sysNum: 	25000	 MissingNum: 	0	 42928.024999964	 265211	 2	 Protocol_Missing: 25000	 0.0	 
50000	2500	47500	 sysNum: 	25000	 MissingNum: 	0	 42883.13749996392	 264996	 2	 Protocol_Missing: 25000	 0.0	 
50000	3000	47000	 sysNum: 	25000	 MissingNum: 	0	 42949.05416663077	 265313	 2	 Protocol_Missing: 25000	 0.0	 
50000	3499	46501	 sysNum: 	24999	 MissingNum: 	0	 43105.44583329782	 266296	 2	 Protocol_Missing: 25001	 0.0	 
50000	4000	46000	 sysNum: 	25000	 MissingNum: 	0	 42719.483333296754	 263348	 2	 Protocol_Missing: 25000	 0.0	 
50000	4500	45500	 sysNum: 	25000	 MissingNum: 	0	 42885.1208332973	 264804	 2	 Protocol_Missing: 25000	 0.0	 
50000	500	49500	 sysNum: 	25000	 MissingNum: 	0	 43091.32916663116	 266043	 2	 Protocol_Missing: 25000	 0.0	 
50000	1000	49000	 sysNum: 	25000	 MissingNum: 	0	 42853.06666663047	 264623	 2	 Protocol_Missing: 25000	 0.0	 
50000	1500	48500	 sysNum: 	25000	 MissingNum: 	0	 43000.941666630955	 265579	 2	 Protocol_Missing: 25000	 0.0	 
50000	2000	48000	 sysNum: 	25000	 MissingNum: 	0	 42775.42499996368	 264195	 2	 Protocol_Missing: 25000	 0.0	 
50000	2500	47500	 sysNum: 	25000	 MissingNum: 	0	 43195.89166663145	 266942	 2	 Protocol_Missing: 25000	 0.0	 
50000	3000	47000	 sysNum: 	25000	 MissingNum: 	0	 43027.5124999643	 265567	 2	 Protocol_Missing: 25000	 0.0	 
50000	3499	46501	 sysNum: 	24999	 MissingNum: 	0	 42941.17916663078	 265162	 2	 Protocol_Missing: 25001	 0.0	 
50000	4000	46000	 sysNum: 	25000	 MissingNum: 	0	 43074.44166663116	 266292	 2	 Protocol_Missing: 25000	 0.0	 
50000	4500	45500	 sysNum: 	25000	 MissingNum: 	0	 42997.70416663083	 265764	 2	 Protocol_Missing: 25000	 0.0	 
50000	500	49500	 sysNum: 	25000	 MissingNum: 	0	 43188.16249996468	 266791	 2	 Protocol_Missing: 25000	 0.0	 
50000	1000	49000	 sysNum: 	25000	 MissingNum: 	0	 43014.53333329759	 266084	 2	 Protocol_Missing: 25000	 0.0	 
50000	1500	48500	 sysNum: 	25000	 MissingNum: 	0	 43293.599999964914	 267788	 2	 Protocol_Missing: 25000	 0.0	 
50000	2000	48000	 sysNum: 	25000	 MissingNum: 	0	 43057.087499964415	 266331	 2	 Protocol_Missing: 25000	 0.0	 
50000	2500	47500	 sysNum: 	25000	 MissingNum: 	0	 43149.4291666313	 266731	 2	 Protocol_Missing: 25000	 0.0	 
50000	3000	47000	 sysNum: 	25000	 MissingNum: 	0	 43273.76666663165	 267669	 2	 Protocol_Missing: 25000	 0.0	 
50000	3499	46501	 sysNum: 	24999	 MissingNum: 	0	 42891.245833297355	 264924	 2	 Protocol_Missing: 25001	 0.0	 
50000	4000	46000	 sysNum: 	25000	 MissingNum: 	0	 42939.60416663079	 264977	 2	 Protocol_Missing: 25000	 0.0	 
50000	4500	45500	 sysNum: 	25000	 MissingNum: 	0	 42745.23749996356	 263901	 2	 Protocol_Missing: 25000	 0.0	 
50000	500	49500	 sysNum: 	25000	 MissingNum: 	0	 42935.141666630705	 265363	 2	 Protocol_Missing: 25000	 0.0	 
50000	1000	49000	 sysNum: 	25000	 MissingNum: 	0	 42990.17916663092	 265885	 2	 Protocol_Missing: 25000	 0.0	 
50000	1500	48500	 sysNum: 	25000	 MissingNum: 	0	 42819.49583329707	 264339	 2	 Protocol_Missing: 25000	 0.0	 
50000	2000	48000	 sysNum: 	25000	 MissingNum: 	0	 42781.81249996366	 264300	 2	 Protocol_Missing: 25000	 0.0	 
50000	2500	47500	 sysNum: 	25000	 MissingNum: 	0	 42778.633333296966	 264332	 2	 Protocol_Missing: 25000	 0.0	 
50000	3000	47000	 sysNum: 	25000	 MissingNum: 	0	 43226.195833298094	 267296	 2	 Protocol_Missing: 25000	 0.0	 
50000	3499	46501	 sysNum: 	24999	 MissingNum: 	0	 43089.69583329786	 266220	 2	 Protocol_Missing: 25001	 0.0	 
50000	4000	46000	 sysNum: 	25000	 MissingNum: 	0	 42897.02083329738	 264996	 2	 Protocol_Missing: 25000	 0.0	 
50000	4500	45500	 sysNum: 	25000	 MissingNum: 	0	 42893.75416663055	 264932	 2	 Protocol_Missing: 25000	 0.0	 
50000	500	49500	 sysNum: 	25000	 MissingNum: 	0	 42972.62083329758	 265638	 2	 Protocol_Missing: 25000	 0.0	 
50000	1000	49000	 sysNum: 	25000	 MissingNum: 	0	 42865.84166663051	 265100	 2	 Protocol_Missing: 25000	 0.0	 
50000	1500	48500	 sysNum: 	25000	 MissingNum: 	0	 42969.61666663083	 265593	 2	 Protocol_Missing: 25000	 0.0	 
50000	2000	48000	 sysNum: 	25000	 MissingNum: 	0	 42829.70416663037	 264458	 2	 Protocol_Missing: 25000	 0.0	 
50000	2500	47500	 sysNum: 	25000	 MissingNum: 	0	 43145.05416663127	 266848	 2	 Protocol_Missing: 25000	 0.0	 
50000	3000	47000	 sysNum: 	25000	 MissingNum: 	0	 43109.441666631195	 266868	 2	 Protocol_Missing: 25000	 0.0	 
50000	3499	46501	 sysNum: 	24999	 MissingNum: 	0	 43180.22916663135	 267262	 2	 Protocol_Missing: 25001	 0.0	 
50000	4000	46000	 sysNum: 	25000	 MissingNum: 	0	 42778.92499996367	 264189	 2	 Protocol_Missing: 25000	 0.0	 
50000	4500	45500	 sysNum: 	25000	 MissingNum: 	0	 43046.5583332977	 265800	 2	 Protocol_Missing: 25000	 0.0	 
50000	500	49500	 sysNum: 	25000	 MissingNum: 	0	 42893.024999963935	 264861	 2	 Protocol_Missing: 25000	 0.0	 
50000	1000	49000	 sysNum: 	25000	 MissingNum: 	0	 42972.18333329749	 265387	 2	 Protocol_Missing: 25000	 0.0	 
50000	1500	48500	 sysNum: 	25000	 MissingNum: 	0	 43011.26666663095	 265921	 2	 Protocol_Missing: 25000	 0.0	 
50000	2000	48000	 sysNum: 	25000	 MissingNum: 	0	 42857.79166663051	 264853	 2	 Protocol_Missing: 25000	 0.0	 
50000	2500	47500	 sysNum: 	25000	 MissingNum: 	0	 43004.76249996419	 265790	 2	 Protocol_Missing: 25000	 0.0	 
50000	3000	47000	 sysNum: 	25000	 MissingNum: 	0	 43016.545833297605	 265910	 2	 Protocol_Missing: 25000	 0.0	 
50000	3499	46501	 sysNum: 	24999	 MissingNum: 	0	 42775.774999963614	 264086	 2	 Protocol_Missing: 25001	 0.0	 
50000	4000	46000	 sysNum: 	25000	 MissingNum: 	0	 43231.47499996481	 266865	 2	 Protocol_Missing: 25000	 0.0	 
50000	4500	45500	 sysNum: 	25000	 MissingNum: 	0	 42847.670833297154	 264982	 2	 Protocol_Missing: 25000	 0.0	 
50000	500	49500	 sysNum: 	25000	 MissingNum: 	0	 42750.020833296876	 263963	 2	 Protocol_Missing: 25000	 0.0	 
50000	1000	49000	 sysNum: 	25000	 MissingNum: 	0	 43039.09166663103	 266508	 2	 Protocol_Missing: 25000	 0.0	 
50000	1500	48500	 sysNum: 	25000	 MissingNum: 	0	 42980.23333329749	 265850	 2	 Protocol_Missing: 25000	 0.0	 
50000	2000	48000	 sysNum: 	25000	 MissingNum: 	0	 42772.12916663028	 264099	 2	 Protocol_Missing: 25000	 0.0	 
50000	2500	47500	 sysNum: 	25000	 MissingNum: 	0	 43010.2458332976	 265740	 2	 Protocol_Missing: 25000	 0.0	 
50000	3000	47000	 sysNum: 	25000	 MissingNum: 	0	 43013.249999964115	 266127	 2	 Protocol_Missing: 25000	 0.0	 
50000	3499	46501	 sysNum: 	24999	 MissingNum: 	0	 42842.187499963875	 264811	 2	 Protocol_Missing: 25001	 0.0	 
50000	4000	46000	 sysNum: 	25000	 MissingNum: 	0	 43009.19583329756	 265743	 2	 Protocol_Missing: 25000	 0.0	 
50000	4500	45500	 sysNum: 	25000	 MissingNum: 	0	 42941.79166663074	 265409	 2	 Protocol_Missing: 25000	 0.0	 
50000	500	49500	 sysNum: 	25000	 MissingNum: 	0	 42997.0333332976	 265756	 2	 Protocol_Missing: 25000	 0.0	 
50000	1000	49000	 sysNum: 	25000	 MissingNum: 	0	 43022.11666663101	 265756	 2	 Protocol_Missing: 25000	 0.0	 
50000	1500	48500	 sysNum: 	25000	 MissingNum: 	0	 43116.61666663119	 266349	 2	 Protocol_Missing: 25000	 0.0	 
50000	2000	48000	 sysNum: 	25000	 MissingNum: 	0	 43116.4416666312	 266520	 2	 Protocol_Missing: 25000	 0.0	 
50000	2500	47500	 sysNum: 	25000	 MissingNum: 	0	 42833.962499963796	 264891	 2	 Protocol_Missing: 25000	 0.0	 
50000	3000	47000	 sysNum: 	25000	 MissingNum: 	0	 42887.45416663057	 265020	 2	 Protocol_Missing: 25000	 0.0	 
50000	3499	46501	 sysNum: 	24999	 MissingNum: 	0	 43028.56249996433	 266038	 2	 Protocol_Missing: 25001	 0.0	 
50000	4000	46000	 sysNum: 	25000	 MissingNum: 	0	 43002.54583329758	 265918	 2	 Protocol_Missing: 25000	 0.0	 
50000	4500	45500	 sysNum: 	25000	 MissingNum: 	0	 43055.48333329765	 266271	 2	 Protocol_Missing: 25000	 0.0	 
50000	500	49500	 sysNum: 	25000	 MissingNum: 	0	 43045.012499964345	 265946	 2	 Protocol_Missing: 25000	 0.0	 
50000	1000	49000	 sysNum: 	25000	 MissingNum: 	0	 42838.74583329713	 264241	 2	 Protocol_Missing: 25000	 0.0	 
50000	1500	48500	 sysNum: 	25000	 MissingNum: 	0	 42863.88749996386	 264955	 2	 Protocol_Missing: 25000	 0.0	 
50000	2000	48000	 sysNum: 	25000	 MissingNum: 	0	 43116.38333329775	 266807	 2	 Protocol_Missing: 25000	 0.0	 
50000	2500	47500	 sysNum: 	25000	 MissingNum: 	0	 43287.27083329838	 267996	 2	 Protocol_Missing: 25000	 0.0	 
50000	3000	47000	 sysNum: 	25000	 MissingNum: 	0	 43236.84166663165	 267377	 2	 Protocol_Missing: 25000	 0.0	 
50000	3499	46501	 sysNum: 	24999	 MissingNum: 	0	 42942.695833297475	 265253	 2	 Protocol_Missing: 25001	 0.0	 
50000	4000	46000	 sysNum: 	25000	 MissingNum: 	0	 42848.10833329714	 264453	 2	 Protocol_Missing: 25000	 0.0	 
50000	4500	45500	 sysNum: 	25000	 MissingNum: 	0	 43049.09583329771	 265824	 2	 Protocol_Missing: 25000	 0.0	 
50000	500	49500	 sysNum: 	25000	 MissingNum: 	0	 43163.16666663135	 266772	 2	 Protocol_Missing: 25000	 0.0	 
50000	1000	49000	 sysNum: 	25000	 MissingNum: 	0	 42711.40416663016	 264140	 2	 Protocol_Missing: 25000	 0.0	 
50000	1500	48500	 sysNum: 	25000	 MissingNum: 	0	 42873.71666663063	 265098	 2	 Protocol_Missing: 25000	 0.0	 
50000	2000	48000	 sysNum: 	25000	 MissingNum: 	0	 42762.56249996353	 264143	 2	 Protocol_Missing: 25000	 0.0	 
50000	2500	47500	 sysNum: 	25000	 MissingNum: 	0	 43209.30833329819	 266972	 2	 Protocol_Missing: 25000	 0.0	 
50000	3000	47000	 sysNum: 	25000	 MissingNum: 	0	 43003.508333297534	 265837	 2	 Protocol_Missing: 25000	 0.0	 
50000	3499	46501	 sysNum: 	24999	 MissingNum: 	0	 43003.77083329761	 265591	 2	 Protocol_Missing: 25001	 0.0	 
50000	4000	46000	 sysNum: 	25000	 MissingNum: 	0	 42966.58333329756	 265477	 2	 Protocol_Missing: 25000	 0.0	 
50000	4500	45500	 sysNum: 	25000	 MissingNum: 	0	 42702.24583329667	 263653	 2	 Protocol_Missing: 25000	 0.0	 
50000	500	49500	 sysNum: 	25000	 MissingNum: 	0	 42970.98749996414	 265504	 2	 Protocol_Missing: 25000	 0.0	 
50000	1000	49000	 sysNum: 	25000	 MissingNum: 	0	 43232.554166631584	 267225	 2	 Protocol_Missing: 25000	 0.0	 
50000	1500	48500	 sysNum: 	25000	 MissingNum: 	0	 43051.983333297685	 266139	 2	 Protocol_Missing: 25000	 0.0	 
50000	2000	48000	 sysNum: 	25000	 MissingNum: 	0	 42957.48333329744	 265347	 2	 Protocol_Missing: 25000	 0.0	 
50000	2500	47500	 sysNum: 	25000	 MissingNum: 	0	 42897.37083329731	 264850	 2	 Protocol_Missing: 25000	 0.0	 
50000	3000	47000	 sysNum: 	25000	 MissingNum: 	0	 42978.19166663081	 265683	 2	 Protocol_Missing: 25000	 0.0	 
50000	3499	46501	 sysNum: 	24999	 MissingNum: 	0	 43006.45416663081	 265894	 2	 Protocol_Missing: 25001	 0.0	 
50000	4000	46000	 sysNum: 	25000	 MissingNum: 	0	 43031.97499996428	 266145	 2	 Protocol_Missing: 25000	 0.0	 
50000	4500	45500	 sysNum: 	25000	 MissingNum: 	0	 42814.799999963805	 264370	 2	 Protocol_Missing: 25000	 0.0	 
50000	500	49500	 sysNum: 	25000	 MissingNum: 	0	 42915.30833329729	 264685	 2	 Protocol_Missing: 25000	 0.0	 
50000	1000	49000	 sysNum: 	25000	 MissingNum: 	0	 42973.524999964095	 265654	 2	 Protocol_Missing: 25000	 0.0	 
50000	1500	48500	 sysNum: 	25000	 MissingNum: 	0	 43003.59583329761	 265845	 2	 Protocol_Missing: 25000	 0.0	 
50000	2000	48000	 sysNum: 	25000	 MissingNum: 	0	 43042.56249996444	 265925	 2	 Protocol_Missing: 25000	 0.0	 
50000	2500	47500	 sysNum: 	25000	 MissingNum: 	0	 42871.733333297205	 265008	 2	 Protocol_Missing: 25000	 0.0	 
50000	3000	47000	 sysNum: 	25000	 MissingNum: 	0	 43055.016666631054	 265886	 2	 Protocol_Missing: 25000	 0.0	 
50000	3499	46501	 sysNum: 	24999	 MissingNum: 	0	 42898.21666663061	 265236	 2	 Protocol_Missing: 25001	 0.0	 
50000	4000	46000	 sysNum: 	25000	 MissingNum: 	0	 43150.39166663131	 266669	 2	 Protocol_Missing: 25000	 0.0	 
50000	4500	45500	 sysNum: 	25000	 MissingNum: 	0	 42965.88333329753	 265487	 2	 Protocol_Missing: 25000	 0.0	 
50000	500	49500	 sysNum: 	25000	 MissingNum: 	0	 42845.16249996378	 264850	 2	 Protocol_Missing: 25000	 0.0	 
50000	1000	49000	 sysNum: 	25000	 MissingNum: 	0	 43223.424999964795	 266800	 2	 Protocol_Missing: 25000	 0.0	 
50000	1500	48500	 sysNum: 	25000	 MissingNum: 	0	 42946.98333329742	 265378	 2	 Protocol_Missing: 25000	 0.0	 
50000	2000	48000	 sysNum: 	25000	 MissingNum: 	0	 42891.56666663062	 264794	 2	 Protocol_Missing: 25000	 0.0	 
50000	2500	47500	 sysNum: 	25000	 MissingNum: 	0	 43014.82499996431	 265902	 2	 Protocol_Missing: 25000	 0.0	 
50000	3000	47000	 sysNum: 	25000	 MissingNum: 	0	 43161.09583329791	 266730	 2	 Protocol_Missing: 25000	 0.0	 
50000	3499	46501	 sysNum: 	24999	 MissingNum: 	0	 43007.73749996419	 265899	 2	 Protocol_Missing: 25001	 0.0	 
50000	4000	46000	 sysNum: 	25000	 MissingNum: 	0	 42821.7999999638	 264452	 2	 Protocol_Missing: 25000	 0.0	 
50000	4500	45500	 sysNum: 	25000	 MissingNum: 	0	 42938.8458332974	 265444	 2	 Protocol_Missing: 25000	 0.0	 
50000	500	49500	 sysNum: 	25000	 MissingNum: 	0	 42883.66249996395	 264963	 2	 Protocol_Missing: 25000	 0.0	 
50000	1000	49000	 sysNum: 	25000	 MissingNum: 	0	 42967.2541666308	 265716	 2	 Protocol_Missing: 25000	 0.0	 
50000	1500	48500	 sysNum: 	25000	 MissingNum: 	0	 43187.08333329802	 266861	 2	 Protocol_Missing: 25000	 0.0	 
50000	2000	48000	 sysNum: 	25000	 MissingNum: 	0	 43036.20416663092	 265940	 2	 Protocol_Missing: 25000	 0.0	 
50000	2500	47500	 sysNum: 	25000	 MissingNum: 	0	 42630.670833296535	 263084	 2	 Protocol_Missing: 25000	 0.0	 
50000	3000	47000	 sysNum: 	25000	 MissingNum: 	0	 42947.30416663074	 265338	 2	 Protocol_Missing: 25000	 0.0	 
50000	3499	46501	 sysNum: 	24999	 MissingNum: 	0	 43020.33749996431	 265768	 2	 Protocol_Missing: 25001	 0.0	 
50000	4000	46000	 sysNum: 	25000	 MissingNum: 	0	 42902.73749996387	 264990	 2	 Protocol_Missing: 25000	 0.0	 
50000	4500	45500	 sysNum: 	25000	 MissingNum: 	0	 42961.85833329744	 265560	 2	 Protocol_Missing: 25000	 0.0	 
50000	500	49500	 sysNum: 	25000	 MissingNum: 	0	 42943.54166663063	 265306	 2	 Protocol_Missing: 25000	 0.0	 
50000	1000	49000	 sysNum: 	25000	 MissingNum: 	0	 43222.75416663139	 267493	 2	 Protocol_Missing: 25000	 0.0	 
50000	1500	48500	 sysNum: 	25000	 MissingNum: 	0	 43080.09999996456	 266474	 2	 Protocol_Missing: 25000	 0.0	 
50000	2000	48000	 sysNum: 	25000	 MissingNum: 	0	 42935.69583329744	 264952	 2	 Protocol_Missing: 25000	 0.0	 
50000	2500	47500	 sysNum: 	25000	 MissingNum: 	0	 42878.14999996389	 264667	 2	 Protocol_Missing: 25000	 0.0	 
50000	3000	47000	 sysNum: 	25000	 MissingNum: 	0	 42980.37916663089	 265593	 2	 Protocol_Missing: 25000	 0.0	 
50000	3499	46501	 sysNum: 	24999	 MissingNum: 	0	 42929.33749996398	 265402	 2	 Protocol_Missing: 25001	 0.0	 
50000	4000	46000	 sysNum: 	25000	 MissingNum: 	0	 42798.69999996363	 264612	 2	 Protocol_Missing: 25000	 0.0	 
50000	4500	45500	 sysNum: 	25000	 MissingNum: 	0	 42748.241666630194	 263999	 2	 Protocol_Missing: 25000	 0.0	 
50000	500	49500	 sysNum: 	25000	 MissingNum: 	0	 43170.77916663137	 266858	 2	 Protocol_Missing: 25000	 0.0	 
50000	1000	49000	 sysNum: 	25000	 MissingNum: 	0	 42807.65416663038	 264341	 2	 Protocol_Missing: 25000	 0.0	 
50000	1500	48500	 sysNum: 	25000	 MissingNum: 	0	 42972.29999996417	 265469	 2	 Protocol_Missing: 25000	 0.0	 
50000	2000	48000	 sysNum: 	25000	 MissingNum: 	0	 43215.054166631526	 267145	 2	 Protocol_Missing: 25000	 0.0	 
50000	2500	47500	 sysNum: 	25000	 MissingNum: 	0	 43159.43333329791	 267047	 2	 Protocol_Missing: 25000	 0.0	 
50000	3000	47000	 sysNum: 	25000	 MissingNum: 	0	 42682.58749996336	 263640	 2	 Protocol_Missing: 25000	 0.0	 
50000	3499	46501	 sysNum: 	24999	 MissingNum: 	0	 43125.65833329792	 266778	 2	 Protocol_Missing: 25001	 0.0	 
50000	4000	46000	 sysNum: 	25000	 MissingNum: 	0	 43111.191666631144	 266515	 2	 Protocol_Missing: 25000	 0.0	 
50000	4500	45500	 sysNum: 	25000	 MissingNum: 	0	 43124.52083329789	 266717	 2	 Protocol_Missing: 25000	 0.0	 
50000	500	49500	 sysNum: 	25000	 MissingNum: 	0	 42971.36666663088	 265760	 2	 Protocol_Missing: 25000	 0.0	 
50000	1000	49000	 sysNum: 	25000	 MissingNum: 	0	 42891.42083329724	 264901	 2	 Protocol_Missing: 25000	 0.0	 
50000	1500	48500	 sysNum: 	25000	 MissingNum: 	0	 42840.729166630364	 265067	 2	 Protocol_Missing: 25000	 0.0	 
50000	2000	48000	 sysNum: 	25000	 MissingNum: 	0	 43013.74583329761	 266052	 2	 Protocol_Missing: 25000	 0.0	 
50000	2500	47500	 sysNum: 	25000	 MissingNum: 	0	 43112.562499964595	 266567	 2	 Protocol_Missing: 25000	 0.0	 
50000	3000	47000	 sysNum: 	25000	 MissingNum: 	0	 43259.679166631635	 267594	 2	 Protocol_Missing: 25000	 0.0	 
50000	3499	46501	 sysNum: 	24999	 MissingNum: 	0	 42953.13749996408	 265198	 2	 Protocol_Missing: 25001	 0.0	 
50000	4000	46000	 sysNum: 	25000	 MissingNum: 	0	 43011.52916663085	 265682	 2	 Protocol_Missing: 25000	 0.0	 
50000	4500	45500	 sysNum: 	25000	 MissingNum: 	0	 42783.12499996354	 264056	 2	 Protocol_Missing: 25000	 0.0	 
50000	500	49500	 sysNum: 	25000	 MissingNum: 	0	 42975.33333329749	 265755	 2	 Protocol_Missing: 25000	 0.0	 
50000	1000	49000	 sysNum: 	25000	 MissingNum: 	0	 43047.579166630996	 266289	 2	 Protocol_Missing: 25000	 0.0	 
50000	1500	48500	 sysNum: 	25000	 MissingNum: 	0	 43102.96666663112	 266420	 2	 Protocol_Missing: 25000	 0.0	 
50000	2000	48000	 sysNum: 	25000	 MissingNum: 	0	 42907.31666663064	 264817	 2	 Protocol_Missing: 25000	 0.0	 
50000	2500	47500	 sysNum: 	25000	 MissingNum: 	0	 42776.88333329693	 263903	 2	 Protocol_Missing: 25000	 0.0	 
50000	3000	47000	 sysNum: 	25000	 MissingNum: 	0	 43135.224999964565	 266569	 2	 Protocol_Missing: 25000	 0.0	 
50000	3499	46501	 sysNum: 	24999	 MissingNum: 	0	 42991.25833329754	 265684	 2	 Protocol_Missing: 25001	 0.0	 
50000	4000	46000	 sysNum: 	25000	 MissingNum: 	0	 42981.1666666309	 265525	 2	 Protocol_Missing: 25000	 0.0	 
50000	4500	45500	 sysNum: 	25000	 MissingNum: 	0	 43070.999999964486	 266094	 2	 Protocol_Missing: 25000	 0.0	 
50000	500	49500	 sysNum: 	25000	 MissingNum: 	0	 43046.937499964304	 266017	 2	 Protocol_Missing: 25000	 0.0	 
50000	1000	49000	 sysNum: 	25000	 MissingNum: 	0	 43031.71249996422	 265701	 2	 Protocol_Missing: 25000	 0.0	 
50000	1500	48500	 sysNum: 	25000	 MissingNum: 	0	 43063.88333329776	 266411	 2	 Protocol_Missing: 25000	 0.0	 
50000	2000	48000	 sysNum: 	25000	 MissingNum: 	0	 43146.22083329797	 266599	 2	 Protocol_Missing: 25000	 0.0	 
50000	2500	47500	 sysNum: 	25000	 MissingNum: 	0	 42895.88333329724	 265015	 2	 Protocol_Missing: 25000	 0.0	 
50000	3000	47000	 sysNum: 	25000	 MissingNum: 	0	 43133.387499964614	 266975	 2	 Protocol_Missing: 25000	 0.0	 
50000	3499	46501	 sysNum: 	24999	 MissingNum: 	0	 43103.57916663118	 266344	 2	 Protocol_Missing: 25001	 0.0	 
50000	4000	46000	 sysNum: 	25000	 MissingNum: 	0	 42927.06249996404	 264950	 2	 Protocol_Missing: 25000	 0.0	 
50000	4500	45500	 sysNum: 	25000	 MissingNum: 	0	 42967.95416663083	 265519	 2	 Protocol_Missing: 25000	 0.0	 
50000	500	49500	 sysNum: 	25000	 MissingNum: 	0	 42888.358333297256	 264988	 2	 Protocol_Missing: 25000	 0.0	 
50000	1000	49000	 sysNum: 	25000	 MissingNum: 	0	 42968.65416663088	 265395	 2	 Protocol_Missing: 25000	 0.0	 
50000	1500	48500	 sysNum: 	25000	 MissingNum: 	0	 43219.137499964854	 267190	 2	 Protocol_Missing: 25000	 0.0	 
50000	2000	48000	 sysNum: 	25000	 MissingNum: 	0	 43011.179166630944	 265850	 2	 Protocol_Missing: 25000	 0.0	 
50000	2500	47500	 sysNum: 	25000	 MissingNum: 	0	 42791.93333329692	 264181	 2	 Protocol_Missing: 25000	 0.0	 
50000	3000	47000	 sysNum: 	25000	 MissingNum: 	0	 42874.76666663054	 264949	 2	 Protocol_Missing: 25000	 0.0	 
50000	3499	46501	 sysNum: 	24999	 MissingNum: 	0	 42741.912499963466	 263986	 2	 Protocol_Missing: 25001	 0.0	 
50000	4000	46000	 sysNum: 	25000	 MissingNum: 	0	 42845.92083329719	 265143	 2	 Protocol_Missing: 25000	 0.0	 
50000	4500	45500	 sysNum: 	25000	 MissingNum: 	0	 43202.8333332981	 267277	 2	 Protocol_Missing: 25000	 0.0	 
50000	500	49500	 sysNum: 	25000	 MissingNum: 	0	 43213.50833329816	 267184	 2	 Protocol_Missing: 25000	 0.0	 
50000	1000	49000	 sysNum: 	25000	 MissingNum: 	0	 42788.78333329707	 264034	 2	 Protocol_Missing: 25000	 0.0	 
50000	1500	48500	 sysNum: 	25000	 MissingNum: 	0	 43038.56666663106	 265594	 2	 Protocol_Missing: 25000	 0.0	 
50000	2000	48000	 sysNum: 	25000	 MissingNum: 	0	 43359.77916663193	 268663	 2	 Protocol_Missing: 25000	 0.0	 
50000	2500	47500	 sysNum: 	25000	 MissingNum: 	0	 42849.27499996388	 264753	 2	 Protocol_Missing: 25000	 0.0	 
50000	3000	47000	 sysNum: 	25000	 MissingNum: 	0	 42960.57499996423	 265652	 2	 Protocol_Missing: 25000	 0.0	 
50000	3499	46501	 sysNum: 	24999	 MissingNum: 	0	 43036.29166663099	 265890	 2	 Protocol_Missing: 25001	 0.0	 
50000	4000	46000	 sysNum: 	25000	 MissingNum: 	0	 43068.17083329772	 266315	 2	 Protocol_Missing: 25000	 0.0	 
50000	4500	45500	 sysNum: 	25000	 MissingNum: 	0	 42902.06666663078	 264880	 2	 Protocol_Missing: 25000	 0.0	 
50000	500	49500	 sysNum: 	25000	 MissingNum: 	0	 42984.98749996416	 265712	 2	 Protocol_Missing: 25000	 0.0	 
50000	1000	49000	 sysNum: 	25000	 MissingNum: 	0	 42853.6208332971	 264625	 2	 Protocol_Missing: 25000	 0.0	 
50000	1500	48500	 sysNum: 	25000	 MissingNum: 	0	 42918.224999963866	 265174	 2	 Protocol_Missing: 25000	 0.0	 
50000	2000	48000	 sysNum: 	25000	 MissingNum: 	0	 42906.645833297334	 265168	 2	 Protocol_Missing: 25000	 0.0	 
50000	2500	47500	 sysNum: 	25000	 MissingNum: 	0	 43102.587499964495	 266169	 2	 Protocol_Missing: 25000	 0.0	 
50000	3000	47000	 sysNum: 	25000	 MissingNum: 	0	 42825.212499963745	 264506	 2	 Protocol_Missing: 25000	 0.0	 
50000	3499	46501	 sysNum: 	24999	 MissingNum: 	0	 42861.6999999638	 264518	 2	 Protocol_Missing: 25001	 0.0	 
50000	4000	46000	 sysNum: 	25000	 MissingNum: 	0	 43098.62083329785	 266327	 2	 Protocol_Missing: 25000	 0.0	 
50000	4500	45500	 sysNum: 	25000	 MissingNum: 	0	 42968.01249996417	 265470	 2	 Protocol_Missing: 25000	 0.0	 
50000	500	49500	 sysNum: 	25000	 MissingNum: 	0	 42987.55416663088	 265868	 2	 Protocol_Missing: 25000	 0.0	 
50000	1000	49000	 sysNum: 	25000	 MissingNum: 	0	 43013.10416663093	 265610	 2	 Protocol_Missing: 25000	 0.0	 
50000	1500	48500	 sysNum: 	25000	 MissingNum: 	0	 42982.56666663089	 265493	 2	 Protocol_Missing: 25000	 0.0	 
50000	2000	48000	 sysNum: 	25000	 MissingNum: 	0	 43234.79999996486	 267193	 2	 Protocol_Missing: 25000	 0.0	 
50000	2500	47500	 sysNum: 	25000	 MissingNum: 	0	 42970.87083329757	 265415	 2	 Protocol_Missing: 25000	 0.0	 
50000	3000	47000	 sysNum: 	25000	 MissingNum: 	0	 43129.1874999646	 266741	 2	 Protocol_Missing: 25000	 0.0	 
50000	3499	46501	 sysNum: 	24999	 MissingNum: 	0	 42834.98333329718	 264615	 2	 Protocol_Missing: 25001	 0.0	 
50000	4000	46000	 sysNum: 	25000	 MissingNum: 	0	 43250.637499964934	 267646	 2	 Protocol_Missing: 25000	 0.0	 
50000	4500	45500	 sysNum: 	25000	 MissingNum: 	0	 43033.841666631015	 266180	 2	 Protocol_Missing: 25000	 0.0	 
50000	500	49500	 sysNum: 	25000	 MissingNum: 	0	 43018.20833329759	 265986	 2	 Protocol_Missing: 25000	 0.0	 
50000	1000	49000	 sysNum: 	25000	 MissingNum: 	0	 42829.58749996378	 264644	 2	 Protocol_Missing: 25000	 0.0	 
50000	1500	48500	 sysNum: 	25000	 MissingNum: 	0	 43035.82499996441	 266061	 2	 Protocol_Missing: 25000	 0.0	 
50000	2000	48000	 sysNum: 	25000	 MissingNum: 	0	 42868.32083329723	 264784	 2	 Protocol_Missing: 25000	 0.0	 
50000	2500	47500	 sysNum: 	25000	 MissingNum: 	0	 43074.73333329787	 266443	 2	 Protocol_Missing: 25000	 0.0	 
50000	3000	47000	 sysNum: 	25000	 MissingNum: 	0	 43021.533333297586	 265860	 2	 Protocol_Missing: 25000	 0.0	 
50000	3499	46501	 sysNum: 	24999	 MissingNum: 	0	 42843.12083329712	 264622	 2	 Protocol_Missing: 25001	 0.0	 
50000	4000	46000	 sysNum: 	25000	 MissingNum: 	0	 43054.43333329769	 266087	 2	 Protocol_Missing: 25000	 0.0	 
50000	4500	45500	 sysNum: 	25000	 MissingNum: 	0	 42781.49166663029	 264000	 2	 Protocol_Missing: 25000	 0.0	 
50000	500	49500	 sysNum: 	25000	 MissingNum: 	0	 42927.67499996404	 264966	 2	 Protocol_Missing: 25000	 0.0	 
50000	1000	49000	 sysNum: 	25000	 MissingNum: 	0	 42809.78333329706	 264392	 2	 Protocol_Missing: 25000	 0.0	 
50000	1500	48500	 sysNum: 	25000	 MissingNum: 	0	 42982.47916663092	 265495	 2	 Protocol_Missing: 25000	 0.0	 
50000	2000	48000	 sysNum: 	25000	 MissingNum: 	0	 43001.145833297516	 265598	 2	 Protocol_Missing: 25000	 0.0	 
50000	2500	47500	 sysNum: 	25000	 MissingNum: 	0	 43171.916666631325	 267220	 2	 Protocol_Missing: 25000	 0.0	 
50000	3000	47000	 sysNum: 	25000	 MissingNum: 	0	 42970.37499996406	 265631	 2	 Protocol_Missing: 25000	 0.0	 
50000	3499	46501	 sysNum: 	24999	 MissingNum: 	0	 42982.88749996424	 265550	 2	 Protocol_Missing: 25001	 0.0	 
50000	4000	46000	 sysNum: 	25000	 MissingNum: 	0	 42928.258333297395	 265207	 2	 Protocol_Missing: 25000	 0.0	 
50000	4500	45500	 sysNum: 	25000	 MissingNum: 	0	 43095.79166663111	 266565	 2	 Protocol_Missing: 25000	 0.0	 
50000	500	49500	 sysNum: 	25000	 MissingNum: 	0	 42999.279166630884	 266112	 2	 Protocol_Missing: 25000	 0.0	 
50000	1000	49000	 sysNum: 	25000	 MissingNum: 	0	 43084.73749996442	 266497	 2	 Protocol_Missing: 25000	 0.0	 
50000	1500	48500	 sysNum: 	25000	 MissingNum: 	0	 42883.69166663059	 265000	 2	 Protocol_Missing: 25000	 0.0	 
50000	2000	48000	 sysNum: 	25000	 MissingNum: 	0	 43103.549999964496	 266508	 2	 Protocol_Missing: 25000	 0.0	 
50000	2500	47500	 sysNum: 	25000	 MissingNum: 	0	 43030.83749996424	 266043	 2	 Protocol_Missing: 25000	 0.0	 
50000	3000	47000	 sysNum: 	25000	 MissingNum: 	0	 42822.6166666304	 264548	 2	 Protocol_Missing: 25000	 0.0	 
50000	3499	46501	 sysNum: 	24999	 MissingNum: 	0	 43149.86666663129	 266758	 2	 Protocol_Missing: 25001	 0.0	 
50000	4000	46000	 sysNum: 	25000	 MissingNum: 	0	 42904.4874999641	 264963	 2	 Protocol_Missing: 25000	 0.0	 
50000	4500	45500	 sysNum: 	25000	 MissingNum: 	0	 43121.86666663128	 266818	 2	 Protocol_Missing: 25000	 0.0	 
50000	500	49500	 sysNum: 	25000	 MissingNum: 	0	 43073.44999996447	 266355	 2	 Protocol_Missing: 25000	 0.0	 
50000	1000	49000	 sysNum: 	25000	 MissingNum: 	0	 42976.32499996422	 265772	 2	 Protocol_Missing: 25000	 0.0	 
50000	1500	48500	 sysNum: 	25000	 MissingNum: 	0	 42946.516666630836	 265260	 2	 Protocol_Missing: 25000	 0.0	 
50000	2000	48000	 sysNum: 	25000	 MissingNum: 	0	 42987.84583329755	 265543	 2	 Protocol_Missing: 25000	 0.0	 
50000	2500	47500	 sysNum: 	25000	 MissingNum: 	0	 43149.662499964674	 266632	 2	 Protocol_Missing: 25000	 0.0	 
50000	3000	47000	 sysNum: 	25000	 MissingNum: 	0	 42907.929166630674	 264940	 2	 Protocol_Missing: 25000	 0.0	 
50000	3499	46501	 sysNum: 	24999	 MissingNum: 	0	 43243.3166666316	 267220	 2	 Protocol_Missing: 25001	 0.0	 
50000	4000	46000	 sysNum: 	25000	 MissingNum: 	0	 43080.18749996444	 266137	 2	 Protocol_Missing: 25000	 0.0	 
50000	4500	45500	 sysNum: 	25000	 MissingNum: 	0	 43179.3541666315	 266856	 2	 Protocol_Missing: 25000	 0.0	 
50000	500	49500	 sysNum: 	25000	 MissingNum: 	0	 42920.00416663067	 265264	 2	 Protocol_Missing: 25000	 0.0	 
50000	1000	49000	 sysNum: 	25000	 MissingNum: 	0	 42989.916666630925	 265490	 2	 Protocol_Missing: 25000	 0.0	 
50000	1500	48500	 sysNum: 	25000	 MissingNum: 	0	 42995.25416663095	 265758	 2	 Protocol_Missing: 25000	 0.0	 
50000	2000	48000	 sysNum: 	25000	 MissingNum: 	0	 42958.00833329749	 265241	 2	 Protocol_Missing: 25000	 0.0	 
50000	2500	47500	 sysNum: 	25000	 MissingNum: 	0	 43068.258333297774	 266114	 2	 Protocol_Missing: 25000	 0.0	 
50000	3000	47000	 sysNum: 	25000	 MissingNum: 	0	 43216.249999964864	 267487	 2	 Protocol_Missing: 25000	 0.0	 
50000	3499	46501	 sysNum: 	24999	 MissingNum: 	0	 42886.84166663054	 265050	 2	 Protocol_Missing: 25001	 0.0	 
50000	4000	46000	 sysNum: 	25000	 MissingNum: 	0	 42932.95416663071	 265640	 2	 Protocol_Missing: 25000	 0.0	 
50000	4500	45500	 sysNum: 	25000	 MissingNum: 	0	 42781.170833297016	 264113	 2	 Protocol_Missing: 25000	 0.0	 
50000	500	49500	 sysNum: 	25000	 MissingNum: 	0	 42771.779166630375	 264153	 2	 Protocol_Missing: 25000	 0.0	 
50000	1000	49000	 sysNum: 	25000	 MissingNum: 	0	 43093.02083329785	 266186	 2	 Protocol_Missing: 25000	 0.0	 
50000	1500	48500	 sysNum: 	25000	 MissingNum: 	0	 42906.383333297184	 265137	 2	 Protocol_Missing: 25000	 0.0	 
50000	2000	48000	 sysNum: 	25000	 MissingNum: 	0	 43015.93333329771	 266042	 2	 Protocol_Missing: 25000	 0.0	 
50000	2500	47500	 sysNum: 	25000	 MissingNum: 	0	 43174.774999964706	 267262	 2	 Protocol_Missing: 25000	 0.0	 
50000	3000	47000	 sysNum: 	25000	 MissingNum: 	0	 43227.39166663149	 267257	 2	 Protocol_Missing: 25000	 0.0	 
50000	3499	46501	 sysNum: 	24999	 MissingNum: 	0	 42949.4624999641	 264960	 2	 Protocol_Missing: 25001	 0.0	 
50000	4000	46000	 sysNum: 	25000	 MissingNum: 	0	 42958.32916663079	 265650	 2	 Protocol_Missing: 25000	 0.0	 
50000	4500	45500	 sysNum: 	25000	 MissingNum: 	0	 43060.64583329774	 266244	 2	 Protocol_Missing: 25000	 0.0	 
50000	500	49500	 sysNum: 	25000	 MissingNum: 	0	 42908.833333297305	 264978	 2	 Protocol_Missing: 25000	 0.0	 
50000	1000	49000	 sysNum: 	25000	 MissingNum: 	0	 42792.07916663038	 264215	 2	 Protocol_Missing: 25000	 0.0	 
50000	1500	48500	 sysNum: 	25000	 MissingNum: 	0	 42780.2083332969	 264420	 2	 Protocol_Missing: 25000	 0.0	 
50000	2000	48000	 sysNum: 	25000	 MissingNum: 	0	 43281.52499996498	 267566	 2	 Protocol_Missing: 25000	 0.0	 
50000	2500	47500	 sysNum: 	25000	 MissingNum: 	0	 43109.412499964645	 266828	 2	 Protocol_Missing: 25000	 0.0	 
50000	3000	47000	 sysNum: 	25000	 MissingNum: 	0	 42913.14999996397	 265136	 2	 Protocol_Missing: 25000	 0.0	 
50000	3499	46501	 sysNum: 	24999	 MissingNum: 	0	 42984.9874999642	 265600	 2	 Protocol_Missing: 25001	 0.0	 
50000	4000	46000	 sysNum: 	25000	 MissingNum: 	0	 42824.133333297075	 264430	 2	 Protocol_Missing: 25000	 0.0	 
50000	4500	45500	 sysNum: 	25000	 MissingNum: 	0	 42952.495833297515	 265674	 2	 Protocol_Missing: 25000	 0.0	 
50000	500	49500	 sysNum: 	25000	 MissingNum: 	0	 42749.40833329682	 264129	 2	 Protocol_Missing: 25000	 0.0	 
50000	1000	49000	 sysNum: 	25000	 MissingNum: 	0	 42900.899999963985	 265022	 2	 Protocol_Missing: 25000	 0.0	 
50000	1500	48500	 sysNum: 	25000	 MissingNum: 	0	 43025.38333329763	 265732	 2	 Protocol_Missing: 25000	 0.0	 
50000	2000	48000	 sysNum: 	25000	 MissingNum: 	0	 42709.77083329677	 263506	 2	 Protocol_Missing: 25000	 0.0	 
50000	2500	47500	 sysNum: 	25000	 MissingNum: 	0	 42959.7874999642	 265584	 2	 Protocol_Missing: 25000	 0.0	 
50000	3000	47000	 sysNum: 	25000	 MissingNum: 	0	 43089.89999996444	 266018	 2	 Protocol_Missing: 25000	 0.0	 
50000	3499	46501	 sysNum: 	24999	 MissingNum: 	0	 42947.44999996416	 265479	 2	 Protocol_Missing: 25001	 0.0	 
50000	4000	46000	 sysNum: 	25000	 MissingNum: 	0	 42997.70416663086	 265643	 2	 Protocol_Missing: 25000	 0.0	 
50000	4500	45500	 sysNum: 	25000	 MissingNum: 	0	 42847.466666630455	 264771	 2	 Protocol_Missing: 25000	 0.0	 
50000	500	49500	 sysNum: 	25000	 MissingNum: 	0	 43002.34166663087	 265804	 2	 Protocol_Missing: 25000	 0.0	 
50000	1000	49000	 sysNum: 	25000	 MissingNum: 	0	 43059.62499996444	 266061	 2	 Protocol_Missing: 25000	 0.0	 
50000	1500	48500	 sysNum: 	25000	 MissingNum: 	0	 42901.599999964055	 265131	 2	 Protocol_Missing: 25000	 0.0	 
50000	2000	48000	 sysNum: 	25000	 MissingNum: 	0	 42963.87083329745	 265442	 2	 Protocol_Missing: 25000	 0.0	 
50000	2500	47500	 sysNum: 	25000	 MissingNum: 	0	 43003.799999964205	 265672	 2	 Protocol_Missing: 25000	 0.0	 
50000	3000	47000	 sysNum: 	25000	 MissingNum: 	0	 42946.7499999641	 265462	 2	 Protocol_Missing: 25000	 0.0	 
50000	3499	46501	 sysNum: 	24999	 MissingNum: 	0	 43090.337499964364	 266186	 2	 Protocol_Missing: 25001	 0.0	 
50000	4000	46000	 sysNum: 	25000	 MissingNum: 	0	 42902.53333329739	 265197	 2	 Protocol_Missing: 25000	 0.0	 
50000	4500	45500	 sysNum: 	25000	 MissingNum: 	0	 43034.804166630995	 266038	 2	 Protocol_Missing: 25000	 0.0	 
50000	500	49500	 sysNum: 	25000	 MissingNum: 	0	 43168.241666631366	 266754	 2	 Protocol_Missing: 25000	 0.0	 
50000	1000	49000	 sysNum: 	25000	 MissingNum: 	0	 42797.35833329709	 264248	 2	 Protocol_Missing: 25000	 0.0	 
50000	1500	48500	 sysNum: 	25000	 MissingNum: 	0	 43042.35833329772	 266222	 2	 Protocol_Missing: 25000	 0.0	 
50000	2000	48000	 sysNum: 	25000	 MissingNum: 	0	 42944.591666630746	 265716	 2	 Protocol_Missing: 25000	 0.0	 
50000	2500	47500	 sysNum: 	25000	 MissingNum: 	0	 43131.49166663125	 266451	 2	 Protocol_Missing: 25000	 0.0	 
50000	3000	47000	 sysNum: 	25000	 MissingNum: 	0	 43166.87083329805	 266877	 2	 Protocol_Missing: 25000	 0.0	 
50000	3499	46501	 sysNum: 	24999	 MissingNum: 	0	 42803.30833329715	 264486	 2	 Protocol_Missing: 25001	 0.0	 
50000	4000	46000	 sysNum: 	25000	 MissingNum: 	0	 43197.99166663152	 267240	 2	 Protocol_Missing: 25000	 0.0	 
50000	4500	45500	 sysNum: 	25000	 MissingNum: 	0	 42845.51249996381	 264466	 2	 Protocol_Missing: 25000	 0.0	 
50000	500	49500	 sysNum: 	25000	 MissingNum: 	0	 42904.8958332973	 265205	 2	 Protocol_Missing: 25000	 0.0	 
50000	1000	49000	 sysNum: 	25000	 MissingNum: 	0	 43282.54583329831	 267635	 2	 Protocol_Missing: 25000	 0.0	 
50000	1500	48500	 sysNum: 	25000	 MissingNum: 	0	 42978.16249996416	 265677	 2	 Protocol_Missing: 25000	 0.0	 
50000	2000	48000	 sysNum: 	25000	 MissingNum: 	0	 42965.67916663082	 265419	 2	 Protocol_Missing: 25000	 0.0	 
50000	2500	47500	 sysNum: 	25000	 MissingNum: 	0	 42925.86666663077	 265424	 2	 Protocol_Missing: 25000	 0.0	 
50000	3000	47000	 sysNum: 	25000	 MissingNum: 	0	 42661.266666630014	 263176	 2	 Protocol_Missing: 25000	 0.0	 
50000	3499	46501	 sysNum: 	24999	 MissingNum: 	0	 43138.66666663125	 266816	 2	 Protocol_Missing: 25001	 0.0	 
50000	4000	46000	 sysNum: 	25000	 MissingNum: 	0	 42845.89166663054	 264807	 2	 Protocol_Missing: 25000	 0.0	 
50000	4500	45500	 sysNum: 	25000	 MissingNum: 	0	 42998.229166630896	 265962	 2	 Protocol_Missing: 25000	 0.0	 
50000	500	49500	 sysNum: 	25000	 MissingNum: 	0	 42917.46666663058	 265449	 2	 Protocol_Missing: 25000	 0.0	 
50000	1000	49000	 sysNum: 	25000	 MissingNum: 	0	 42973.72916663085	 265751	 2	 Protocol_Missing: 25000	 0.0	 
50000	1500	48500	 sysNum: 	25000	 MissingNum: 	0	 42910.437499964115	 265303	 2	 Protocol_Missing: 25000	 0.0	 
50000	2000	48000	 sysNum: 	25000	 MissingNum: 	0	 42931.58333329742	 265525	 2	 Protocol_Missing: 25000	 0.0	 
50000	2500	47500	 sysNum: 	25000	 MissingNum: 	0	 42836.26666663048	 264314	 2	 Protocol_Missing: 25000	 0.0	 
50000	3000	47000	 sysNum: 	25000	 MissingNum: 	0	 42750.13749996345	 264008	 2	 Protocol_Missing: 25000	 0.0	 
50000	3499	46501	 sysNum: 	24999	 MissingNum: 	0	 43087.77083329774	 266268	 2	 Protocol_Missing: 25001	 0.0	 
50000	4000	46000	 sysNum: 	25000	 MissingNum: 	0	 43198.487499964904	 267077	 2	 Protocol_Missing: 25000	 0.0	 
50000	4500	45500	 sysNum: 	25000	 MissingNum: 	0	 43026.98749996428	 265923	 2	 Protocol_Missing: 25000	 0.0	 
50000	500	49500	 sysNum: 	25000	 MissingNum: 	0	 42888.35833329718	 265153	 2	 Protocol_Missing: 25000	 0.0	 
50000	1000	49000	 sysNum: 	25000	 MissingNum: 	0	 43029.466666631066	 266047	 2	 Protocol_Missing: 25000	 0.0	 
50000	1500	48500	 sysNum: 	25000	 MissingNum: 	0	 42892.38333329713	 264936	 2	 Protocol_Missing: 25000	 0.0	 
50000	2000	48000	 sysNum: 	25000	 MissingNum: 	0	 43156.3999999647	 267038	 2	 Protocol_Missing: 25000	 0.0	 
50000	2500	47500	 sysNum: 	25000	 MissingNum: 	0	 43007.241666630944	 265851	 2	 Protocol_Missing: 25000	 0.0	 
50000	3000	47000	 sysNum: 	25000	 MissingNum: 	0	 42935.46249996407	 265318	 2	 Protocol_Missing: 25000	 0.0	 
50000	3499	46501	 sysNum: 	24999	 MissingNum: 	0	 43023.74999996429	 266118	 2	 Protocol_Missing: 25001	 0.0	 
50000	4000	46000	 sysNum: 	25000	 MissingNum: 	0	 42875.61249996384	 264937	 2	 Protocol_Missing: 25000	 0.0	 
50000	4500	45500	 sysNum: 	25000	 MissingNum: 	0	 43004.499999964166	 265657	 2	 Protocol_Missing: 25000	 0.0	 
50000	500	49500	 sysNum: 	25000	 MissingNum: 	0	 42980.52499996415	 265532	 2	 Protocol_Missing: 25000	 0.0	 
50000	1000	49000	 sysNum: 	25000	 MissingNum: 	0	 42940.01249996406	 265020	 2	 Protocol_Missing: 25000	 0.0	 
50000	1500	48500	 sysNum: 	25000	 MissingNum: 	0	 43095.995833297886	 266412	 2	 Protocol_Missing: 25000	 0.0	 
50000	2000	48000	 sysNum: 	25000	 MissingNum: 	0	 42997.84999996424	 265529	 2	 Protocol_Missing: 25000	 0.0	 
50000	2500	47500	 sysNum: 	25000	 MissingNum: 	0	 42876.429166630485	 264722	 2	 Protocol_Missing: 25000	 0.0	 
50000	3000	47000	 sysNum: 	25000	 MissingNum: 	0	 43075.02499996448	 266142	 2	 Protocol_Missing: 25000	 0.0	 
50000	3499	46501	 sysNum: 	24999	 MissingNum: 	0	 43077.03749996444	 266063	 2	 Protocol_Missing: 25001	 0.0	 
50000	4000	46000	 sysNum: 	25000	 MissingNum: 	0	 43107.545833297845	 266492	 2	 Protocol_Missing: 25000	 0.0	 
50000	4500	45500	 sysNum: 	25000	 MissingNum: 	0	 43176.49583329811	 267268	 2	 Protocol_Missing: 25000	 0.0	 
50000	500	49500	 sysNum: 	25000	 MissingNum: 	0	 42846.79583329711	 264714	 2	 Protocol_Missing: 25000	 0.0	 
50000	1000	49000	 sysNum: 	25000	 MissingNum: 	0	 43138.75416663124	 266683	 2	 Protocol_Missing: 25000	 0.0	 
50000	1500	48500	 sysNum: 	25000	 MissingNum: 	0	 42912.88749996387	 265265	 2	 Protocol_Missing: 25000	 0.0	 
50000	2000	48000	 sysNum: 	25000	 MissingNum: 	0	 43123.762499964556	 266628	 2	 Protocol_Missing: 25000	 0.0	 
50000	2500	47500	 sysNum: 	25000	 MissingNum: 	0	 43117.14166663116	 266510	 2	 Protocol_Missing: 25000	 0.0	 
50000	3000	47000	 sysNum: 	25000	 MissingNum: 	0	 43068.43333329779	 265586	 2	 Protocol_Missing: 25000	 0.0	 
50000	3499	46501	 sysNum: 	24999	 MissingNum: 	0	 42969.70416663092	 265397	 2	 Protocol_Missing: 25001	 0.0	 
50000	4000	46000	 sysNum: 	25000	 MissingNum: 	0	 42857.820833297184	 264662	 2	 Protocol_Missing: 25000	 0.0	 
50000	4500	45500	 sysNum: 	25000	 MissingNum: 	0	 43132.59999996452	 266479	 2	 Protocol_Missing: 25000	 0.0	 
50000	500	49500	 sysNum: 	25000	 MissingNum: 	0	 42808.383333297024	 264400	 2	 Protocol_Missing: 25000	 0.0	 
50000	1000	49000	 sysNum: 	25000	 MissingNum: 	0	 43131.81249996454	 266564	 2	 Protocol_Missing: 25000	 0.0	 
50000	1500	48500	 sysNum: 	25000	 MissingNum: 	0	 43064.55416663106	 266196	 2	 Protocol_Missing: 25000	 0.0	 
50000	2000	48000	 sysNum: 	25000	 MissingNum: 	0	 42910.90416663057	 264945	 2	 Protocol_Missing: 25000	 0.0	 
50000	2500	47500	 sysNum: 	25000	 MissingNum: 	0	 43179.120833298075	 266833	 2	 Protocol_Missing: 25000	 0.0	 
50000	3000	47000	 sysNum: 	25000	 MissingNum: 	0	 43018.64583329757	 265795	 2	 Protocol_Missing: 25000	 0.0	 
50000	3499	46501	 sysNum: 	24999	 MissingNum: 	0	 43012.22916663095	 265847	 2	 Protocol_Missing: 25001	 0.0	 
50000	4000	46000	 sysNum: 	25000	 MissingNum: 	0	 43011.58749996425	 265740	 2	 Protocol_Missing: 25000	 0.0	 
50000	4500	45500	 sysNum: 	25000	 MissingNum: 	0	 43167.62916663131	 267231	 2	 Protocol_Missing: 25000	 0.0	 
50000	500	49500	 sysNum: 	25000	 MissingNum: 	0	 43177.166666631376	 266776	 2	 Protocol_Missing: 25000	 0.0	 
50000	1000	49000	 sysNum: 	25000	 MissingNum: 	0	 42907.95833329732	 265247	 2	 Protocol_Missing: 25000	 0.0	 
50000	1500	48500	 sysNum: 	25000	 MissingNum: 	0	 43058.42916663101	 266146	 2	 Protocol_Missing: 25000	 0.0	 
50000	2000	48000	 sysNum: 	25000	 MissingNum: 	0	 42960.341666630775	 265418	 2	 Protocol_Missing: 25000	 0.0	 
50000	2500	47500	 sysNum: 	25000	 MissingNum: 	0	 42978.27916663082	 265834	 2	 Protocol_Missing: 25000	 0.0	 
50000	3000	47000	 sysNum: 	25000	 MissingNum: 	0	 42906.9083332973	 265194	 2	 Protocol_Missing: 25000	 0.0	 
50000	3499	46501	 sysNum: 	24999	 MissingNum: 	0	 43021.008333297534	 265893	 2	 Protocol_Missing: 25001	 0.0	 
50000	4000	46000	 sysNum: 	25000	 MissingNum: 	0	 42768.83333329701	 263928	 2	 Protocol_Missing: 25000	 0.0	 
50000	4500	45500	 sysNum: 	25000	 MissingNum: 	0	 42991.40416663088	 265638	 2	 Protocol_Missing: 25000	 0.0	 
50000	500	49500	 sysNum: 	25000	 MissingNum: 	0	 42835.97499996378	 264649	 2	 Protocol_Missing: 25000	 0.0	 
50000	1000	49000	 sysNum: 	25000	 MissingNum: 	0	 43086.04999996447	 266168	 2	 Protocol_Missing: 25000	 0.0	 
50000	1500	48500	 sysNum: 	25000	 MissingNum: 	0	 42900.69583329732	 264908	 2	 Protocol_Missing: 25000	 0.0	 
50000	2000	48000	 sysNum: 	25000	 MissingNum: 	0	 43209.68749996488	 267194	 2	 Protocol_Missing: 25000	 0.0	 
50000	2500	47500	 sysNum: 	25000	 MissingNum: 	0	 43169.46666663126	 266667	 2	 Protocol_Missing: 25000	 0.0	 
50000	3000	47000	 sysNum: 	25000	 MissingNum: 	0	 43010.21666663095	 265795	 2	 Protocol_Missing: 25000	 0.0	 
50000	3499	46501	 sysNum: 	24999	 MissingNum: 	0	 42913.26666663078	 265621	 2	 Protocol_Missing: 25001	 0.0	 
50000	4000	46000	 sysNum: 	25000	 MissingNum: 	0	 42976.44166663086	 265487	 2	 Protocol_Missing: 25000	 0.0	 
50000	4500	45500	 sysNum: 	25000	 MissingNum: 	0	 42848.92499996384	 264617	 2	 Protocol_Missing: 25000	 0.0	 
50000	500	49500	 sysNum: 	25000	 MissingNum: 	0	 42954.79999996407	 265289	 2	 Protocol_Missing: 25000	 0.0	 
50000	1000	49000	 sysNum: 	25000	 MissingNum: 	0	 42783.154166630215	 264380	 2	 Protocol_Missing: 25000	 0.0	 
50000	1500	48500	 sysNum: 	25000	 MissingNum: 	0	 42818.562499963846	 264749	 2	 Protocol_Missing: 25000	 0.0	 
50000	2000	48000	 sysNum: 	25000	 MissingNum: 	0	 42913.58749996401	 264964	 2	 Protocol_Missing: 25000	 0.0	 
50000	2500	47500	 sysNum: 	25000	 MissingNum: 	0	 42727.09583329682	 263954	 2	 Protocol_Missing: 25000	 0.0	 
50000	3000	47000	 sysNum: 	25000	 MissingNum: 	0	 43085.23333329784	 266417	 2	 Protocol_Missing: 25000	 0.0	 
50000	3499	46501	 sysNum: 	24999	 MissingNum: 	0	 42793.974999963735	 264258	 2	 Protocol_Missing: 25001	 0.0	 
50000	4000	46000	 sysNum: 	25000	 MissingNum: 	0	 42891.44999996396	 264795	 2	 Protocol_Missing: 25000	 0.0	 
50000	4500	45500	 sysNum: 	25000	 MissingNum: 	0	 42916.124999963984	 265097	 2	 Protocol_Missing: 25000	 0.0	 
50000	500	49500	 sysNum: 	25000	 MissingNum: 	0	 43027.48333329765	 265986	 2	 Protocol_Missing: 25000	 0.0	 
50000	1000	49000	 sysNum: 	25000	 MissingNum: 	0	 43029.14583329775	 266002	 2	 Protocol_Missing: 25000	 0.0	 
50000	1500	48500	 sysNum: 	25000	 MissingNum: 	0	 42769.12499996365	 264023	 2	 Protocol_Missing: 25000	 0.0	 
50000	2000	48000	 sysNum: 	25000	 MissingNum: 	0	 42792.80833329705	 264313	 2	 Protocol_Missing: 25000	 0.0	 
50000	2500	47500	 sysNum: 	25000	 MissingNum: 	0	 43145.78333329799	 266783	 2	 Protocol_Missing: 25000	 0.0	 
50000	3000	47000	 sysNum: 	25000	 MissingNum: 	0	 42992.016666630974	 265715	 2	 Protocol_Missing: 25000	 0.0	 
50000	3499	46501	 sysNum: 	24999	 MissingNum: 	0	 43248.770833298244	 267254	 2	 Protocol_Missing: 25001	 0.0	 
50000	4000	46000	 sysNum: 	25000	 MissingNum: 	0	 43132.19166663134	 266718	 2	 Protocol_Missing: 25000	 0.0	 
50000	4500	45500	 sysNum: 	25000	 MissingNum: 	0	 42871.93749996383	 264913	 2	 Protocol_Missing: 25000	 0.0	 
50000	500	49500	 sysNum: 	25000	 MissingNum: 	0	 42975.53749996422	 265371	 2	 Protocol_Missing: 25000	 0.0	 
50000	1000	49000	 sysNum: 	25000	 MissingNum: 	0	 43057.46666663103	 266103	 2	 Protocol_Missing: 25000	 0.0	 
50000	1500	48500	 sysNum: 	25000	 MissingNum: 	0	 43014.38749996425	 265554	 2	 Protocol_Missing: 25000	 0.0	 
50000	2000	48000	 sysNum: 	25000	 MissingNum: 	0	 43004.38333329758	 265799	 2	 Protocol_Missing: 25000	 0.0	 
50000	2500	47500	 sysNum: 	25000	 MissingNum: 	0	 42935.841666630746	 265421	 2	 Protocol_Missing: 25000	 0.0	 
50000	3000	47000	 sysNum: 	25000	 MissingNum: 	0	 43049.50416663098	 266197	 2	 Protocol_Missing: 25000	 0.0	 
50000	3499	46501	 sysNum: 	24999	 MissingNum: 	0	 43208.60833329812	 267271	 2	 Protocol_Missing: 25001	 0.0	 
50000	4000	46000	 sysNum: 	25000	 MissingNum: 	0	 43120.612499964474	 266731	 2	 Protocol_Missing: 25000	 0.0	 
50000	4500	45500	 sysNum: 	25000	 MissingNum: 	0	 43085.145833297756	 266477	 2	 Protocol_Missing: 25000	 0.0	 
