50000	500	49500	 sysNum: 	25000	 MissingNum: 	0	 54587.4250000002	 288621	 2	 Protocol_Missing: 25000	 0.0	 
50000	1000	49000	 sysNum: 	25000	 MissingNum: 	0	 54518.60833333368	 288291	 2	 Protocol_Missing: 25000	 0.0	 
50000	1500	48500	 sysNum: 	25000	 MissingNum: 	0	 54213.191666666746	 286656	 2	 Protocol_Missing: 25000	 0.0	 
50000	2000	48000	 sysNum: 	25000	 MissingNum: 	0	 54314.12499999993	 287253	 2	 Protocol_Missing: 25000	 0.0	 
50000	2500	47500	 sysNum: 	25000	 MissingNum: 	0	 54422.5749999998	 287748	 2	 Protocol_Missing: 25000	 0.0	 
50000	3000	47000	 sysNum: 	25000	 MissingNum: 	0	 54158.008333333244	 286383	 2	 Protocol_Missing: 25000	 0.0	 
50000	3499	46501	 sysNum: 	24999	 MissingNum: 	0	 54499.324999999655	 288171	 2	 Protocol_Missing: 25001	 0.0	 
50000	4000	46000	 sysNum: 	25000	 MissingNum: 	0	 54469.750000000146	 287982	 2	 Protocol_Missing: 25000	 0.0	 
50000	4500	45500	 sysNum: 	25000	 MissingNum: 	0	 54334.341666666594	 287304	 2	 Protocol_Missing: 25000	 0.0	 
50000	500	49500	 sysNum: 	25000	 MissingNum: 	0	 54400.26666666637	 287655	 2	 Protocol_Missing: 25000	 0.0	 
50000	1000	49000	 sysNum: 	25000	 MissingNum: 	0	 54585.57500000006	 288702	 2	 Protocol_Missing: 25000	 0.0	 
50000	1500	48500	 sysNum: 	25000	 MissingNum: 	0	 54259.808333333356	 286878	 2	 Protocol_Missing: 25000	 0.0	 
50000	2000	48000	 sysNum: 	25000	 MissingNum: 	0	 54276.97500000031	 286956	 2	 Protocol_Missing: 25000	 0.0	 
50000	2500	47500	 sysNum: 	25000	 MissingNum: 	0	 54236.85833333322	 286815	 2	 Protocol_Missing: 25000	 0.0	 
50000	3000	47000	 sysNum: 	25000	 MissingNum: 	0	 54424.97500000008	 287838	 2	 Protocol_Missing: 25000	 0.0	 
50000	3499	46501	 sysNum: 	24999	 MissingNum: 	0	 54430.44999999969	 287820	 2	 Protocol_Missing: 25001	 0.0	 
50000	4000	46000	 sysNum: 	25000	 MissingNum: 	0	 54334.50000000003	 287379	 2	 Protocol_Missing: 25000	 0.0	 
50000	4500	45500	 sysNum: 	25000	 MissingNum: 	0	 54176.1083333336	 286356	 2	 Protocol_Missing: 25000	 0.0	 
50000	500	49500	 sysNum: 	25000	 MissingNum: 	0	 54578.05000000008	 288630	 2	 Protocol_Missing: 25000	 0.0	 
50000	1000	49000	 sysNum: 	25000	 MissingNum: 	0	 54429.083333333634	 287805	 2	 Protocol_Missing: 25000	 0.0	 
50000	1500	48500	 sysNum: 	25000	 MissingNum: 	0	 54326.78333333323	 287256	 2	 Protocol_Missing: 25000	 0.0	 
50000	2000	48000	 sysNum: 	25000	 MissingNum: 	0	 54284.3916666668	 287061	 2	 Protocol_Missing: 25000	 0.0	 
50000	2500	47500	 sysNum: 	25000	 MissingNum: 	0	 54433.100000000166	 287793	 2	 Protocol_Missing: 25000	 0.0	 
50000	3000	47000	 sysNum: 	25000	 MissingNum: 	0	 54343.95833333298	 287418	 2	 Protocol_Missing: 25000	 0.0	 
50000	3499	46501	 sysNum: 	24999	 MissingNum: 	0	 54873.0833333337	 290118	 2	 Protocol_Missing: 25001	 0.0	 
50000	4000	46000	 sysNum: 	25000	 MissingNum: 	0	 54365.008333333506	 287472	 2	 Protocol_Missing: 25000	 0.0	 
50000	4500	45500	 sysNum: 	25000	 MissingNum: 	0	 54313.78333333343	 287202	 2	 Protocol_Missing: 25000	 0.0	 
50000	500	49500	 sysNum: 	25000	 MissingNum: 	0	 54307.31666666683	 287169	 2	 Protocol_Missing: 25000	 0.0	 
50000	1000	49000	 sysNum: 	25000	 MissingNum: 	0	 54716.55833333326	 289335	 2	 Protocol_Missing: 25000	 0.0	 
50000	1500	48500	 sysNum: 	25000	 MissingNum: 	0	 54225.30833333321	 286716	 2	 Protocol_Missing: 25000	 0.0	 
50000	2000	48000	 sysNum: 	25000	 MissingNum: 	0	 54241.04166666651	 286827	 2	 Protocol_Missing: 25000	 0.0	 
50000	2500	47500	 sysNum: 	25000	 MissingNum: 	0	 54428.158333333304	 287832	 2	 Protocol_Missing: 25000	 0.0	 
50000	3000	47000	 sysNum: 	25000	 MissingNum: 	0	 54246.291666666424	 286863	 2	 Protocol_Missing: 25000	 0.0	 
50000	3499	46501	 sysNum: 	24999	 MissingNum: 	0	 54188.56666666629	 286557	 2	 Protocol_Missing: 25001	 0.0	 
50000	4000	46000	 sysNum: 	25000	 MissingNum: 	0	 54688.283333333246	 289173	 2	 Protocol_Missing: 25000	 0.0	 
50000	4500	45500	 sysNum: 	25000	 MissingNum: 	0	 54551.23333333344	 288426	 2	 Protocol_Missing: 25000	 0.0	 
50000	500	49500	 sysNum: 	25000	 MissingNum: 	0	 54125.924999999756	 286236	 2	 Protocol_Missing: 25000	 0.0	 
50000	1000	49000	 sysNum: 	25000	 MissingNum: 	0	 54531.00833333354	 288363	 2	 Protocol_Missing: 25000	 0.0	 
50000	1500	48500	 sysNum: 	25000	 MissingNum: 	0	 54277.05833333332	 287049	 2	 Protocol_Missing: 25000	 0.0	 
50000	2000	48000	 sysNum: 	25000	 MissingNum: 	0	 54515.316666666724	 288204	 2	 Protocol_Missing: 25000	 0.0	 
50000	2500	47500	 sysNum: 	25000	 MissingNum: 	0	 54420.18333333404	 287805	 2	 Protocol_Missing: 25000	 0.0	 
50000	3000	47000	 sysNum: 	25000	 MissingNum: 	0	 54504.38333333326	 288183	 2	 Protocol_Missing: 25000	 0.0	 
50000	3499	46501	 sysNum: 	24999	 MissingNum: 	0	 54413.29166666694	 287727	 2	 Protocol_Missing: 25001	 0.0	 
50000	4000	46000	 sysNum: 	25000	 MissingNum: 	0	 54150.683333333116	 286275	 2	 Protocol_Missing: 25000	 0.0	 
50000	4500	45500	 sysNum: 	25000	 MissingNum: 	0	 54556.54166666716	 288456	 2	 Protocol_Missing: 25000	 0.0	 
50000	500	49500	 sysNum: 	25000	 MissingNum: 	0	 54341.96666666643	 287358	 2	 Protocol_Missing: 25000	 0.0	 
50000	1000	49000	 sysNum: 	25000	 MissingNum: 	0	 54407.10833333359	 287706	 2	 Protocol_Missing: 25000	 0.0	 
50000	1500	48500	 sysNum: 	25000	 MissingNum: 	0	 54215.483333333126	 286734	 2	 Protocol_Missing: 25000	 0.0	 
50000	2000	48000	 sysNum: 	25000	 MissingNum: 	0	 54528.96666666628	 288303	 2	 Protocol_Missing: 25000	 0.0	 
50000	2500	47500	 sysNum: 	25000	 MissingNum: 	0	 54395.799999999894	 287622	 2	 Protocol_Missing: 25000	 0.0	 
50000	3000	47000	 sysNum: 	25000	 MissingNum: 	0	 54231.26666666666	 286773	 2	 Protocol_Missing: 25000	 0.0	 
50000	3499	46501	 sysNum: 	24999	 MissingNum: 	0	 54382.300000000236	 287568	 2	 Protocol_Missing: 25001	 0.0	 
50000	4000	46000	 sysNum: 	25000	 MissingNum: 	0	 54428.90833333319	 287778	 2	 Protocol_Missing: 25000	 0.0	 
50000	4500	45500	 sysNum: 	25000	 MissingNum: 	0	 54375.833333333554	 287553	 2	 Protocol_Missing: 25000	 0.0	 
50000	500	49500	 sysNum: 	25000	 MissingNum: 	0	 54283.55000000006	 287001	 2	 Protocol_Missing: 25000	 0.0	 
50000	1000	49000	 sysNum: 	25000	 MissingNum: 	0	 54448.64166666707	 287889	 2	 Protocol_Missing: 25000	 0.0	 
50000	1500	48500	 sysNum: 	25000	 MissingNum: 	0	 54203.01666666666	 286530	 2	 Protocol_Missing: 25000	 0.0	 
50000	2000	48000	 sysNum: 	25000	 MissingNum: 	0	 54247.63333333351	 286824	 2	 Protocol_Missing: 25000	 0.0	 
50000	2500	47500	 sysNum: 	25000	 MissingNum: 	0	 54386.87500000006	 287550	 2	 Protocol_Missing: 25000	 0.0	 
50000	3000	47000	 sysNum: 	25000	 MissingNum: 	0	 54349.833333333474	 287436	 2	 Protocol_Missing: 25000	 0.0	 
50000	3499	46501	 sysNum: 	24999	 MissingNum: 	0	 54002.391666666255	 285549	 2	 Protocol_Missing: 25001	 0.0	 
50000	4000	46000	 sysNum: 	25000	 MissingNum: 	0	 54341.10833333337	 287310	 2	 Protocol_Missing: 25000	 0.0	 
50000	4500	45500	 sysNum: 	25000	 MissingNum: 	0	 54176.3666666669	 286449	 2	 Protocol_Missing: 25000	 0.0	 
50000	500	49500	 sysNum: 	25000	 MissingNum: 	0	 54346.60833333364	 287418	 2	 Protocol_Missing: 25000	 0.0	 
50000	1000	49000	 sysNum: 	25000	 MissingNum: 	0	 54018.66666666685	 285621	 2	 Protocol_Missing: 25000	 0.0	 
50000	1500	48500	 sysNum: 	25000	 MissingNum: 	0	 54118.32499999984	 286200	 2	 Protocol_Missing: 25000	 0.0	 
50000	2000	48000	 sysNum: 	25000	 MissingNum: 	0	 54605.45833333328	 288714	 2	 Protocol_Missing: 25000	 0.0	 
50000	2500	47500	 sysNum: 	25000	 MissingNum: 	0	 54470.400000000234	 288045	 2	 Protocol_Missing: 25000	 0.0	 
50000	3000	47000	 sysNum: 	25000	 MissingNum: 	0	 54500.17500000035	 288153	 2	 Protocol_Missing: 25000	 0.0	 
50000	3499	46501	 sysNum: 	24999	 MissingNum: 	0	 54272.27499999941	 286974	 2	 Protocol_Missing: 25001	 0.0	 
50000	4000	46000	 sysNum: 	25000	 MissingNum: 	0	 54577.45833333364	 288624	 2	 Protocol_Missing: 25000	 0.0	 
50000	4500	45500	 sysNum: 	25000	 MissingNum: 	0	 54541.25833333343	 288390	 2	 Protocol_Missing: 25000	 0.0	 
50000	500	49500	 sysNum: 	25000	 MissingNum: 	0	 54203.37499999966	 286587	 2	 Protocol_Missing: 25000	 0.0	 
50000	1000	49000	 sysNum: 	25000	 MissingNum: 	0	 54244.01666666697	 286836	 2	 Protocol_Missing: 25000	 0.0	 
50000	1500	48500	 sysNum: 	25000	 MissingNum: 	0	 54500.100000000355	 288225	 2	 Protocol_Missing: 25000	 0.0	 
50000	2000	48000	 sysNum: 	25000	 MissingNum: 	0	 54727.07500000051	 289350	 2	 Protocol_Missing: 25000	 0.0	 
50000	2500	47500	 sysNum: 	25000	 MissingNum: 	0	 54578.150000000125	 288630	 2	 Protocol_Missing: 25000	 0.0	 
50000	3000	47000	 sysNum: 	25000	 MissingNum: 	0	 53996.32499999984	 285525	 2	 Protocol_Missing: 25000	 0.0	 
50000	3499	46501	 sysNum: 	24999	 MissingNum: 	0	 54484.09999999992	 288090	 2	 Protocol_Missing: 25001	 0.0	 
50000	4000	46000	 sysNum: 	25000	 MissingNum: 	0	 54597.958333333176	 288696	 2	 Protocol_Missing: 25000	 0.0	 
50000	4500	45500	 sysNum: 	25000	 MissingNum: 	0	 54140.9583333332	 286266	 2	 Protocol_Missing: 25000	 0.0	 
50000	500	49500	 sysNum: 	25000	 MissingNum: 	0	 54541.49999999992	 288405	 2	 Protocol_Missing: 25000	 0.0	 
50000	1000	49000	 sysNum: 	25000	 MissingNum: 	0	 54351.89999999989	 287415	 2	 Protocol_Missing: 25000	 0.0	 
50000	1500	48500	 sysNum: 	25000	 MissingNum: 	0	 54650.90833333328	 288993	 2	 Protocol_Missing: 25000	 0.0	 
50000	2000	48000	 sysNum: 	25000	 MissingNum: 	0	 54449.8416666665	 287925	 2	 Protocol_Missing: 25000	 0.0	 
50000	2500	47500	 sysNum: 	25000	 MissingNum: 	0	 54403.80833333306	 287670	 2	 Protocol_Missing: 25000	 0.0	 
50000	3000	47000	 sysNum: 	25000	 MissingNum: 	0	 54007.149999999536	 285534	 2	 Protocol_Missing: 25000	 0.0	 
50000	3499	46501	 sysNum: 	24999	 MissingNum: 	0	 54335.09166666671	 287349	 2	 Protocol_Missing: 25001	 0.0	 
50000	4000	46000	 sysNum: 	25000	 MissingNum: 	0	 54308.27500000034	 287181	 2	 Protocol_Missing: 25000	 0.0	 
50000	4500	45500	 sysNum: 	25000	 MissingNum: 	0	 54634.16666666712	 288996	 2	 Protocol_Missing: 25000	 0.0	 
50000	500	49500	 sysNum: 	25000	 MissingNum: 	0	 54560.574999999946	 288504	 2	 Protocol_Missing: 25000	 0.0	 
50000	1000	49000	 sysNum: 	25000	 MissingNum: 	0	 54617.12499999985	 288855	 2	 Protocol_Missing: 25000	 0.0	 
50000	1500	48500	 sysNum: 	25000	 MissingNum: 	0	 54582.76666666643	 288582	 2	 Protocol_Missing: 25000	 0.0	 
50000	2000	48000	 sysNum: 	25000	 MissingNum: 	0	 54326.36666666672	 287331	 2	 Protocol_Missing: 25000	 0.0	 
50000	2500	47500	 sysNum: 	25000	 MissingNum: 	0	 54634.14166666734	 288888	 2	 Protocol_Missing: 25000	 0.0	 
50000	3000	47000	 sysNum: 	25000	 MissingNum: 	0	 54402.841666666834	 287673	 2	 Protocol_Missing: 25000	 0.0	 
50000	3499	46501	 sysNum: 	24999	 MissingNum: 	0	 54136.416666666606	 286305	 2	 Protocol_Missing: 25001	 0.0	 
50000	4000	46000	 sysNum: 	25000	 MissingNum: 	0	 54561.67500000024	 288513	 2	 Protocol_Missing: 25000	 0.0	 
50000	4500	45500	 sysNum: 	25000	 MissingNum: 	0	 54472.54999999983	 288063	 2	 Protocol_Missing: 25000	 0.0	 
50000	500	49500	 sysNum: 	25000	 MissingNum: 	0	 54395.566666666644	 287583	 2	 Protocol_Missing: 25000	 0.0	 
50000	1000	49000	 sysNum: 	25000	 MissingNum: 	0	 54473.90833333325	 288039	 2	 Protocol_Missing: 25000	 0.0	 
50000	1500	48500	 sysNum: 	25000	 MissingNum: 	0	 54232.39999999969	 286704	 2	 Protocol_Missing: 25000	 0.0	 
50000	2000	48000	 sysNum: 	25000	 MissingNum: 	0	 54368.333333333474	 287490	 2	 Protocol_Missing: 25000	 0.0	 
50000	2500	47500	 sysNum: 	25000	 MissingNum: 	0	 54188.7916666665	 286458	 2	 Protocol_Missing: 25000	 0.0	 
50000	3000	47000	 sysNum: 	25000	 MissingNum: 	0	 54576.450000000055	 288630	 2	 Protocol_Missing: 25000	 0.0	 
50000	3499	46501	 sysNum: 	24999	 MissingNum: 	0	 54319.69166666696	 287232	 2	 Protocol_Missing: 25001	 0.0	 
50000	4000	46000	 sysNum: 	25000	 MissingNum: 	0	 54508.09166666686	 288168	 2	 Protocol_Missing: 25000	 0.0	 
50000	4500	45500	 sysNum: 	25000	 MissingNum: 	0	 54088.19166666632	 285972	 2	 Protocol_Missing: 25000	 0.0	 
50000	500	49500	 sysNum: 	25000	 MissingNum: 	0	 54344.91666666701	 287322	 2	 Protocol_Missing: 25000	 0.0	 
50000	1000	49000	 sysNum: 	25000	 MissingNum: 	0	 54378.40833333352	 287499	 2	 Protocol_Missing: 25000	 0.0	 
50000	1500	48500	 sysNum: 	25000	 MissingNum: 	0	 54581.06666666715	 288654	 2	 Protocol_Missing: 25000	 0.0	 
50000	2000	48000	 sysNum: 	25000	 MissingNum: 	0	 54381.79166666699	 287565	 2	 Protocol_Missing: 25000	 0.0	 
50000	2500	47500	 sysNum: 	25000	 MissingNum: 	0	 54394.98333333354	 287643	 2	 Protocol_Missing: 25000	 0.0	 
50000	3000	47000	 sysNum: 	25000	 MissingNum: 	0	 54668.99166666698	 289077	 2	 Protocol_Missing: 25000	 0.0	 
50000	3499	46501	 sysNum: 	24999	 MissingNum: 	0	 54093.399999999776	 286074	 2	 Protocol_Missing: 25001	 0.0	 
50000	4000	46000	 sysNum: 	25000	 MissingNum: 	0	 54342.51666666659	 287367	 2	 Protocol_Missing: 25000	 0.0	 
50000	4500	45500	 sysNum: 	25000	 MissingNum: 	0	 54468.45000000047	 288063	 2	 Protocol_Missing: 25000	 0.0	 
50000	500	49500	 sysNum: 	25000	 MissingNum: 	0	 54520.524999999936	 288288	 2	 Protocol_Missing: 25000	 0.0	 
50000	1000	49000	 sysNum: 	25000	 MissingNum: 	0	 54369.37500000006	 287514	 2	 Protocol_Missing: 25000	 0.0	 
50000	1500	48500	 sysNum: 	25000	 MissingNum: 	0	 54261.20833333302	 286914	 2	 Protocol_Missing: 25000	 0.0	 
50000	2000	48000	 sysNum: 	25000	 MissingNum: 	0	 54139.316666666135	 286305	 2	 Protocol_Missing: 25000	 0.0	 
50000	2500	47500	 sysNum: 	25000	 MissingNum: 	0	 54042.89999999958	 285759	 2	 Protocol_Missing: 25000	 0.0	 
50000	3000	47000	 sysNum: 	25000	 MissingNum: 	0	 54283.88333333342	 287067	 2	 Protocol_Missing: 25000	 0.0	 
50000	3499	46501	 sysNum: 	24999	 MissingNum: 	0	 54328.600000000486	 287298	 2	 Protocol_Missing: 25001	 0.0	 
50000	4000	46000	 sysNum: 	25000	 MissingNum: 	0	 54345.50833333313	 287328	 2	 Protocol_Missing: 25000	 0.0	 
50000	4500	45500	 sysNum: 	25000	 MissingNum: 	0	 54714.57500000042	 289296	 2	 Protocol_Missing: 25000	 0.0	 
50000	500	49500	 sysNum: 	25000	 MissingNum: 	0	 54549.0833333333	 288426	 2	 Protocol_Missing: 25000	 0.0	 
50000	1000	49000	 sysNum: 	25000	 MissingNum: 	0	 54308.92500000024	 287145	 2	 Protocol_Missing: 25000	 0.0	 
50000	1500	48500	 sysNum: 	25000	 MissingNum: 	0	 54306.625000000044	 287163	 2	 Protocol_Missing: 25000	 0.0	 
50000	2000	48000	 sysNum: 	25000	 MissingNum: 	0	 54516.44166666681	 288285	 2	 Protocol_Missing: 25000	 0.0	 
50000	2500	47500	 sysNum: 	25000	 MissingNum: 	0	 54349.566666666855	 287376	 2	 Protocol_Missing: 25000	 0.0	 
50000	3000	47000	 sysNum: 	25000	 MissingNum: 	0	 54288.7166666669	 287034	 2	 Protocol_Missing: 25000	 0.0	 
50000	3499	46501	 sysNum: 	24999	 MissingNum: 	0	 54704.56666666666	 289266	 2	 Protocol_Missing: 25001	 0.0	 
50000	4000	46000	 sysNum: 	25000	 MissingNum: 	0	 54534.058333333596	 288381	 2	 Protocol_Missing: 25000	 0.0	 
50000	4500	45500	 sysNum: 	25000	 MissingNum: 	0	 54293.21666666676	 287079	 2	 Protocol_Missing: 25000	 0.0	 
50000	500	49500	 sysNum: 	25000	 MissingNum: 	0	 54584.95833333341	 288633	 2	 Protocol_Missing: 25000	 0.0	 
50000	1000	49000	 sysNum: 	25000	 MissingNum: 	0	 54277.50000000037	 286965	 2	 Protocol_Missing: 25000	 0.0	 
50000	1500	48500	 sysNum: 	25000	 MissingNum: 	0	 54545.49999999998	 288450	 2	 Protocol_Missing: 25000	 0.0	 
50000	2000	48000	 sysNum: 	25000	 MissingNum: 	0	 54122.97499999966	 286191	 2	 Protocol_Missing: 25000	 0.0	 
50000	2500	47500	 sysNum: 	25000	 MissingNum: 	0	 54187.71666666681	 286503	 2	 Protocol_Missing: 25000	 0.0	 
50000	3000	47000	 sysNum: 	25000	 MissingNum: 	0	 54696.516666666976	 289221	 2	 Protocol_Missing: 25000	 0.0	 
50000	3499	46501	 sysNum: 	24999	 MissingNum: 	0	 54567.7666666666	 288546	 2	 Protocol_Missing: 25001	 0.0	 
50000	4000	46000	 sysNum: 	25000	 MissingNum: 	0	 54121.4416666664	 286224	 2	 Protocol_Missing: 25000	 0.0	 
50000	4500	45500	 sysNum: 	25000	 MissingNum: 	0	 54331.975000000195	 287307	 2	 Protocol_Missing: 25000	 0.0	 
50000	500	49500	 sysNum: 	25000	 MissingNum: 	0	 54458.041666666526	 287970	 2	 Protocol_Missing: 25000	 0.0	 
50000	1000	49000	 sysNum: 	25000	 MissingNum: 	0	 54447.93333333344	 287922	 2	 Protocol_Missing: 25000	 0.0	 
50000	1500	48500	 sysNum: 	25000	 MissingNum: 	0	 54133.333333333314	 286221	 2	 Protocol_Missing: 25000	 0.0	 
50000	2000	48000	 sysNum: 	25000	 MissingNum: 	0	 54609.96666666679	 288789	 2	 Protocol_Missing: 25000	 0.0	 
50000	2500	47500	 sysNum: 	25000	 MissingNum: 	0	 54309.666666666315	 287160	 2	 Protocol_Missing: 25000	 0.0	 
50000	3000	47000	 sysNum: 	25000	 MissingNum: 	0	 54495.508333333135	 288156	 2	 Protocol_Missing: 25000	 0.0	 
50000	3499	46501	 sysNum: 	24999	 MissingNum: 	0	 54513.574999999946	 288252	 2	 Protocol_Missing: 25001	 0.0	 
50000	4000	46000	 sysNum: 	25000	 MissingNum: 	0	 54449.7416666667	 288006	 2	 Protocol_Missing: 25000	 0.0	 
50000	4500	45500	 sysNum: 	25000	 MissingNum: 	0	 54603.124999999876	 288684	 2	 Protocol_Missing: 25000	 0.0	 
50000	500	49500	 sysNum: 	25000	 MissingNum: 	0	 54518.583333333685	 288255	 2	 Protocol_Missing: 25000	 0.0	 
50000	1000	49000	 sysNum: 	25000	 MissingNum: 	0	 54122.53333333322	 286077	 2	 Protocol_Missing: 25000	 0.0	 
50000	1500	48500	 sysNum: 	25000	 MissingNum: 	0	 54690.40833333356	 289191	 2	 Protocol_Missing: 25000	 0.0	 
50000	2000	48000	 sysNum: 	25000	 MissingNum: 	0	 54326.12500000046	 287289	 2	 Protocol_Missing: 25000	 0.0	 
50000	2500	47500	 sysNum: 	25000	 MissingNum: 	0	 54480.458333333154	 288075	 2	 Protocol_Missing: 25000	 0.0	 
50000	3000	47000	 sysNum: 	25000	 MissingNum: 	0	 54263.53333333357	 286923	 2	 Protocol_Missing: 25000	 0.0	 
50000	3499	46501	 sysNum: 	24999	 MissingNum: 	0	 54388.23333333337	 287598	 2	 Protocol_Missing: 25001	 0.0	 
50000	4000	46000	 sysNum: 	25000	 MissingNum: 	0	 54503.70833333383	 288183	 2	 Protocol_Missing: 25000	 0.0	 
50000	4500	45500	 sysNum: 	25000	 MissingNum: 	0	 54641.524999999994	 288918	 2	 Protocol_Missing: 25000	 0.0	 
50000	500	49500	 sysNum: 	25000	 MissingNum: 	0	 54650.98333333331	 288939	 2	 Protocol_Missing: 25000	 0.0	 
50000	1000	49000	 sysNum: 	25000	 MissingNum: 	0	 54467.84166666652	 288015	 2	 Protocol_Missing: 25000	 0.0	 
50000	1500	48500	 sysNum: 	25000	 MissingNum: 	0	 54775.5500000004	 289638	 2	 Protocol_Missing: 25000	 0.0	 
50000	2000	48000	 sysNum: 	25000	 MissingNum: 	0	 54576.40833333381	 288606	 2	 Protocol_Missing: 25000	 0.0	 
50000	2500	47500	 sysNum: 	25000	 MissingNum: 	0	 54386.29166666665	 287628	 2	 Protocol_Missing: 25000	 0.0	 
50000	3000	47000	 sysNum: 	25000	 MissingNum: 	0	 54497.466666666674	 288168	 2	 Protocol_Missing: 25000	 0.0	 
50000	3499	46501	 sysNum: 	24999	 MissingNum: 	0	 54477.21666666682	 288087	 2	 Protocol_Missing: 25001	 0.0	 
50000	4000	46000	 sysNum: 	25000	 MissingNum: 	0	 54360.983333333206	 287499	 2	 Protocol_Missing: 25000	 0.0	 
50000	4500	45500	 sysNum: 	25000	 MissingNum: 	0	 54450.12499999992	 287847	 2	 Protocol_Missing: 25000	 0.0	 
50000	500	49500	 sysNum: 	25000	 MissingNum: 	0	 54189.06666666666	 286485	 2	 Protocol_Missing: 25000	 0.0	 
50000	1000	49000	 sysNum: 	25000	 MissingNum: 	0	 54441.74999999973	 287829	 2	 Protocol_Missing: 25000	 0.0	 
50000	1500	48500	 sysNum: 	25000	 MissingNum: 	0	 54251.83333333321	 286815	 2	 Protocol_Missing: 25000	 0.0	 
50000	2000	48000	 sysNum: 	25000	 MissingNum: 	0	 54375.1333333332	 287526	 2	 Protocol_Missing: 25000	 0.0	 
50000	2500	47500	 sysNum: 	25000	 MissingNum: 	0	 54323.60000000021	 287262	 2	 Protocol_Missing: 25000	 0.0	 
50000	3000	47000	 sysNum: 	25000	 MissingNum: 	0	 54146.23333333309	 286356	 2	 Protocol_Missing: 25000	 0.0	 
50000	3499	46501	 sysNum: 	24999	 MissingNum: 	0	 54454.70833333296	 287958	 2	 Protocol_Missing: 25001	 0.0	 
50000	4000	46000	 sysNum: 	25000	 MissingNum: 	0	 54213.60000000039	 286605	 2	 Protocol_Missing: 25000	 0.0	 
50000	4500	45500	 sysNum: 	25000	 MissingNum: 	0	 54353.80000000006	 287361	 2	 Protocol_Missing: 25000	 0.0	 
50000	500	49500	 sysNum: 	25000	 MissingNum: 	0	 54550.59166666698	 288456	 2	 Protocol_Missing: 25000	 0.0	 
50000	1000	49000	 sysNum: 	25000	 MissingNum: 	0	 54436.61666666687	 287835	 2	 Protocol_Missing: 25000	 0.0	 
50000	1500	48500	 sysNum: 	25000	 MissingNum: 	0	 54253.6416666669	 286899	 2	 Protocol_Missing: 25000	 0.0	 
50000	2000	48000	 sysNum: 	25000	 MissingNum: 	0	 54455.6666666669	 287934	 2	 Protocol_Missing: 25000	 0.0	 
50000	2500	47500	 sysNum: 	25000	 MissingNum: 	0	 54401.54166666669	 287646	 2	 Protocol_Missing: 25000	 0.0	 
50000	3000	47000	 sysNum: 	25000	 MissingNum: 	0	 54117.266666666976	 286116	 2	 Protocol_Missing: 25000	 0.0	 
50000	3499	46501	 sysNum: 	24999	 MissingNum: 	0	 54594.88333333387	 288696	 2	 Protocol_Missing: 25001	 0.0	 
50000	4000	46000	 sysNum: 	25000	 MissingNum: 	0	 54349.941666667044	 287403	 2	 Protocol_Missing: 25000	 0.0	 
50000	4500	45500	 sysNum: 	25000	 MissingNum: 	0	 54297.15833333347	 287085	 2	 Protocol_Missing: 25000	 0.0	 
50000	500	49500	 sysNum: 	25000	 MissingNum: 	0	 54371.99166666696	 287502	 2	 Protocol_Missing: 25000	 0.0	 
50000	1000	49000	 sysNum: 	25000	 MissingNum: 	0	 54298.54166666687	 287169	 2	 Protocol_Missing: 25000	 0.0	 
50000	1500	48500	 sysNum: 	25000	 MissingNum: 	0	 54320.849999999904	 287253	 2	 Protocol_Missing: 25000	 0.0	 
50000	2000	48000	 sysNum: 	25000	 MissingNum: 	0	 54170.45833333311	 286446	 2	 Protocol_Missing: 25000	 0.0	 
50000	2500	47500	 sysNum: 	25000	 MissingNum: 	0	 54385.79999999964	 287460	 2	 Protocol_Missing: 25000	 0.0	 
50000	3000	47000	 sysNum: 	25000	 MissingNum: 	0	 54328.425	 287271	 2	 Protocol_Missing: 25000	 0.0	 
50000	3499	46501	 sysNum: 	24999	 MissingNum: 	0	 54261.80833333322	 286941	 2	 Protocol_Missing: 25001	 0.0	 
50000	4000	46000	 sysNum: 	25000	 MissingNum: 	0	 54377.57500000017	 287568	 2	 Protocol_Missing: 25000	 0.0	 
50000	4500	45500	 sysNum: 	25000	 MissingNum: 	0	 54313.9916666663	 287169	 2	 Protocol_Missing: 25000	 0.0	 
50000	500	49500	 sysNum: 	25000	 MissingNum: 	0	 54183.17499999968	 286488	 2	 Protocol_Missing: 25000	 0.0	 
50000	1000	49000	 sysNum: 	25000	 MissingNum: 	0	 54272.26666666663	 287025	 2	 Protocol_Missing: 25000	 0.0	 
50000	1500	48500	 sysNum: 	25000	 MissingNum: 	0	 54309.89166666656	 287151	 2	 Protocol_Missing: 25000	 0.0	 
50000	2000	48000	 sysNum: 	25000	 MissingNum: 	0	 54373.47499999988	 287478	 2	 Protocol_Missing: 25000	 0.0	 
50000	2500	47500	 sysNum: 	25000	 MissingNum: 	0	 54475.89166666675	 288042	 2	 Protocol_Missing: 25000	 0.0	 
50000	3000	47000	 sysNum: 	25000	 MissingNum: 	0	 54125.21666666629	 286242	 2	 Protocol_Missing: 25000	 0.0	 
50000	3499	46501	 sysNum: 	24999	 MissingNum: 	0	 54407.924999999625	 287649	 2	 Protocol_Missing: 25001	 0.0	 
50000	4000	46000	 sysNum: 	25000	 MissingNum: 	0	 54420.11666666659	 287727	 2	 Protocol_Missing: 25000	 0.0	 
50000	4500	45500	 sysNum: 	25000	 MissingNum: 	0	 54366.316666666644	 287376	 2	 Protocol_Missing: 25000	 0.0	 
50000	500	49500	 sysNum: 	25000	 MissingNum: 	0	 54560.88333333412	 288426	 2	 Protocol_Missing: 25000	 0.0	 
50000	1000	49000	 sysNum: 	25000	 MissingNum: 	0	 54476.82500000025	 288081	 2	 Protocol_Missing: 25000	 0.0	 
50000	1500	48500	 sysNum: 	25000	 MissingNum: 	0	 54383.7250000005	 287559	 2	 Protocol_Missing: 25000	 0.0	 
50000	2000	48000	 sysNum: 	25000	 MissingNum: 	0	 54342.599999999875	 287352	 2	 Protocol_Missing: 25000	 0.0	 
50000	2500	47500	 sysNum: 	25000	 MissingNum: 	0	 54342.40833333322	 287328	 2	 Protocol_Missing: 25000	 0.0	 
50000	3000	47000	 sysNum: 	25000	 MissingNum: 	0	 54238.0416666666	 286809	 2	 Protocol_Missing: 25000	 0.0	 
50000	3499	46501	 sysNum: 	24999	 MissingNum: 	0	 54485.61666666659	 288087	 2	 Protocol_Missing: 25001	 0.0	 
50000	4000	46000	 sysNum: 	25000	 MissingNum: 	0	 54582.40833333353	 288543	 2	 Protocol_Missing: 25000	 0.0	 
50000	4500	45500	 sysNum: 	25000	 MissingNum: 	0	 54231.89999999961	 286821	 2	 Protocol_Missing: 25000	 0.0	 
50000	500	49500	 sysNum: 	25000	 MissingNum: 	0	 54301.15833333325	 287121	 2	 Protocol_Missing: 25000	 0.0	 
50000	1000	49000	 sysNum: 	25000	 MissingNum: 	0	 54420.174999999996	 287739	 2	 Protocol_Missing: 25000	 0.0	 
50000	1500	48500	 sysNum: 	25000	 MissingNum: 	0	 53969.8166666665	 285333	 2	 Protocol_Missing: 25000	 0.0	 
50000	2000	48000	 sysNum: 	25000	 MissingNum: 	0	 54343.03333333345	 287382	 2	 Protocol_Missing: 25000	 0.0	 
50000	2500	47500	 sysNum: 	25000	 MissingNum: 	0	 54018.02499999971	 285597	 2	 Protocol_Missing: 25000	 0.0	 
50000	3000	47000	 sysNum: 	25000	 MissingNum: 	0	 54137.27499999992	 286272	 2	 Protocol_Missing: 25000	 0.0	 
50000	3499	46501	 sysNum: 	24999	 MissingNum: 	0	 54283.38333333327	 287103	 2	 Protocol_Missing: 25001	 0.0	 
50000	4000	46000	 sysNum: 	25000	 MissingNum: 	0	 53986.816666666615	 285477	 2	 Protocol_Missing: 25000	 0.0	 
50000	4500	45500	 sysNum: 	25000	 MissingNum: 	0	 54510.33333333364	 288264	 2	 Protocol_Missing: 25000	 0.0	 
50000	500	49500	 sysNum: 	25000	 MissingNum: 	0	 54216.15833333359	 286725	 2	 Protocol_Missing: 25000	 0.0	 
50000	1000	49000	 sysNum: 	25000	 MissingNum: 	0	 54565.49999999988	 288459	 2	 Protocol_Missing: 25000	 0.0	 
50000	1500	48500	 sysNum: 	25000	 MissingNum: 	0	 54294.4833333335	 287076	 2	 Protocol_Missing: 25000	 0.0	 
50000	2000	48000	 sysNum: 	25000	 MissingNum: 	0	 54329.99999999998	 287262	 2	 Protocol_Missing: 25000	 0.0	 
50000	2500	47500	 sysNum: 	25000	 MissingNum: 	0	 54116.533333333056	 286194	 2	 Protocol_Missing: 25000	 0.0	 
50000	3000	47000	 sysNum: 	25000	 MissingNum: 	0	 54396.11666666673	 287610	 2	 Protocol_Missing: 25000	 0.0	 
50000	3499	46501	 sysNum: 	24999	 MissingNum: 	0	 54365.17499999977	 287523	 2	 Protocol_Missing: 25001	 0.0	 
50000	4000	46000	 sysNum: 	25000	 MissingNum: 	0	 54550.875000000335	 288378	 2	 Protocol_Missing: 25000	 0.0	 
50000	4500	45500	 sysNum: 	25000	 MissingNum: 	0	 54336.75833333358	 287328	 2	 Protocol_Missing: 25000	 0.0	 
50000	500	49500	 sysNum: 	25000	 MissingNum: 	0	 54314.433333333436	 287211	 2	 Protocol_Missing: 25000	 0.0	 
50000	1000	49000	 sysNum: 	25000	 MissingNum: 	0	 54262.26666666674	 286926	 2	 Protocol_Missing: 25000	 0.0	 
50000	1500	48500	 sysNum: 	25000	 MissingNum: 	0	 54537.90000000022	 288360	 2	 Protocol_Missing: 25000	 0.0	 
50000	2000	48000	 sysNum: 	25000	 MissingNum: 	0	 54395.5	 287667	 2	 Protocol_Missing: 25000	 0.0	 
50000	2500	47500	 sysNum: 	25000	 MissingNum: 	0	 54153.350000000166	 286353	 2	 Protocol_Missing: 25000	 0.0	 
50000	3000	47000	 sysNum: 	25000	 MissingNum: 	0	 54425.416666666555	 287781	 2	 Protocol_Missing: 25000	 0.0	 
50000	3499	46501	 sysNum: 	24999	 MissingNum: 	0	 54458.79166666695	 287979	 2	 Protocol_Missing: 25001	 0.0	 
50000	4000	46000	 sysNum: 	25000	 MissingNum: 	0	 54235.59166666615	 286746	 2	 Protocol_Missing: 25000	 0.0	 
50000	4500	45500	 sysNum: 	25000	 MissingNum: 	0	 54559.908333333835	 288534	 2	 Protocol_Missing: 25000	 0.0	 
50000	500	49500	 sysNum: 	25000	 MissingNum: 	0	 54496.41666666696	 288150	 2	 Protocol_Missing: 25000	 0.0	 
50000	1000	49000	 sysNum: 	25000	 MissingNum: 	0	 54605.349999999955	 288738	 2	 Protocol_Missing: 25000	 0.0	 
50000	1500	48500	 sysNum: 	25000	 MissingNum: 	0	 54704.51666666695	 289293	 2	 Protocol_Missing: 25000	 0.0	 
50000	2000	48000	 sysNum: 	25000	 MissingNum: 	0	 54460.02500000008	 287937	 2	 Protocol_Missing: 25000	 0.0	 
50000	2500	47500	 sysNum: 	25000	 MissingNum: 	0	 54434.47500000035	 287856	 2	 Protocol_Missing: 25000	 0.0	 
50000	3000	47000	 sysNum: 	25000	 MissingNum: 	0	 54307.39166666679	 287124	 2	 Protocol_Missing: 25000	 0.0	 
50000	3499	46501	 sysNum: 	24999	 MissingNum: 	0	 54247.24166666654	 286872	 2	 Protocol_Missing: 25001	 0.0	 
50000	4000	46000	 sysNum: 	25000	 MissingNum: 	0	 54406.33333333369	 287742	 2	 Protocol_Missing: 25000	 0.0	 
50000	4500	45500	 sysNum: 	25000	 MissingNum: 	0	 54408.616666666334	 287700	 2	 Protocol_Missing: 25000	 0.0	 
50000	500	49500	 sysNum: 	25000	 MissingNum: 	0	 54509.30000000011	 288207	 2	 Protocol_Missing: 25000	 0.0	 
50000	1000	49000	 sysNum: 	25000	 MissingNum: 	0	 54443.02500000026	 287820	 2	 Protocol_Missing: 25000	 0.0	 
50000	1500	48500	 sysNum: 	25000	 MissingNum: 	0	 54195.64166666644	 286512	 2	 Protocol_Missing: 25000	 0.0	 
50000	2000	48000	 sysNum: 	25000	 MissingNum: 	0	 54058.575000000026	 285876	 2	 Protocol_Missing: 25000	 0.0	 
50000	2500	47500	 sysNum: 	25000	 MissingNum: 	0	 54323.65833333364	 287229	 2	 Protocol_Missing: 25000	 0.0	 
50000	3000	47000	 sysNum: 	25000	 MissingNum: 	0	 54341.97500000005	 287370	 2	 Protocol_Missing: 25000	 0.0	 
50000	3499	46501	 sysNum: 	24999	 MissingNum: 	0	 54041.258333333244	 285753	 2	 Protocol_Missing: 25001	 0.0	 
50000	4000	46000	 sysNum: 	25000	 MissingNum: 	0	 54351.024999999936	 287370	 2	 Protocol_Missing: 25000	 0.0	 
50000	4500	45500	 sysNum: 	25000	 MissingNum: 	0	 54648.241666667	 288897	 2	 Protocol_Missing: 25000	 0.0	 
50000	500	49500	 sysNum: 	25000	 MissingNum: 	0	 54258.31666666666	 286926	 2	 Protocol_Missing: 25000	 0.0	 
50000	1000	49000	 sysNum: 	25000	 MissingNum: 	0	 54267.59999999983	 286902	 2	 Protocol_Missing: 25000	 0.0	 
50000	1500	48500	 sysNum: 	25000	 MissingNum: 	0	 54474.725000000384	 288054	 2	 Protocol_Missing: 25000	 0.0	 
50000	2000	48000	 sysNum: 	25000	 MissingNum: 	0	 54580.183333333705	 288606	 2	 Protocol_Missing: 25000	 0.0	 
50000	2500	47500	 sysNum: 	25000	 MissingNum: 	0	 54658.908333333646	 288993	 2	 Protocol_Missing: 25000	 0.0	 
50000	3000	47000	 sysNum: 	25000	 MissingNum: 	0	 54301.733333333104	 287112	 2	 Protocol_Missing: 25000	 0.0	 
50000	3499	46501	 sysNum: 	24999	 MissingNum: 	0	 54533.30833333336	 288354	 2	 Protocol_Missing: 25001	 0.0	 
50000	4000	46000	 sysNum: 	25000	 MissingNum: 	0	 54477.39166666697	 288069	 2	 Protocol_Missing: 25000	 0.0	 
50000	4500	45500	 sysNum: 	25000	 MissingNum: 	0	 54203.825000000135	 286623	 2	 Protocol_Missing: 25000	 0.0	 
50000	500	49500	 sysNum: 	25000	 MissingNum: 	0	 54419.50833333321	 287814	 2	 Protocol_Missing: 25000	 0.0	 
50000	1000	49000	 sysNum: 	25000	 MissingNum: 	0	 54463.19166666681	 288033	 2	 Protocol_Missing: 25000	 0.0	 
50000	1500	48500	 sysNum: 	25000	 MissingNum: 	0	 54590.050000000156	 288594	 2	 Protocol_Missing: 25000	 0.0	 
50000	2000	48000	 sysNum: 	25000	 MissingNum: 	0	 54283.50833333377	 287076	 2	 Protocol_Missing: 25000	 0.0	 
50000	2500	47500	 sysNum: 	25000	 MissingNum: 	0	 53960.84999999987	 285282	 2	 Protocol_Missing: 25000	 0.0	 
50000	3000	47000	 sysNum: 	25000	 MissingNum: 	0	 54294.516666666845	 287160	 2	 Protocol_Missing: 25000	 0.0	 
50000	3499	46501	 sysNum: 	24999	 MissingNum: 	0	 54209.71666666662	 286638	 2	 Protocol_Missing: 25001	 0.0	 
50000	4000	46000	 sysNum: 	25000	 MissingNum: 	0	 54439.29166666627	 287835	 2	 Protocol_Missing: 25000	 0.0	 
50000	4500	45500	 sysNum: 	25000	 MissingNum: 	0	 54304.99166666652	 287124	 2	 Protocol_Missing: 25000	 0.0	 
50000	500	49500	 sysNum: 	25000	 MissingNum: 	0	 54269.88333333317	 286986	 2	 Protocol_Missing: 25000	 0.0	 
50000	1000	49000	 sysNum: 	25000	 MissingNum: 	0	 54299.041666666555	 287169	 2	 Protocol_Missing: 25000	 0.0	 
50000	1500	48500	 sysNum: 	25000	 MissingNum: 	0	 54665.50833333326	 289011	 2	 Protocol_Missing: 25000	 0.0	 
50000	2000	48000	 sysNum: 	25000	 MissingNum: 	0	 54701.75833333376	 289272	 2	 Protocol_Missing: 25000	 0.0	 
50000	2500	47500	 sysNum: 	25000	 MissingNum: 	0	 53963.608333333344	 285420	 2	 Protocol_Missing: 25000	 0.0	 
50000	3000	47000	 sysNum: 	25000	 MissingNum: 	0	 54642.98333333352	 288903	 2	 Protocol_Missing: 25000	 0.0	 
50000	3499	46501	 sysNum: 	24999	 MissingNum: 	0	 54699.11666666689	 289239	 2	 Protocol_Missing: 25001	 0.0	 
50000	4000	46000	 sysNum: 	25000	 MissingNum: 	0	 54385.92500000034	 287514	 2	 Protocol_Missing: 25000	 0.0	 
50000	4500	45500	 sysNum: 	25000	 MissingNum: 	0	 54269.78333333315	 286986	 2	 Protocol_Missing: 25000	 0.0	 
50000	500	49500	 sysNum: 	25000	 MissingNum: 	0	 54504.516666666874	 288204	 2	 Protocol_Missing: 25000	 0.0	 
50000	1000	49000	 sysNum: 	25000	 MissingNum: 	0	 54194.18333333318	 286572	 2	 Protocol_Missing: 25000	 0.0	 
50000	1500	48500	 sysNum: 	25000	 MissingNum: 	0	 54203.2666666669	 286647	 2	 Protocol_Missing: 25000	 0.0	 
50000	2000	48000	 sysNum: 	25000	 MissingNum: 	0	 54384.10000000024	 287568	 2	 Protocol_Missing: 25000	 0.0	 
50000	2500	47500	 sysNum: 	25000	 MissingNum: 	0	 54397.424999999865	 287667	 2	 Protocol_Missing: 25000	 0.0	 
50000	3000	47000	 sysNum: 	25000	 MissingNum: 	0	 54732.57500000003	 289377	 2	 Protocol_Missing: 25000	 0.0	 
50000	3499	46501	 sysNum: 	24999	 MissingNum: 	0	 54272.81666666654	 286980	 2	 Protocol_Missing: 25001	 0.0	 
50000	4000	46000	 sysNum: 	25000	 MissingNum: 	0	 54265.17500000007	 286947	 2	 Protocol_Missing: 25000	 0.0	 
50000	4500	45500	 sysNum: 	25000	 MissingNum: 	0	 54163.25833333289	 286365	 2	 Protocol_Missing: 25000	 0.0	 
50000	500	49500	 sysNum: 	25000	 MissingNum: 	0	 54446.033333333726	 287886	 2	 Protocol_Missing: 25000	 0.0	 
50000	1000	49000	 sysNum: 	25000	 MissingNum: 	0	 54248.991666666574	 286890	 2	 Protocol_Missing: 25000	 0.0	 
50000	1500	48500	 sysNum: 	25000	 MissingNum: 	0	 54319.925000000134	 287235	 2	 Protocol_Missing: 25000	 0.0	 
50000	2000	48000	 sysNum: 	25000	 MissingNum: 	0	 54283.44166666714	 287016	 2	 Protocol_Missing: 25000	 0.0	 
50000	2500	47500	 sysNum: 	25000	 MissingNum: 	0	 54414.199999999924	 287703	 2	 Protocol_Missing: 25000	 0.0	 
50000	3000	47000	 sysNum: 	25000	 MissingNum: 	0	 54271.48333333317	 287031	 2	 Protocol_Missing: 25000	 0.0	 
50000	3499	46501	 sysNum: 	24999	 MissingNum: 	0	 54379.79166666677	 287457	 2	 Protocol_Missing: 25001	 0.0	 
50000	4000	46000	 sysNum: 	25000	 MissingNum: 	0	 54341.14166666653	 287349	 2	 Protocol_Missing: 25000	 0.0	 
50000	4500	45500	 sysNum: 	25000	 MissingNum: 	0	 54504.57500000001	 288207	 2	 Protocol_Missing: 25000	 0.0	 
50000	500	49500	 sysNum: 	25000	 MissingNum: 	0	 54446.23333333355	 287940	 2	 Protocol_Missing: 25000	 0.0	 
50000	1000	49000	 sysNum: 	25000	 MissingNum: 	0	 54185.42499999993	 286488	 2	 Protocol_Missing: 25000	 0.0	 
50000	1500	48500	 sysNum: 	25000	 MissingNum: 	0	 54161.48333333287	 286374	 2	 Protocol_Missing: 25000	 0.0	 
50000	2000	48000	 sysNum: 	25000	 MissingNum: 	0	 54185.716666667235	 286539	 2	 Protocol_Missing: 25000	 0.0	 
50000	2500	47500	 sysNum: 	25000	 MissingNum: 	0	 54319.01666666691	 287205	 2	 Protocol_Missing: 25000	 0.0	 
50000	3000	47000	 sysNum: 	25000	 MissingNum: 	0	 54310.31666666678	 287259	 2	 Protocol_Missing: 25000	 0.0	 
50000	3499	46501	 sysNum: 	24999	 MissingNum: 	0	 54312.55000000043	 287262	 2	 Protocol_Missing: 25001	 0.0	 
50000	4000	46000	 sysNum: 	25000	 MissingNum: 	0	 54279.0833333335	 287013	 2	 Protocol_Missing: 25000	 0.0	 
50000	4500	45500	 sysNum: 	25000	 MissingNum: 	0	 54473.658333333704	 288039	 2	 Protocol_Missing: 25000	 0.0	 
50000	500	49500	 sysNum: 	25000	 MissingNum: 	0	 54381.19166666694	 287484	 2	 Protocol_Missing: 25000	 0.0	 
50000	1000	49000	 sysNum: 	25000	 MissingNum: 	0	 54401.975000000115	 287640	 2	 Protocol_Missing: 25000	 0.0	 
50000	1500	48500	 sysNum: 	25000	 MissingNum: 	0	 54386.79166666643	 287556	 2	 Protocol_Missing: 25000	 0.0	 
50000	2000	48000	 sysNum: 	25000	 MissingNum: 	0	 54307.93333333346	 287184	 2	 Protocol_Missing: 25000	 0.0	 
50000	2500	47500	 sysNum: 	25000	 MissingNum: 	0	 54500.825000000135	 288171	 2	 Protocol_Missing: 25000	 0.0	 
50000	3000	47000	 sysNum: 	25000	 MissingNum: 	0	 54266.708333332994	 286959	 2	 Protocol_Missing: 25000	 0.0	 
50000	3499	46501	 sysNum: 	24999	 MissingNum: 	0	 54605.599999999984	 288756	 2	 Protocol_Missing: 25001	 0.0	 
50000	4000	46000	 sysNum: 	25000	 MissingNum: 	0	 54368.96666666684	 287520	 2	 Protocol_Missing: 25000	 0.0	 
50000	4500	45500	 sysNum: 	25000	 MissingNum: 	0	 54369.758333333615	 287526	 2	 Protocol_Missing: 25000	 0.0	 
50000	500	49500	 sysNum: 	25000	 MissingNum: 	0	 54513.32499999974	 288279	 2	 Protocol_Missing: 25000	 0.0	 
50000	1000	49000	 sysNum: 	25000	 MissingNum: 	0	 54406.699999999975	 287685	 2	 Protocol_Missing: 25000	 0.0	 
50000	1500	48500	 sysNum: 	25000	 MissingNum: 	0	 54554.95833333332	 288498	 2	 Protocol_Missing: 25000	 0.0	 
50000	2000	48000	 sysNum: 	25000	 MissingNum: 	0	 54262.94166666654	 286953	 2	 Protocol_Missing: 25000	 0.0	 
50000	2500	47500	 sysNum: 	25000	 MissingNum: 	0	 54241.21666666652	 286827	 2	 Protocol_Missing: 25000	 0.0	 
50000	3000	47000	 sysNum: 	25000	 MissingNum: 	0	 54703.86666666706	 289194	 2	 Protocol_Missing: 25000	 0.0	 
50000	3499	46501	 sysNum: 	24999	 MissingNum: 	0	 54280.92500000013	 287046	 2	 Protocol_Missing: 25001	 0.0	 
50000	4000	46000	 sysNum: 	25000	 MissingNum: 	0	 54386.89166666618	 287547	 2	 Protocol_Missing: 25000	 0.0	 
50000	4500	45500	 sysNum: 	25000	 MissingNum: 	0	 54045.57500000015	 285750	 2	 Protocol_Missing: 25000	 0.0	 
50000	500	49500	 sysNum: 	25000	 MissingNum: 	0	 54162.71666666624	 286431	 2	 Protocol_Missing: 25000	 0.0	 
50000	1000	49000	 sysNum: 	25000	 MissingNum: 	0	 54563.03333333323	 288498	 2	 Protocol_Missing: 25000	 0.0	 
50000	1500	48500	 sysNum: 	25000	 MissingNum: 	0	 54343.74166666666	 287322	 2	 Protocol_Missing: 25000	 0.0	 
50000	2000	48000	 sysNum: 	25000	 MissingNum: 	0	 54382.65833333335	 287535	 2	 Protocol_Missing: 25000	 0.0	 
50000	2500	47500	 sysNum: 	25000	 MissingNum: 	0	 54506.83333333326	 288183	 2	 Protocol_Missing: 25000	 0.0	 
50000	3000	47000	 sysNum: 	25000	 MissingNum: 	0	 54077.93333333304	 285906	 2	 Protocol_Missing: 25000	 0.0	 
50000	3499	46501	 sysNum: 	24999	 MissingNum: 	0	 54521.12499999979	 288288	 2	 Protocol_Missing: 25001	 0.0	 
50000	4000	46000	 sysNum: 	25000	 MissingNum: 	0	 54216.45833333303	 286716	 2	 Protocol_Missing: 25000	 0.0	 
50000	4500	45500	 sysNum: 	25000	 MissingNum: 	0	 54555.31666666713	 288483	 2	 Protocol_Missing: 25000	 0.0	 
50000	500	49500	 sysNum: 	25000	 MissingNum: 	0	 54397.33333333363	 287616	 2	 Protocol_Missing: 25000	 0.0	 
50000	1000	49000	 sysNum: 	25000	 MissingNum: 	0	 54690.1333333337	 289128	 2	 Protocol_Missing: 25000	 0.0	 
50000	1500	48500	 sysNum: 	25000	 MissingNum: 	0	 54723.54166666678	 289374	 2	 Protocol_Missing: 25000	 0.0	 
50000	2000	48000	 sysNum: 	25000	 MissingNum: 	0	 54528.08333333344	 288399	 2	 Protocol_Missing: 25000	 0.0	 
50000	2500	47500	 sysNum: 	25000	 MissingNum: 	0	 54349.75000000034	 287397	 2	 Protocol_Missing: 25000	 0.0	 
50000	3000	47000	 sysNum: 	25000	 MissingNum: 	0	 54543.958333333554	 288462	 2	 Protocol_Missing: 25000	 0.0	 
50000	3499	46501	 sysNum: 	24999	 MissingNum: 	0	 54300.57500000009	 287100	 2	 Protocol_Missing: 25001	 0.0	 
50000	4000	46000	 sysNum: 	25000	 MissingNum: 	0	 54594.56666666699	 288627	 2	 Protocol_Missing: 25000	 0.0	 
50000	4500	45500	 sysNum: 	25000	 MissingNum: 	0	 54501.29166666657	 288177	 2	 Protocol_Missing: 25000	 0.0	 
50000	500	49500	 sysNum: 	25000	 MissingNum: 	0	 54533.54166666681	 288411	 2	 Protocol_Missing: 25000	 0.0	 
50000	1000	49000	 sysNum: 	25000	 MissingNum: 	0	 54494.63333333364	 288201	 2	 Protocol_Missing: 25000	 0.0	 
50000	1500	48500	 sysNum: 	25000	 MissingNum: 	0	 54556.08333333332	 288390	 2	 Protocol_Missing: 25000	 0.0	 
50000	2000	48000	 sysNum: 	25000	 MissingNum: 	0	 54339.45833333364	 287328	 2	 Protocol_Missing: 25000	 0.0	 
50000	2500	47500	 sysNum: 	25000	 MissingNum: 	0	 54298.03333333311	 287112	 2	 Protocol_Missing: 25000	 0.0	 
50000	3000	47000	 sysNum: 	25000	 MissingNum: 	0	 54311.49999999979	 287145	 2	 Protocol_Missing: 25000	 0.0	 
50000	3499	46501	 sysNum: 	24999	 MissingNum: 	0	 54376.69166666666	 287556	 2	 Protocol_Missing: 25001	 0.0	 
50000	4000	46000	 sysNum: 	25000	 MissingNum: 	0	 54462.616666667	 287907	 2	 Protocol_Missing: 25000	 0.0	 
50000	4500	45500	 sysNum: 	25000	 MissingNum: 	0	 54436.441666667204	 287889	 2	 Protocol_Missing: 25000	 0.0	 
50000	500	49500	 sysNum: 	25000	 MissingNum: 	0	 54393.333333333816	 287634	 2	 Protocol_Missing: 25000	 0.0	 
50000	1000	49000	 sysNum: 	25000	 MissingNum: 	0	 54372.299999999894	 287523	 2	 Protocol_Missing: 25000	 0.0	 
50000	1500	48500	 sysNum: 	25000	 MissingNum: 	0	 54419.74166666694	 287790	 2	 Protocol_Missing: 25000	 0.0	 
50000	2000	48000	 sysNum: 	25000	 MissingNum: 	0	 54189.90833333311	 286572	 2	 Protocol_Missing: 25000	 0.0	 
50000	2500	47500	 sysNum: 	25000	 MissingNum: 	0	 54591.19166666687	 288663	 2	 Protocol_Missing: 25000	 0.0	 
50000	3000	47000	 sysNum: 	25000	 MissingNum: 	0	 54565.03333333356	 288516	 2	 Protocol_Missing: 25000	 0.0	 
50000	3499	46501	 sysNum: 	24999	 MissingNum: 	0	 54606.55000000013	 288729	 2	 Protocol_Missing: 25001	 0.0	 
50000	4000	46000	 sysNum: 	25000	 MissingNum: 	0	 54478.058333333305	 288057	 2	 Protocol_Missing: 25000	 0.0	 
50000	4500	45500	 sysNum: 	25000	 MissingNum: 	0	 54502.44166666654	 288195	 2	 Protocol_Missing: 25000	 0.0	 
50000	500	49500	 sysNum: 	25000	 MissingNum: 	0	 54428.508333333375	 287805	 2	 Protocol_Missing: 25000	 0.0	 
50000	1000	49000	 sysNum: 	25000	 MissingNum: 	0	 53914.791666666366	 285063	 2	 Protocol_Missing: 25000	 0.0	 
50000	1500	48500	 sysNum: 	25000	 MissingNum: 	0	 54246.81666666662	 286818	 2	 Protocol_Missing: 25000	 0.0	 
50000	2000	48000	 sysNum: 	25000	 MissingNum: 	0	 54227.99166666677	 286710	 2	 Protocol_Missing: 25000	 0.0	 
50000	2500	47500	 sysNum: 	25000	 MissingNum: 	0	 54444.64166666709	 287880	 2	 Protocol_Missing: 25000	 0.0	 
50000	3000	47000	 sysNum: 	25000	 MissingNum: 	0	 54468.47499999974	 288036	 2	 Protocol_Missing: 25000	 0.0	 
50000	3499	46501	 sysNum: 	24999	 MissingNum: 	0	 54195.6166666665	 286575	 2	 Protocol_Missing: 25001	 0.0	 
50000	4000	46000	 sysNum: 	25000	 MissingNum: 	0	 54468.408333333355	 288030	 2	 Protocol_Missing: 25000	 0.0	 
50000	4500	45500	 sysNum: 	25000	 MissingNum: 	0	 54597.45833333362	 288678	 2	 Protocol_Missing: 25000	 0.0	 
50000	500	49500	 sysNum: 	25000	 MissingNum: 	0	 54252.31666666671	 286872	 2	 Protocol_Missing: 25000	 0.0	 
50000	1000	49000	 sysNum: 	25000	 MissingNum: 	0	 54204.683333332985	 286617	 2	 Protocol_Missing: 25000	 0.0	 
50000	1500	48500	 sysNum: 	25000	 MissingNum: 	0	 54163.70833333326	 286347	 2	 Protocol_Missing: 25000	 0.0	 
50000	2000	48000	 sysNum: 	25000	 MissingNum: 	0	 54425.524999999994	 287838	 2	 Protocol_Missing: 25000	 0.0	 
50000	2500	47500	 sysNum: 	25000	 MissingNum: 	0	 54218.48333333324	 286716	 2	 Protocol_Missing: 25000	 0.0	 
50000	3000	47000	 sysNum: 	25000	 MissingNum: 	0	 54539.85833333349	 288345	 2	 Protocol_Missing: 25000	 0.0	 
50000	3499	46501	 sysNum: 	24999	 MissingNum: 	0	 54487.40833333345	 288120	 2	 Protocol_Missing: 25001	 0.0	 
50000	4000	46000	 sysNum: 	25000	 MissingNum: 	0	 54182.22500000002	 286452	 2	 Protocol_Missing: 25000	 0.0	 
50000	4500	45500	 sysNum: 	25000	 MissingNum: 	0	 54502.26666666658	 288249	 2	 Protocol_Missing: 25000	 0.0	 
50000	500	49500	 sysNum: 	25000	 MissingNum: 	0	 54249.20833333315	 286815	 2	 Protocol_Missing: 25000	 0.0	 
50000	1000	49000	 sysNum: 	25000	 MissingNum: 	0	 54637.72500000013	 288891	 2	 Protocol_Missing: 25000	 0.0	 
50000	1500	48500	 sysNum: 	25000	 MissingNum: 	0	 54594.150000000525	 288657	 2	 Protocol_Missing: 25000	 0.0	 
50000	2000	48000	 sysNum: 	25000	 MissingNum: 	0	 54659.18333333343	 289011	 2	 Protocol_Missing: 25000	 0.0	 
50000	2500	47500	 sysNum: 	25000	 MissingNum: 	0	 54187.38333333346	 286554	 2	 Protocol_Missing: 25000	 0.0	 
50000	3000	47000	 sysNum: 	25000	 MissingNum: 	0	 54560.00833333389	 288480	 2	 Protocol_Missing: 25000	 0.0	 
50000	3499	46501	 sysNum: 	24999	 MissingNum: 	0	 54355.43333333359	 287418	 2	 Protocol_Missing: 25001	 0.0	 
50000	4000	46000	 sysNum: 	25000	 MissingNum: 	0	 54347.183333333654	 287346	 2	 Protocol_Missing: 25000	 0.0	 
50000	4500	45500	 sysNum: 	25000	 MissingNum: 	0	 54014.91666666635	 285657	 2	 Protocol_Missing: 25000	 0.0	 
50000	500	49500	 sysNum: 	25000	 MissingNum: 	0	 54442.291666666875	 287907	 2	 Protocol_Missing: 25000	 0.0	 
50000	1000	49000	 sysNum: 	25000	 MissingNum: 	0	 54087.46666666681	 285999	 2	 Protocol_Missing: 25000	 0.0	 
50000	1500	48500	 sysNum: 	25000	 MissingNum: 	0	 54583.125000000386	 288666	 2	 Protocol_Missing: 25000	 0.0	 
50000	2000	48000	 sysNum: 	25000	 MissingNum: 	0	 54461.41666666693	 287952	 2	 Protocol_Missing: 25000	 0.0	 
50000	2500	47500	 sysNum: 	25000	 MissingNum: 	0	 54168.09166666669	 286440	 2	 Protocol_Missing: 25000	 0.0	 
50000	3000	47000	 sysNum: 	25000	 MissingNum: 	0	 54380.16666666673	 287565	 2	 Protocol_Missing: 25000	 0.0	 
50000	3499	46501	 sysNum: 	24999	 MissingNum: 	0	 54744.70000000017	 289404	 2	 Protocol_Missing: 25001	 0.0	 
50000	4000	46000	 sysNum: 	25000	 MissingNum: 	0	 54358.27499999995	 287424	 2	 Protocol_Missing: 25000	 0.0	 
50000	4500	45500	 sysNum: 	25000	 MissingNum: 	0	 54777.033333333726	 289605	 2	 Protocol_Missing: 25000	 0.0	 
50000	500	49500	 sysNum: 	25000	 MissingNum: 	0	 54473.88333333337	 288003	 2	 Protocol_Missing: 25000	 0.0	 
50000	1000	49000	 sysNum: 	25000	 MissingNum: 	0	 54222.066666666775	 286728	 2	 Protocol_Missing: 25000	 0.0	 
50000	1500	48500	 sysNum: 	25000	 MissingNum: 	0	 54279.083333333474	 287022	 2	 Protocol_Missing: 25000	 0.0	 
50000	2000	48000	 sysNum: 	25000	 MissingNum: 	0	 54214.61666666681	 286665	 2	 Protocol_Missing: 25000	 0.0	 
50000	2500	47500	 sysNum: 	25000	 MissingNum: 	0	 54172.49166666615	 286467	 2	 Protocol_Missing: 25000	 0.0	 
50000	3000	47000	 sysNum: 	25000	 MissingNum: 	0	 54417.21666666669	 287790	 2	 Protocol_Missing: 25000	 0.0	 
50000	3499	46501	 sysNum: 	24999	 MissingNum: 	0	 54396.24166666682	 287610	 2	 Protocol_Missing: 25001	 0.0	 
50000	4000	46000	 sysNum: 	25000	 MissingNum: 	0	 54442.916666666555	 287961	 2	 Protocol_Missing: 25000	 0.0	 
50000	4500	45500	 sysNum: 	25000	 MissingNum: 	0	 54345.49999999981	 287370	 2	 Protocol_Missing: 25000	 0.0	 
50000	500	49500	 sysNum: 	25000	 MissingNum: 	0	 54414.38333333341	 287715	 2	 Protocol_Missing: 25000	 0.0	 
50000	1000	49000	 sysNum: 	25000	 MissingNum: 	0	 54160.89999999997	 286416	 2	 Protocol_Missing: 25000	 0.0	 
50000	1500	48500	 sysNum: 	25000	 MissingNum: 	0	 54439.625000000204	 287865	 2	 Protocol_Missing: 25000	 0.0	 
50000	2000	48000	 sysNum: 	25000	 MissingNum: 	0	 54419.67499999995	 287820	 2	 Protocol_Missing: 25000	 0.0	 
50000	2500	47500	 sysNum: 	25000	 MissingNum: 	0	 54788.45000000022	 289746	 2	 Protocol_Missing: 25000	 0.0	 
50000	3000	47000	 sysNum: 	25000	 MissingNum: 	0	 54333.258333333244	 287256	 2	 Protocol_Missing: 25000	 0.0	 
50000	3499	46501	 sysNum: 	24999	 MissingNum: 	0	 54524.10000000018	 288378	 2	 Protocol_Missing: 25001	 0.0	 
50000	4000	46000	 sysNum: 	25000	 MissingNum: 	0	 54546.958333333336	 288408	 2	 Protocol_Missing: 25000	 0.0	 
50000	4500	45500	 sysNum: 	25000	 MissingNum: 	0	 54473.283333333246	 288093	 2	 Protocol_Missing: 25000	 0.0	 
50000	500	49500	 sysNum: 	25000	 MissingNum: 	0	 54426.716666666725	 287745	 2	 Protocol_Missing: 25000	 0.0	 
50000	1000	49000	 sysNum: 	25000	 MissingNum: 	0	 54368.18333333339	 287499	 2	 Protocol_Missing: 25000	 0.0	 
50000	1500	48500	 sysNum: 	25000	 MissingNum: 	0	 54352.73333333353	 287382	 2	 Protocol_Missing: 25000	 0.0	 
50000	2000	48000	 sysNum: 	25000	 MissingNum: 	0	 54552.73333333328	 288435	 2	 Protocol_Missing: 25000	 0.0	 
50000	2500	47500	 sysNum: 	25000	 MissingNum: 	0	 54549.23333333369	 288417	 2	 Protocol_Missing: 25000	 0.0	 
50000	3000	47000	 sysNum: 	25000	 MissingNum: 	0	 54287.64166666678	 287070	 2	 Protocol_Missing: 25000	 0.0	 
50000	3499	46501	 sysNum: 	24999	 MissingNum: 	0	 54474.85833333349	 288057	 2	 Protocol_Missing: 25001	 0.0	 
50000	4000	46000	 sysNum: 	25000	 MissingNum: 	0	 54379.900000000256	 287604	 2	 Protocol_Missing: 25000	 0.0	 
50000	4500	45500	 sysNum: 	25000	 MissingNum: 	0	 54264.82499999996	 286893	 2	 Protocol_Missing: 25000	 0.0	 
50000	500	49500	 sysNum: 	25000	 MissingNum: 	0	 54481.441666666666	 288069	 2	 Protocol_Missing: 25000	 0.0	 
50000	1000	49000	 sysNum: 	25000	 MissingNum: 	0	 54253.80833333336	 286851	 2	 Protocol_Missing: 25000	 0.0	 
50000	1500	48500	 sysNum: 	25000	 MissingNum: 	0	 54150.05833333346	 286311	 2	 Protocol_Missing: 25000	 0.0	 
50000	2000	48000	 sysNum: 	25000	 MissingNum: 	0	 53950.46666666665	 285333	 2	 Protocol_Missing: 25000	 0.0	 
50000	2500	47500	 sysNum: 	25000	 MissingNum: 	0	 54177.12499999968	 286515	 2	 Protocol_Missing: 25000	 0.0	 
50000	3000	47000	 sysNum: 	25000	 MissingNum: 	0	 54319.916666666264	 287250	 2	 Protocol_Missing: 25000	 0.0	 
50000	3499	46501	 sysNum: 	24999	 MissingNum: 	0	 54096.43333333298	 286041	 2	 Protocol_Missing: 25001	 0.0	 
50000	4000	46000	 sysNum: 	25000	 MissingNum: 	0	 54650.73333333314	 288966	 2	 Protocol_Missing: 25000	 0.0	 
50000	4500	45500	 sysNum: 	25000	 MissingNum: 	0	 54435.30833333339	 287832	 2	 Protocol_Missing: 25000	 0.0	 
50000	500	49500	 sysNum: 	25000	 MissingNum: 	0	 54559.8916666669	 288492	 2	 Protocol_Missing: 25000	 0.0	 
50000	1000	49000	 sysNum: 	25000	 MissingNum: 	0	 54570.03333333359	 288543	 2	 Protocol_Missing: 25000	 0.0	 
50000	1500	48500	 sysNum: 	25000	 MissingNum: 	0	 54526.53333333314	 288336	 2	 Protocol_Missing: 25000	 0.0	 
50000	2000	48000	 sysNum: 	25000	 MissingNum: 	0	 54135.03333333321	 286284	 2	 Protocol_Missing: 25000	 0.0	 
50000	2500	47500	 sysNum: 	25000	 MissingNum: 	0	 54333.66666666655	 287331	 2	 Protocol_Missing: 25000	 0.0	 
50000	3000	47000	 sysNum: 	25000	 MissingNum: 	0	 54597.68333333341	 288723	 2	 Protocol_Missing: 25000	 0.0	 
50000	3499	46501	 sysNum: 	24999	 MissingNum: 	0	 54401.06666666683	 287646	 2	 Protocol_Missing: 25001	 0.0	 
50000	4000	46000	 sysNum: 	25000	 MissingNum: 	0	 54366.94166666679	 287538	 2	 Protocol_Missing: 25000	 0.0	 
50000	4500	45500	 sysNum: 	25000	 MissingNum: 	0	 54406.99999999985	 287595	 2	 Protocol_Missing: 25000	 0.0	 
50000	500	49500	 sysNum: 	25000	 MissingNum: 	0	 54404.16666666677	 287691	 2	 Protocol_Missing: 25000	 0.0	 
50000	1000	49000	 sysNum: 	25000	 MissingNum: 	0	 54374.08333333378	 287526	 2	 Protocol_Missing: 25000	 0.0	 
50000	1500	48500	 sysNum: 	25000	 MissingNum: 	0	 54549.00000000009	 288405	 2	 Protocol_Missing: 25000	 0.0	 
50000	2000	48000	 sysNum: 	25000	 MissingNum: 	0	 54477.158333333486	 288021	 2	 Protocol_Missing: 25000	 0.0	 
50000	2500	47500	 sysNum: 	25000	 MissingNum: 	0	 54661.5000000005	 289044	 2	 Protocol_Missing: 25000	 0.0	 
50000	3000	47000	 sysNum: 	25000	 MissingNum: 	0	 54002.89166666638	 285504	 2	 Protocol_Missing: 25000	 0.0	 
50000	3499	46501	 sysNum: 	24999	 MissingNum: 	0	 54287.933333333225	 287049	 2	 Protocol_Missing: 25001	 0.0	 
50000	4000	46000	 sysNum: 	25000	 MissingNum: 	0	 54332.441666666724	 287277	 2	 Protocol_Missing: 25000	 0.0	 
50000	4500	45500	 sysNum: 	25000	 MissingNum: 	0	 54498.90833333346	 288219	 2	 Protocol_Missing: 25000	 0.0	 
50000	500	49500	 sysNum: 	25000	 MissingNum: 	0	 54381.05833333361	 287544	 2	 Protocol_Missing: 25000	 0.0	 
50000	1000	49000	 sysNum: 	25000	 MissingNum: 	0	 54587.791666667064	 288609	 2	 Protocol_Missing: 25000	 0.0	 
50000	1500	48500	 sysNum: 	25000	 MissingNum: 	0	 54167.049999999705	 286416	 2	 Protocol_Missing: 25000	 0.0	 
50000	2000	48000	 sysNum: 	25000	 MissingNum: 	0	 54077.42499999974	 285993	 2	 Protocol_Missing: 25000	 0.0	 
50000	2500	47500	 sysNum: 	25000	 MissingNum: 	0	 54286.06666666661	 287070	 2	 Protocol_Missing: 25000	 0.0	 
50000	3000	47000	 sysNum: 	25000	 MissingNum: 	0	 54397.625000000255	 287586	 2	 Protocol_Missing: 25000	 0.0	 
50000	3499	46501	 sysNum: 	24999	 MissingNum: 	0	 54388.88333333335	 287571	 2	 Protocol_Missing: 25001	 0.0	 
50000	4000	46000	 sysNum: 	25000	 MissingNum: 	0	 54472.51666666702	 288078	 2	 Protocol_Missing: 25000	 0.0	 
50000	4500	45500	 sysNum: 	25000	 MissingNum: 	0	 54374.48333333338	 287499	 2	 Protocol_Missing: 25000	 0.0	 
50000	500	49500	 sysNum: 	25000	 MissingNum: 	0	 54093.13333333345	 285960	 2	 Protocol_Missing: 25000	 0.0	 
50000	1000	49000	 sysNum: 	25000	 MissingNum: 	0	 54674.575000000026	 289053	 2	 Protocol_Missing: 25000	 0.0	 
50000	1500	48500	 sysNum: 	25000	 MissingNum: 	0	 54315.71666666684	 287232	 2	 Protocol_Missing: 25000	 0.0	 
50000	2000	48000	 sysNum: 	25000	 MissingNum: 	0	 54301.48333333308	 287175	 2	 Protocol_Missing: 25000	 0.0	 
50000	2500	47500	 sysNum: 	25000	 MissingNum: 	0	 54079.74999999948	 285975	 2	 Protocol_Missing: 25000	 0.0	 
50000	3000	47000	 sysNum: 	25000	 MissingNum: 	0	 54623.61666666699	 288753	 2	 Protocol_Missing: 25000	 0.0	 
50000	3499	46501	 sysNum: 	24999	 MissingNum: 	0	 54522.14166666697	 288303	 2	 Protocol_Missing: 25001	 0.0	 
50000	4000	46000	 sysNum: 	25000	 MissingNum: 	0	 54039.516666666466	 285720	 2	 Protocol_Missing: 25000	 0.0	 
50000	4500	45500	 sysNum: 	25000	 MissingNum: 	0	 54276.74166666652	 286998	 2	 Protocol_Missing: 25000	 0.0	 
50000	500	49500	 sysNum: 	25000	 MissingNum: 	0	 54300.99166666659	 287088	 2	 Protocol_Missing: 25000	 0.0	 
50000	1000	49000	 sysNum: 	25000	 MissingNum: 	0	 54471.466666666594	 288087	 2	 Protocol_Missing: 25000	 0.0	 
50000	1500	48500	 sysNum: 	25000	 MissingNum: 	0	 54431.67500000018	 287856	 2	 Protocol_Missing: 25000	 0.0	 
50000	2000	48000	 sysNum: 	25000	 MissingNum: 	0	 54594.87500000048	 288648	 2	 Protocol_Missing: 25000	 0.0	 
50000	2500	47500	 sysNum: 	25000	 MissingNum: 	0	 54100.06666666637	 286053	 2	 Protocol_Missing: 25000	 0.0	 
50000	3000	47000	 sysNum: 	25000	 MissingNum: 	0	 54731.75000000029	 289431	 2	 Protocol_Missing: 25000	 0.0	 
50000	3499	46501	 sysNum: 	24999	 MissingNum: 	0	 54237.083333333256	 286788	 2	 Protocol_Missing: 25001	 0.0	 
50000	4000	46000	 sysNum: 	25000	 MissingNum: 	0	 54220.76666666696	 286710	 2	 Protocol_Missing: 25000	 0.0	 
50000	4500	45500	 sysNum: 	25000	 MissingNum: 	0	 54485.233333333235	 288129	 2	 Protocol_Missing: 25000	 0.0	 
50000	500	49500	 sysNum: 	25000	 MissingNum: 	0	 54705.85833333368	 289281	 2	 Protocol_Missing: 25000	 0.0	 
50000	1000	49000	 sysNum: 	25000	 MissingNum: 	0	 54666.55833333328	 289083	 2	 Protocol_Missing: 25000	 0.0	 
50000	1500	48500	 sysNum: 	25000	 MissingNum: 	0	 54417.341666666776	 287727	 2	 Protocol_Missing: 25000	 0.0	 
50000	2000	48000	 sysNum: 	25000	 MissingNum: 	0	 54317.4416666667	 287106	 2	 Protocol_Missing: 25000	 0.0	 
50000	2500	47500	 sysNum: 	25000	 MissingNum: 	0	 54283.091666666485	 287016	 2	 Protocol_Missing: 25000	 0.0	 
50000	3000	47000	 sysNum: 	25000	 MissingNum: 	0	 54501.658333333224	 288246	 2	 Protocol_Missing: 25000	 0.0	 
50000	3499	46501	 sysNum: 	24999	 MissingNum: 	0	 54344.49999999997	 287361	 2	 Protocol_Missing: 25001	 0.0	 
50000	4000	46000	 sysNum: 	25000	 MissingNum: 	0	 54376.158333333275	 287544	 2	 Protocol_Missing: 25000	 0.0	 
50000	4500	45500	 sysNum: 	25000	 MissingNum: 	0	 54585.60000000016	 288621	 2	 Protocol_Missing: 25000	 0.0	 
50000	500	49500	 sysNum: 	25000	 MissingNum: 	0	 54205.12499999999	 286641	 2	 Protocol_Missing: 25000	 0.0	 
50000	1000	49000	 sysNum: 	25000	 MissingNum: 	0	 54400.15833333302	 287679	 2	 Protocol_Missing: 25000	 0.0	 
50000	1500	48500	 sysNum: 	25000	 MissingNum: 	0	 54568.024999999776	 288576	 2	 Protocol_Missing: 25000	 0.0	 
50000	2000	48000	 sysNum: 	25000	 MissingNum: 	0	 54060.683333332316	 285915	 2	 Protocol_Missing: 25000	 0.0	 
50000	2500	47500	 sysNum: 	25000	 MissingNum: 	0	 54393.22499999984	 287622	 2	 Protocol_Missing: 25000	 0.0	 
50000	3000	47000	 sysNum: 	25000	 MissingNum: 	0	 54341.18333333312	 287346	 2	 Protocol_Missing: 25000	 0.0	 
50000	3499	46501	 sysNum: 	24999	 MissingNum: 	0	 54615.78333333346	 288768	 2	 Protocol_Missing: 25001	 0.0	 
50000	4000	46000	 sysNum: 	25000	 MissingNum: 	0	 54423.058333333734	 287760	 2	 Protocol_Missing: 25000	 0.0	 
50000	4500	45500	 sysNum: 	25000	 MissingNum: 	0	 54300.191666667015	 287133	 2	 Protocol_Missing: 25000	 0.0	 
50000	500	49500	 sysNum: 	25000	 MissingNum: 	0	 54350.33333333341	 287400	 2	 Protocol_Missing: 25000	 0.0	 
50000	1000	49000	 sysNum: 	25000	 MissingNum: 	0	 54434.1916666666	 287853	 2	 Protocol_Missing: 25000	 0.0	 
50000	1500	48500	 sysNum: 	25000	 MissingNum: 	0	 54371.98333333329	 287508	 2	 Protocol_Missing: 25000	 0.0	 
50000	2000	48000	 sysNum: 	25000	 MissingNum: 	0	 54219.84166666665	 286665	 2	 Protocol_Missing: 25000	 0.0	 
50000	2500	47500	 sysNum: 	25000	 MissingNum: 	0	 54281.85833333328	 287004	 2	 Protocol_Missing: 25000	 0.0	 
50000	3000	47000	 sysNum: 	25000	 MissingNum: 	0	 54105.46666666646	 286134	 2	 Protocol_Missing: 25000	 0.0	 
50000	3499	46501	 sysNum: 	24999	 MissingNum: 	0	 54125.78333333316	 286176	 2	 Protocol_Missing: 25001	 0.0	 
50000	4000	46000	 sysNum: 	25000	 MissingNum: 	0	 54547.14166666744	 288429	 2	 Protocol_Missing: 25000	 0.0	 
50000	4500	45500	 sysNum: 	25000	 MissingNum: 	0	 54254.04166666676	 286863	 2	 Protocol_Missing: 25000	 0.0	 
50000	500	49500	 sysNum: 	25000	 MissingNum: 	0	 54666.6333333333	 289020	 2	 Protocol_Missing: 25000	 0.0	 
50000	1000	49000	 sysNum: 	25000	 MissingNum: 	0	 54561.37500000034	 288513	 2	 Protocol_Missing: 25000	 0.0	 
50000	1500	48500	 sysNum: 	25000	 MissingNum: 	0	 54339.750000000204	 287316	 2	 Protocol_Missing: 25000	 0.0	 
50000	2000	48000	 sysNum: 	25000	 MissingNum: 	0	 54195.825	 286569	 2	 Protocol_Missing: 25000	 0.0	 
50000	2500	47500	 sysNum: 	25000	 MissingNum: 	0	 54185.38333333335	 286554	 2	 Protocol_Missing: 25000	 0.0	 
50000	3000	47000	 sysNum: 	25000	 MissingNum: 	0	 54575.69166666676	 288582	 2	 Protocol_Missing: 25000	 0.0	 
50000	3499	46501	 sysNum: 	24999	 MissingNum: 	0	 53968.00000000008	 285345	 2	 Protocol_Missing: 25001	 0.0	 
50000	4000	46000	 sysNum: 	25000	 MissingNum: 	0	 54416.99166666646	 287709	 2	 Protocol_Missing: 25000	 0.0	 
50000	4500	45500	 sysNum: 	25000	 MissingNum: 	0	 54437.32500000048	 287865	 2	 Protocol_Missing: 25000	 0.0	 
50000	500	49500	 sysNum: 	25000	 MissingNum: 	0	 54375.01666666676	 287484	 2	 Protocol_Missing: 25000	 0.0	 
50000	1000	49000	 sysNum: 	25000	 MissingNum: 	0	 54154.87499999967	 286326	 2	 Protocol_Missing: 25000	 0.0	 
50000	1500	48500	 sysNum: 	25000	 MissingNum: 	0	 54293.40833333296	 287013	 2	 Protocol_Missing: 25000	 0.0	 
50000	2000	48000	 sysNum: 	25000	 MissingNum: 	0	 54506.333333333285	 288228	 2	 Protocol_Missing: 25000	 0.0	 
50000	2500	47500	 sysNum: 	25000	 MissingNum: 	0	 53966.100000000006	 285363	 2	 Protocol_Missing: 25000	 0.0	 
50000	3000	47000	 sysNum: 	25000	 MissingNum: 	0	 54166.04166666669	 286440	 2	 Protocol_Missing: 25000	 0.0	 
50000	3499	46501	 sysNum: 	24999	 MissingNum: 	0	 54637.641666667034	 288942	 2	 Protocol_Missing: 25001	 0.0	 
50000	4000	46000	 sysNum: 	25000	 MissingNum: 	0	 54396.70833333338	 287607	 2	 Protocol_Missing: 25000	 0.0	 
50000	4500	45500	 sysNum: 	25000	 MissingNum: 	0	 54188.149999999834	 286461	 2	 Protocol_Missing: 25000	 0.0	 
50000	500	49500	 sysNum: 	25000	 MissingNum: 	0	 54483.88333333359	 288111	 2	 Protocol_Missing: 25000	 0.0	 
50000	1000	49000	 sysNum: 	25000	 MissingNum: 	0	 54408.69166666668	 287745	 2	 Protocol_Missing: 25000	 0.0	 
50000	1500	48500	 sysNum: 	25000	 MissingNum: 	0	 54511.266666666554	 288168	 2	 Protocol_Missing: 25000	 0.0	 
50000	2000	48000	 sysNum: 	25000	 MissingNum: 	0	 54854.04166666695	 290040	 2	 Protocol_Missing: 25000	 0.0	 
50000	2500	47500	 sysNum: 	25000	 MissingNum: 	0	 54279.57499999995	 287037	 2	 Protocol_Missing: 25000	 0.0	 
50000	3000	47000	 sysNum: 	25000	 MissingNum: 	0	 54030.67499999967	 285705	 2	 Protocol_Missing: 25000	 0.0	 
50000	3499	46501	 sysNum: 	24999	 MissingNum: 	0	 54637.60833333314	 288822	 2	 Protocol_Missing: 25001	 0.0	 
50000	4000	46000	 sysNum: 	25000	 MissingNum: 	0	 54460.01666666689	 288006	 2	 Protocol_Missing: 25000	 0.0	 
50000	4500	45500	 sysNum: 	25000	 MissingNum: 	0	 54502.35000000015	 288225	 2	 Protocol_Missing: 25000	 0.0	 
50000	500	49500	 sysNum: 	25000	 MissingNum: 	0	 54256.61666666661	 286881	 2	 Protocol_Missing: 25000	 0.0	 
50000	1000	49000	 sysNum: 	25000	 MissingNum: 	0	 54335.583333333554	 287364	 2	 Protocol_Missing: 25000	 0.0	 
50000	1500	48500	 sysNum: 	25000	 MissingNum: 	0	 54245.43333333339	 286815	 2	 Protocol_Missing: 25000	 0.0	 
50000	2000	48000	 sysNum: 	25000	 MissingNum: 	0	 54459.56666666664	 287988	 2	 Protocol_Missing: 25000	 0.0	 
50000	2500	47500	 sysNum: 	25000	 MissingNum: 	0	 54265.55000000002	 286956	 2	 Protocol_Missing: 25000	 0.0	 
50000	3000	47000	 sysNum: 	25000	 MissingNum: 	0	 54132.83333333332	 286266	 2	 Protocol_Missing: 25000	 0.0	 
50000	3499	46501	 sysNum: 	24999	 MissingNum: 	0	 54237.53333333349	 286797	 2	 Protocol_Missing: 25001	 0.0	 
50000	4000	46000	 sysNum: 	25000	 MissingNum: 	0	 54253.34166666636	 286890	 2	 Protocol_Missing: 25000	 0.0	 
50000	4500	45500	 sysNum: 	25000	 MissingNum: 	0	 54486.758333333695	 288102	 2	 Protocol_Missing: 25000	 0.0	 
50000	500	49500	 sysNum: 	25000	 MissingNum: 	0	 54235.041666666635	 286728	 2	 Protocol_Missing: 25000	 0.0	 
50000	1000	49000	 sysNum: 	25000	 MissingNum: 	0	 54391.475000000384	 287568	 2	 Protocol_Missing: 25000	 0.0	 
50000	1500	48500	 sysNum: 	25000	 MissingNum: 	0	 54392.77499999989	 287604	 2	 Protocol_Missing: 25000	 0.0	 
50000	2000	48000	 sysNum: 	25000	 MissingNum: 	0	 54431.90000000025	 287775	 2	 Protocol_Missing: 25000	 0.0	 
50000	2500	47500	 sysNum: 	25000	 MissingNum: 	0	 54606.983333333395	 288795	 2	 Protocol_Missing: 25000	 0.0	 
50000	3000	47000	 sysNum: 	25000	 MissingNum: 	0	 54061.41666666691	 285891	 2	 Protocol_Missing: 25000	 0.0	 
50000	3499	46501	 sysNum: 	24999	 MissingNum: 	0	 54499.0666666663	 288114	 2	 Protocol_Missing: 25001	 0.0	 
50000	4000	46000	 sysNum: 	25000	 MissingNum: 	0	 54315.68333333292	 287292	 2	 Protocol_Missing: 25000	 0.0	 
50000	4500	45500	 sysNum: 	25000	 MissingNum: 	0	 54509.200000000266	 288225	 2	 Protocol_Missing: 25000	 0.0	 
50000	500	49500	 sysNum: 	25000	 MissingNum: 	0	 54355.00833333304	 287418	 2	 Protocol_Missing: 25000	 0.0	 
50000	1000	49000	 sysNum: 	25000	 MissingNum: 	0	 54460.01666666673	 288015	 2	 Protocol_Missing: 25000	 0.0	 
50000	1500	48500	 sysNum: 	25000	 MissingNum: 	0	 54659.483333333126	 289065	 2	 Protocol_Missing: 25000	 0.0	 
50000	2000	48000	 sysNum: 	25000	 MissingNum: 	0	 54310.033333333755	 287148	 2	 Protocol_Missing: 25000	 0.0	 
50000	2500	47500	 sysNum: 	25000	 MissingNum: 	0	 54341.50000000009	 287370	 2	 Protocol_Missing: 25000	 0.0	 
50000	3000	47000	 sysNum: 	25000	 MissingNum: 	0	 54256.5666666665	 286890	 2	 Protocol_Missing: 25000	 0.0	 
50000	3499	46501	 sysNum: 	24999	 MissingNum: 	0	 54381.074999999815	 287505	 2	 Protocol_Missing: 25001	 0.0	 
50000	4000	46000	 sysNum: 	25000	 MissingNum: 	0	 54316.06666666656	 287205	 2	 Protocol_Missing: 25000	 0.0	 
50000	4500	45500	 sysNum: 	25000	 MissingNum: 	0	 54690.408333333544	 289146	 2	 Protocol_Missing: 25000	 0.0	 
50000	500	49500	 sysNum: 	25000	 MissingNum: 	0	 54302.85833333359	 287121	 2	 Protocol_Missing: 25000	 0.0	 
50000	1000	49000	 sysNum: 	25000	 MissingNum: 	0	 54339.86666666668	 287322	 2	 Protocol_Missing: 25000	 0.0	 
50000	1500	48500	 sysNum: 	25000	 MissingNum: 	0	 54657.71666666691	 289050	 2	 Protocol_Missing: 25000	 0.0	 
50000	2000	48000	 sysNum: 	25000	 MissingNum: 	0	 54360.44999999987	 287487	 2	 Protocol_Missing: 25000	 0.0	 
50000	2500	47500	 sysNum: 	25000	 MissingNum: 	0	 54386.73333333366	 287634	 2	 Protocol_Missing: 25000	 0.0	 
50000	3000	47000	 sysNum: 	25000	 MissingNum: 	0	 54356.11666666698	 287412	 2	 Protocol_Missing: 25000	 0.0	 
50000	3499	46501	 sysNum: 	24999	 MissingNum: 	0	 54383.76666666623	 287583	 2	 Protocol_Missing: 25001	 0.0	 
50000	4000	46000	 sysNum: 	25000	 MissingNum: 	0	 54431.90833333346	 287832	 2	 Protocol_Missing: 25000	 0.0	 
50000	4500	45500	 sysNum: 	25000	 MissingNum: 	0	 54388.17499999993	 287577	 2	 Protocol_Missing: 25000	 0.0	 
50000	500	49500	 sysNum: 	25000	 MissingNum: 	0	 54397.59166666671	 287619	 2	 Protocol_Missing: 25000	 0.0	 
50000	1000	49000	 sysNum: 	25000	 MissingNum: 	0	 54173.35000000026	 286470	 2	 Protocol_Missing: 25000	 0.0	 
50000	1500	48500	 sysNum: 	25000	 MissingNum: 	0	 54529.72499999986	 288297	 2	 Protocol_Missing: 25000	 0.0	 
50000	2000	48000	 sysNum: 	25000	 MissingNum: 	0	 54173.28333333313	 286455	 2	 Protocol_Missing: 25000	 0.0	 
50000	2500	47500	 sysNum: 	25000	 MissingNum: 	0	 54222.53333333338	 286734	 2	 Protocol_Missing: 25000	 0.0	 
50000	3000	47000	 sysNum: 	25000	 MissingNum: 	0	 54120.424999999865	 286182	 2	 Protocol_Missing: 25000	 0.0	 
50000	3499	46501	 sysNum: 	24999	 MissingNum: 	0	 54119.34999999984	 286191	 2	 Protocol_Missing: 25001	 0.0	 
50000	4000	46000	 sysNum: 	25000	 MissingNum: 	0	 54703.383333333244	 289236	 2	 Protocol_Missing: 25000	 0.0	 
50000	4500	45500	 sysNum: 	25000	 MissingNum: 	0	 54490.024999999776	 288144	 2	 Protocol_Missing: 25000	 0.0	 
50000	500	49500	 sysNum: 	25000	 MissingNum: 	0	 54364.29166666664	 287457	 2	 Protocol_Missing: 25000	 0.0	 
50000	1000	49000	 sysNum: 	25000	 MissingNum: 	0	 54622.05000000002	 288873	 2	 Protocol_Missing: 25000	 0.0	 
50000	1500	48500	 sysNum: 	25000	 MissingNum: 	0	 54455.683333333014	 287940	 2	 Protocol_Missing: 25000	 0.0	 
50000	2000	48000	 sysNum: 	25000	 MissingNum: 	0	 54417.90833333341	 287715	 2	 Protocol_Missing: 25000	 0.0	 
50000	2500	47500	 sysNum: 	25000	 MissingNum: 	0	 54365.34166666677	 287448	 2	 Protocol_Missing: 25000	 0.0	 
50000	3000	47000	 sysNum: 	25000	 MissingNum: 	0	 54624.09166666651	 288870	 2	 Protocol_Missing: 25000	 0.0	 
50000	3499	46501	 sysNum: 	24999	 MissingNum: 	0	 54481.166666666504	 288069	 2	 Protocol_Missing: 25001	 0.0	 
50000	4000	46000	 sysNum: 	25000	 MissingNum: 	0	 53962.19166666635	 285387	 2	 Protocol_Missing: 25000	 0.0	 
50000	4500	45500	 sysNum: 	25000	 MissingNum: 	0	 54344.32500000019	 287307	 2	 Protocol_Missing: 25000	 0.0	 
50000	500	49500	 sysNum: 	25000	 MissingNum: 	0	 54455.89999999985	 288000	 2	 Protocol_Missing: 25000	 0.0	 
50000	1000	49000	 sysNum: 	25000	 MissingNum: 	0	 54374.316666666906	 287565	 2	 Protocol_Missing: 25000	 0.0	 
50000	1500	48500	 sysNum: 	25000	 MissingNum: 	0	 54408.81666666685	 287700	 2	 Protocol_Missing: 25000	 0.0	 
50000	2000	48000	 sysNum: 	25000	 MissingNum: 	0	 54326.466666666616	 287322	 2	 Protocol_Missing: 25000	 0.0	 
50000	2500	47500	 sysNum: 	25000	 MissingNum: 	0	 54139.25833333336	 286248	 2	 Protocol_Missing: 25000	 0.0	 
50000	3000	47000	 sysNum: 	25000	 MissingNum: 	0	 54443.99166666657	 287781	 2	 Protocol_Missing: 25000	 0.0	 
50000	3499	46501	 sysNum: 	24999	 MissingNum: 	0	 54577.18333333357	 288642	 2	 Protocol_Missing: 25001	 0.0	 
50000	4000	46000	 sysNum: 	25000	 MissingNum: 	0	 54416.98333333366	 287688	 2	 Protocol_Missing: 25000	 0.0	 
50000	4500	45500	 sysNum: 	25000	 MissingNum: 	0	 54502.13333333344	 288192	 2	 Protocol_Missing: 25000	 0.0	 
50000	500	49500	 sysNum: 	25000	 MissingNum: 	0	 54503.77500000023	 288225	 2	 Protocol_Missing: 25000	 0.0	 
50000	1000	49000	 sysNum: 	25000	 MissingNum: 	0	 54287.60000000017	 287055	 2	 Protocol_Missing: 25000	 0.0	 
50000	1500	48500	 sysNum: 	25000	 MissingNum: 	0	 54491.42500000019	 288153	 2	 Protocol_Missing: 25000	 0.0	 
50000	2000	48000	 sysNum: 	25000	 MissingNum: 	0	 54187.208333332615	 286491	 2	 Protocol_Missing: 25000	 0.0	 
50000	2500	47500	 sysNum: 	25000	 MissingNum: 	0	 54430.08333333299	 287814	 2	 Protocol_Missing: 25000	 0.0	 
50000	3000	47000	 sysNum: 	25000	 MissingNum: 	0	 54306.15833333311	 287157	 2	 Protocol_Missing: 25000	 0.0	 
50000	3499	46501	 sysNum: 	24999	 MissingNum: 	0	 54506.85833333341	 288201	 2	 Protocol_Missing: 25001	 0.0	 
50000	4000	46000	 sysNum: 	25000	 MissingNum: 	0	 54452.016666666685	 287961	 2	 Protocol_Missing: 25000	 0.0	 
50000	4500	45500	 sysNum: 	25000	 MissingNum: 	0	 54347.825000000084	 287388	 2	 Protocol_Missing: 25000	 0.0	 
50000	500	49500	 sysNum: 	25000	 MissingNum: 	0	 54439.916666666446	 287889	 2	 Protocol_Missing: 25000	 0.0	 
50000	1000	49000	 sysNum: 	25000	 MissingNum: 	0	 54273.6333333334	 286923	 2	 Protocol_Missing: 25000	 0.0	 
50000	1500	48500	 sysNum: 	25000	 MissingNum: 	0	 54497.17500000009	 288153	 2	 Protocol_Missing: 25000	 0.0	 
50000	2000	48000	 sysNum: 	25000	 MissingNum: 	0	 54503.9166666666	 288222	 2	 Protocol_Missing: 25000	 0.0	 
50000	2500	47500	 sysNum: 	25000	 MissingNum: 	0	 54431.22499999981	 287838	 2	 Protocol_Missing: 25000	 0.0	 
50000	3000	47000	 sysNum: 	25000	 MissingNum: 	0	 54113.800000000076	 286074	 2	 Protocol_Missing: 25000	 0.0	 
50000	3499	46501	 sysNum: 	24999	 MissingNum: 	0	 54487.86666666691	 288159	 2	 Protocol_Missing: 25001	 0.0	 
50000	4000	46000	 sysNum: 	25000	 MissingNum: 	0	 54488.35000000028	 288216	 2	 Protocol_Missing: 25000	 0.0	 
50000	4500	45500	 sysNum: 	25000	 MissingNum: 	0	 54418.98333333287	 287697	 2	 Protocol_Missing: 25000	 0.0	 
50000	500	49500	 sysNum: 	25000	 MissingNum: 	0	 54366.70833333346	 287481	 2	 Protocol_Missing: 25000	 0.0	 
50000	1000	49000	 sysNum: 	25000	 MissingNum: 	0	 54509.95833333367	 288183	 2	 Protocol_Missing: 25000	 0.0	 
50000	1500	48500	 sysNum: 	25000	 MissingNum: 	0	 54450.17500000038	 287955	 2	 Protocol_Missing: 25000	 0.0	 
50000	2000	48000	 sysNum: 	25000	 MissingNum: 	0	 54732.88333333424	 289416	 2	 Protocol_Missing: 25000	 0.0	 
50000	2500	47500	 sysNum: 	25000	 MissingNum: 	0	 54500.17500000007	 288135	 2	 Protocol_Missing: 25000	 0.0	 
50000	3000	47000	 sysNum: 	25000	 MissingNum: 	0	 54271.15833333343	 286896	 2	 Protocol_Missing: 25000	 0.0	 
50000	3499	46501	 sysNum: 	24999	 MissingNum: 	0	 54023.174999999865	 285651	 2	 Protocol_Missing: 25001	 0.0	 
50000	4000	46000	 sysNum: 	25000	 MissingNum: 	0	 54586.82500000003	 288621	 2	 Protocol_Missing: 25000	 0.0	 
50000	4500	45500	 sysNum: 	25000	 MissingNum: 	0	 54388.05833333334	 287535	 2	 Protocol_Missing: 25000	 0.0	 
50000	500	49500	 sysNum: 	25000	 MissingNum: 	0	 54170.36666666669	 286422	 2	 Protocol_Missing: 25000	 0.0	 
50000	1000	49000	 sysNum: 	25000	 MissingNum: 	0	 54457.35833333349	 287958	 2	 Protocol_Missing: 25000	 0.0	 
50000	1500	48500	 sysNum: 	25000	 MissingNum: 	0	 54700.13333333389	 289218	 2	 Protocol_Missing: 25000	 0.0	 
50000	2000	48000	 sysNum: 	25000	 MissingNum: 	0	 54548.933333333815	 288453	 2	 Protocol_Missing: 25000	 0.0	 
50000	2500	47500	 sysNum: 	25000	 MissingNum: 	0	 54479.17500000042	 288099	 2	 Protocol_Missing: 25000	 0.0	 
50000	3000	47000	 sysNum: 	25000	 MissingNum: 	0	 54603.866666666814	 288735	 2	 Protocol_Missing: 25000	 0.0	 
50000	3499	46501	 sysNum: 	24999	 MissingNum: 	0	 54422.32499999997	 287856	 2	 Protocol_Missing: 25001	 0.0	 
50000	4000	46000	 sysNum: 	25000	 MissingNum: 	0	 54128.48333333317	 286185	 2	 Protocol_Missing: 25000	 0.0	 
50000	4500	45500	 sysNum: 	25000	 MissingNum: 	0	 54269.58333333325	 286914	 2	 Protocol_Missing: 25000	 0.0	 
50000	500	49500	 sysNum: 	25000	 MissingNum: 	0	 54213.66666666691	 286683	 2	 Protocol_Missing: 25000	 0.0	 
50000	1000	49000	 sysNum: 	25000	 MissingNum: 	0	 54302.208333333256	 287202	 2	 Protocol_Missing: 25000	 0.0	 
50000	1500	48500	 sysNum: 	25000	 MissingNum: 	0	 54185.71666666643	 286530	 2	 Protocol_Missing: 25000	 0.0	 
50000	2000	48000	 sysNum: 	25000	 MissingNum: 	0	 54259.516666666575	 286953	 2	 Protocol_Missing: 25000	 0.0	 
50000	2500	47500	 sysNum: 	25000	 MissingNum: 	0	 54304.316666667015	 287106	 2	 Protocol_Missing: 25000	 0.0	 
50000	3000	47000	 sysNum: 	25000	 MissingNum: 	0	 54314.983333333264	 287157	 2	 Protocol_Missing: 25000	 0.0	 
50000	3499	46501	 sysNum: 	24999	 MissingNum: 	0	 54585.12500000045	 288639	 2	 Protocol_Missing: 25001	 0.0	 
50000	4000	46000	 sysNum: 	25000	 MissingNum: 	0	 54244.45833333318	 286824	 2	 Protocol_Missing: 25000	 0.0	 
50000	4500	45500	 sysNum: 	25000	 MissingNum: 	0	 54455.89166666719	 287916	 2	 Protocol_Missing: 25000	 0.0	 
50000	500	49500	 sysNum: 	25000	 MissingNum: 	0	 54074.966666666456	 285900	 2	 Protocol_Missing: 25000	 0.0	 
50000	1000	49000	 sysNum: 	25000	 MissingNum: 	0	 54408.858333333286	 287724	 2	 Protocol_Missing: 25000	 0.0	 
50000	1500	48500	 sysNum: 	25000	 MissingNum: 	0	 54384.275000000314	 287568	 2	 Protocol_Missing: 25000	 0.0	 
50000	2000	48000	 sysNum: 	25000	 MissingNum: 	0	 54261.92499999988	 286929	 2	 Protocol_Missing: 25000	 0.0	 
50000	2500	47500	 sysNum: 	25000	 MissingNum: 	0	 54275.90000000011	 286938	 2	 Protocol_Missing: 25000	 0.0	 
50000	3000	47000	 sysNum: 	25000	 MissingNum: 	0	 54639.5500000002	 288945	 2	 Protocol_Missing: 25000	 0.0	 
50000	3499	46501	 sysNum: 	24999	 MissingNum: 	0	 54270.83333333304	 286968	 2	 Protocol_Missing: 25001	 0.0	 
50000	4000	46000	 sysNum: 	25000	 MissingNum: 	0	 54342.18333333319	 287373	 2	 Protocol_Missing: 25000	 0.0	 
50000	4500	45500	 sysNum: 	25000	 MissingNum: 	0	 54481.02500000031	 288063	 2	 Protocol_Missing: 25000	 0.0	 
50000	500	49500	 sysNum: 	25000	 MissingNum: 	0	 54256.12499999988	 286803	 2	 Protocol_Missing: 25000	 0.0	 
50000	1000	49000	 sysNum: 	25000	 MissingNum: 	0	 54500.233333333636	 288210	 2	 Protocol_Missing: 25000	 0.0	 
50000	1500	48500	 sysNum: 	25000	 MissingNum: 	0	 54100.216666666594	 286080	 2	 Protocol_Missing: 25000	 0.0	 
50000	2000	48000	 sysNum: 	25000	 MissingNum: 	0	 54291.99166666671	 287016	 2	 Protocol_Missing: 25000	 0.0	 
50000	2500	47500	 sysNum: 	25000	 MissingNum: 	0	 54416.43333333319	 287724	 2	 Protocol_Missing: 25000	 0.0	 
50000	3000	47000	 sysNum: 	25000	 MissingNum: 	0	 54464.966666666885	 287934	 2	 Protocol_Missing: 25000	 0.0	 
50000	3499	46501	 sysNum: 	24999	 MissingNum: 	0	 54380.6500000001	 287487	 2	 Protocol_Missing: 25001	 0.0	 
50000	4000	46000	 sysNum: 	25000	 MissingNum: 	0	 54173.87500000023	 286497	 2	 Protocol_Missing: 25000	 0.0	 
50000	4500	45500	 sysNum: 	25000	 MissingNum: 	0	 54216.575000000004	 286605	 2	 Protocol_Missing: 25000	 0.0	 
50000	500	49500	 sysNum: 	25000	 MissingNum: 	0	 54179.94166666678	 286485	 2	 Protocol_Missing: 25000	 0.0	 
50000	1000	49000	 sysNum: 	25000	 MissingNum: 	0	 54436.96666666678	 287826	 2	 Protocol_Missing: 25000	 0.0	 
50000	1500	48500	 sysNum: 	25000	 MissingNum: 	0	 54541.49166666676	 288357	 2	 Protocol_Missing: 25000	 0.0	 
50000	2000	48000	 sysNum: 	25000	 MissingNum: 	0	 54409.02500000002	 287739	 2	 Protocol_Missing: 25000	 0.0	 
50000	2500	47500	 sysNum: 	25000	 MissingNum: 	0	 54657.516666666554	 288996	 2	 Protocol_Missing: 25000	 0.0	 
50000	3000	47000	 sysNum: 	25000	 MissingNum: 	0	 54342.70833333371	 287364	 2	 Protocol_Missing: 25000	 0.0	 
50000	3499	46501	 sysNum: 	24999	 MissingNum: 	0	 54434.424999999734	 287847	 2	 Protocol_Missing: 25001	 0.0	 
50000	4000	46000	 sysNum: 	25000	 MissingNum: 	0	 54385.15833333328	 287643	 2	 Protocol_Missing: 25000	 0.0	 
50000	4500	45500	 sysNum: 	25000	 MissingNum: 	0	 54327.85833333315	 287247	 2	 Protocol_Missing: 25000	 0.0	 
50000	500	49500	 sysNum: 	25000	 MissingNum: 	0	 54527.36666666673	 288339	 2	 Protocol_Missing: 25000	 0.0	 
50000	1000	49000	 sysNum: 	25000	 MissingNum: 	0	 54585.566666666906	 288591	 2	 Protocol_Missing: 25000	 0.0	 
50000	1500	48500	 sysNum: 	25000	 MissingNum: 	0	 54533.52500000006	 288387	 2	 Protocol_Missing: 25000	 0.0	 
50000	2000	48000	 sysNum: 	25000	 MissingNum: 	0	 54370.36666666639	 287484	 2	 Protocol_Missing: 25000	 0.0	 
50000	2500	47500	 sysNum: 	25000	 MissingNum: 	0	 54739.816666666986	 289437	 2	 Protocol_Missing: 25000	 0.0	 
50000	3000	47000	 sysNum: 	25000	 MissingNum: 	0	 54622.358333333774	 288867	 2	 Protocol_Missing: 25000	 0.0	 
50000	3499	46501	 sysNum: 	24999	 MissingNum: 	0	 54585.07500000035	 288621	 2	 Protocol_Missing: 25001	 0.0	 
50000	4000	46000	 sysNum: 	25000	 MissingNum: 	0	 54103.95833333314	 286068	 2	 Protocol_Missing: 25000	 0.0	 
50000	4500	45500	 sysNum: 	25000	 MissingNum: 	0	 54401.64166666667	 287682	 2	 Protocol_Missing: 25000	 0.0	 
50000	500	49500	 sysNum: 	25000	 MissingNum: 	0	 54400.04166666705	 287691	 2	 Protocol_Missing: 25000	 0.0	 
50000	1000	49000	 sysNum: 	25000	 MissingNum: 	0	 54128.05833333304	 286194	 2	 Protocol_Missing: 25000	 0.0	 
50000	1500	48500	 sysNum: 	25000	 MissingNum: 	0	 54280.11666666671	 286971	 2	 Protocol_Missing: 25000	 0.0	 
50000	2000	48000	 sysNum: 	25000	 MissingNum: 	0	 54234.05000000008	 286767	 2	 Protocol_Missing: 25000	 0.0	 
50000	2500	47500	 sysNum: 	25000	 MissingNum: 	0	 54373.78333333334	 287526	 2	 Protocol_Missing: 25000	 0.0	 
50000	3000	47000	 sysNum: 	25000	 MissingNum: 	0	 54336.5749999996	 287226	 2	 Protocol_Missing: 25000	 0.0	 
50000	3499	46501	 sysNum: 	24999	 MissingNum: 	0	 54485.416666666264	 288051	 2	 Protocol_Missing: 25001	 0.0	 
50000	4000	46000	 sysNum: 	25000	 MissingNum: 	0	 54393.4333333331	 287616	 2	 Protocol_Missing: 25000	 0.0	 
50000	4500	45500	 sysNum: 	25000	 MissingNum: 	0	 54312.35000000049	 287190	 2	 Protocol_Missing: 25000	 0.0	 
50000	500	49500	 sysNum: 	25000	 MissingNum: 	0	 54334.41666666685	 287340	 2	 Protocol_Missing: 25000	 0.0	 
50000	1000	49000	 sysNum: 	25000	 MissingNum: 	0	 54116.26666666652	 286161	 2	 Protocol_Missing: 25000	 0.0	 
50000	1500	48500	 sysNum: 	25000	 MissingNum: 	0	 54331.58333333321	 287283	 2	 Protocol_Missing: 25000	 0.0	 
50000	2000	48000	 sysNum: 	25000	 MissingNum: 	0	 54664.3000000001	 289089	 2	 Protocol_Missing: 25000	 0.0	 
50000	2500	47500	 sysNum: 	25000	 MissingNum: 	0	 54305.39166666674	 287160	 2	 Protocol_Missing: 25000	 0.0	 
50000	3000	47000	 sysNum: 	25000	 MissingNum: 	0	 54365.31666666654	 287475	 2	 Protocol_Missing: 25000	 0.0	 
50000	3499	46501	 sysNum: 	24999	 MissingNum: 	0	 54134.624999999825	 286218	 2	 Protocol_Missing: 25001	 0.0	 
50000	4000	46000	 sysNum: 	25000	 MissingNum: 	0	 54374.78333333371	 287499	 2	 Protocol_Missing: 25000	 0.0	 
50000	4500	45500	 sysNum: 	25000	 MissingNum: 	0	 54374.5249999999	 287568	 2	 Protocol_Missing: 25000	 0.0	 
50000	500	49500	 sysNum: 	25000	 MissingNum: 	0	 54340.89999999965	 287352	 2	 Protocol_Missing: 25000	 0.0	 
50000	1000	49000	 sysNum: 	25000	 MissingNum: 	0	 54445.47500000022	 287847	 2	 Protocol_Missing: 25000	 0.0	 
50000	1500	48500	 sysNum: 	25000	 MissingNum: 	0	 54536.70000000031	 288297	 2	 Protocol_Missing: 25000	 0.0	 
50000	2000	48000	 sysNum: 	25000	 MissingNum: 	0	 54361.62500000009	 287442	 2	 Protocol_Missing: 25000	 0.0	 
50000	2500	47500	 sysNum: 	25000	 MissingNum: 	0	 54282.99166666655	 286998	 2	 Protocol_Missing: 25000	 0.0	 
50000	3000	47000	 sysNum: 	25000	 MissingNum: 	0	 54393.174999999894	 287622	 2	 Protocol_Missing: 25000	 0.0	 
50000	3499	46501	 sysNum: 	24999	 MissingNum: 	0	 54551.38333333338	 288498	 2	 Protocol_Missing: 25001	 0.0	 
50000	4000	46000	 sysNum: 	25000	 MissingNum: 	0	 54311.425000000425	 287145	 2	 Protocol_Missing: 25000	 0.0	 
50000	4500	45500	 sysNum: 	25000	 MissingNum: 	0	 54510.43333333333	 288246	 2	 Protocol_Missing: 25000	 0.0	 
50000	500	49500	 sysNum: 	25000	 MissingNum: 	0	 54244.38333333327	 286887	 2	 Protocol_Missing: 25000	 0.0	 
50000	1000	49000	 sysNum: 	25000	 MissingNum: 	0	 54283.82500000032	 287028	 2	 Protocol_Missing: 25000	 0.0	 
50000	1500	48500	 sysNum: 	25000	 MissingNum: 	0	 54581.08333333299	 288588	 2	 Protocol_Missing: 25000	 0.0	 
50000	2000	48000	 sysNum: 	25000	 MissingNum: 	0	 54210.15833333289	 286671	 2	 Protocol_Missing: 25000	 0.0	 
50000	2500	47500	 sysNum: 	25000	 MissingNum: 	0	 54614.49999999998	 288873	 2	 Protocol_Missing: 25000	 0.0	 
50000	3000	47000	 sysNum: 	25000	 MissingNum: 	0	 54385.00000000003	 287559	 2	 Protocol_Missing: 25000	 0.0	 
50000	3499	46501	 sysNum: 	24999	 MissingNum: 	0	 54494.825000000106	 288153	 2	 Protocol_Missing: 25001	 0.0	 
50000	4000	46000	 sysNum: 	25000	 MissingNum: 	0	 54527.94166666669	 288312	 2	 Protocol_Missing: 25000	 0.0	 
50000	4500	45500	 sysNum: 	25000	 MissingNum: 	0	 54487.949999999866	 288081	 2	 Protocol_Missing: 25000	 0.0	 
50000	500	49500	 sysNum: 	25000	 MissingNum: 	0	 54159.26666666684	 286422	 2	 Protocol_Missing: 25000	 0.0	 
50000	1000	49000	 sysNum: 	25000	 MissingNum: 	0	 54204.124999999585	 286659	 2	 Protocol_Missing: 25000	 0.0	 
50000	1500	48500	 sysNum: 	25000	 MissingNum: 	0	 54869.908333333224	 290109	 2	 Protocol_Missing: 25000	 0.0	 
50000	2000	48000	 sysNum: 	25000	 MissingNum: 	0	 54305.633333333346	 287148	 2	 Protocol_Missing: 25000	 0.0	 
50000	2500	47500	 sysNum: 	25000	 MissingNum: 	0	 54060.82499999985	 285867	 2	 Protocol_Missing: 25000	 0.0	 
50000	3000	47000	 sysNum: 	25000	 MissingNum: 	0	 54095.208333332965	 286050	 2	 Protocol_Missing: 25000	 0.0	 
50000	3499	46501	 sysNum: 	24999	 MissingNum: 	0	 54336.24166666661	 287349	 2	 Protocol_Missing: 25001	 0.0	 
50000	4000	46000	 sysNum: 	25000	 MissingNum: 	0	 54182.63333333328	 286536	 2	 Protocol_Missing: 25000	 0.0	 
50000	4500	45500	 sysNum: 	25000	 MissingNum: 	0	 54637.74999999987	 288882	 2	 Protocol_Missing: 25000	 0.0	 
50000	500	49500	 sysNum: 	25000	 MissingNum: 	0	 54360.5749999999	 287523	 2	 Protocol_Missing: 25000	 0.0	 
50000	1000	49000	 sysNum: 	25000	 MissingNum: 	0	 54172.19999999978	 286425	 2	 Protocol_Missing: 25000	 0.0	 
50000	1500	48500	 sysNum: 	25000	 MissingNum: 	0	 54342.51666666667	 287385	 2	 Protocol_Missing: 25000	 0.0	 
50000	2000	48000	 sysNum: 	25000	 MissingNum: 	0	 54178.68333333327	 286500	 2	 Protocol_Missing: 25000	 0.0	 
50000	2500	47500	 sysNum: 	25000	 MissingNum: 	0	 54588.383333333564	 288651	 2	 Protocol_Missing: 25000	 0.0	 
50000	3000	47000	 sysNum: 	25000	 MissingNum: 	0	 54562.616666666574	 288528	 2	 Protocol_Missing: 25000	 0.0	 
50000	3499	46501	 sysNum: 	24999	 MissingNum: 	0	 54021.81666666678	 285666	 2	 Protocol_Missing: 25001	 0.0	 
50000	4000	46000	 sysNum: 	25000	 MissingNum: 	0	 54519.08333333345	 288327	 2	 Protocol_Missing: 25000	 0.0	 
50000	4500	45500	 sysNum: 	25000	 MissingNum: 	0	 54137.72500000009	 286263	 2	 Protocol_Missing: 25000	 0.0	 
50000	500	49500	 sysNum: 	25000	 MissingNum: 	0	 54370.85000000029	 287469	 2	 Protocol_Missing: 25000	 0.0	 
50000	1000	49000	 sysNum: 	25000	 MissingNum: 	0	 54351.425000000156	 287451	 2	 Protocol_Missing: 25000	 0.0	 
50000	1500	48500	 sysNum: 	25000	 MissingNum: 	0	 54665.25833333341	 289101	 2	 Protocol_Missing: 25000	 0.0	 
50000	2000	48000	 sysNum: 	25000	 MissingNum: 	0	 54479.600000000035	 288108	 2	 Protocol_Missing: 25000	 0.0	 
50000	2500	47500	 sysNum: 	25000	 MissingNum: 	0	 54513.80833333324	 288291	 2	 Protocol_Missing: 25000	 0.0	 
50000	3000	47000	 sysNum: 	25000	 MissingNum: 	0	 54569.47499999976	 288522	 2	 Protocol_Missing: 25000	 0.0	 
50000	3499	46501	 sysNum: 	24999	 MissingNum: 	0	 54372.26666666677	 287529	 2	 Protocol_Missing: 25001	 0.0	 
50000	4000	46000	 sysNum: 	25000	 MissingNum: 	0	 54402.18333333332	 287715	 2	 Protocol_Missing: 25000	 0.0	 
50000	4500	45500	 sysNum: 	25000	 MissingNum: 	0	 54234.98333333324	 286788	 2	 Protocol_Missing: 25000	 0.0	 
50000	500	49500	 sysNum: 	25000	 MissingNum: 	0	 54362.39999999997	 287442	 2	 Protocol_Missing: 25000	 0.0	 
50000	1000	49000	 sysNum: 	25000	 MissingNum: 	0	 54617.03333333328	 288768	 2	 Protocol_Missing: 25000	 0.0	 
50000	1500	48500	 sysNum: 	25000	 MissingNum: 	0	 54659.14166666683	 288960	 2	 Protocol_Missing: 25000	 0.0	 
50000	2000	48000	 sysNum: 	25000	 MissingNum: 	0	 54153.21666666682	 286314	 2	 Protocol_Missing: 25000	 0.0	 
50000	2500	47500	 sysNum: 	25000	 MissingNum: 	0	 54573.783333333515	 288570	 2	 Protocol_Missing: 25000	 0.0	 
50000	3000	47000	 sysNum: 	25000	 MissingNum: 	0	 54832.32500000011	 289935	 2	 Protocol_Missing: 25000	 0.0	 
50000	3499	46501	 sysNum: 	24999	 MissingNum: 	0	 54580.55000000024	 288567	 2	 Protocol_Missing: 25001	 0.0	 
50000	4000	46000	 sysNum: 	25000	 MissingNum: 	0	 54021.449999999706	 285660	 2	 Protocol_Missing: 25000	 0.0	 
50000	4500	45500	 sysNum: 	25000	 MissingNum: 	0	 54361.86666666694	 287313	 2	 Protocol_Missing: 25000	 0.0	 
50000	500	49500	 sysNum: 	25000	 MissingNum: 	0	 54307.8666666659	 287196	 2	 Protocol_Missing: 25000	 0.0	 
50000	1000	49000	 sysNum: 	25000	 MissingNum: 	0	 54296.7249999998	 287064	 2	 Protocol_Missing: 25000	 0.0	 
50000	1500	48500	 sysNum: 	25000	 MissingNum: 	0	 54435.5583333338	 287841	 2	 Protocol_Missing: 25000	 0.0	 
50000	2000	48000	 sysNum: 	25000	 MissingNum: 	0	 54359.29999999968	 287352	 2	 Protocol_Missing: 25000	 0.0	 
50000	2500	47500	 sysNum: 	25000	 MissingNum: 	0	 54354.77499999982	 287397	 2	 Protocol_Missing: 25000	 0.0	 
50000	3000	47000	 sysNum: 	25000	 MissingNum: 	0	 54390.50833333371	 287571	 2	 Protocol_Missing: 25000	 0.0	 
50000	3499	46501	 sysNum: 	24999	 MissingNum: 	0	 54324.83333333296	 287283	 2	 Protocol_Missing: 25001	 0.0	 
50000	4000	46000	 sysNum: 	25000	 MissingNum: 	0	 54453.441666666404	 287889	 2	 Protocol_Missing: 25000	 0.0	 
50000	4500	45500	 sysNum: 	25000	 MissingNum: 	0	 54474.52500000001	 288081	 2	 Protocol_Missing: 25000	 0.0	 
50000	500	49500	 sysNum: 	25000	 MissingNum: 	0	 54601.13333333357	 288741	 2	 Protocol_Missing: 25000	 0.0	 
50000	1000	49000	 sysNum: 	25000	 MissingNum: 	0	 54177.45000000024	 286425	 2	 Protocol_Missing: 25000	 0.0	 
50000	1500	48500	 sysNum: 	25000	 MissingNum: 	0	 54424.416666666446	 287781	 2	 Protocol_Missing: 25000	 0.0	 
50000	2000	48000	 sysNum: 	25000	 MissingNum: 	0	 54362.5666666666	 287475	 2	 Protocol_Missing: 25000	 0.0	 
50000	2500	47500	 sysNum: 	25000	 MissingNum: 	0	 54133.308333333385	 286248	 2	 Protocol_Missing: 25000	 0.0	 
50000	3000	47000	 sysNum: 	25000	 MissingNum: 	0	 54415.18333333325	 287760	 2	 Protocol_Missing: 25000	 0.0	 
50000	3499	46501	 sysNum: 	24999	 MissingNum: 	0	 54040.933333333276	 285735	 2	 Protocol_Missing: 25001	 0.0	 
50000	4000	46000	 sysNum: 	25000	 MissingNum: 	0	 54390.85000000011	 287577	 2	 Protocol_Missing: 25000	 0.0	 
50000	4500	45500	 sysNum: 	25000	 MissingNum: 	0	 54295.733333333745	 287058	 2	 Protocol_Missing: 25000	 0.0	 
50000	500	49500	 sysNum: 	25000	 MissingNum: 	0	 54368.741666666545	 287475	 2	 Protocol_Missing: 25000	 0.0	 
50000	1000	49000	 sysNum: 	25000	 MissingNum: 	0	 54452.64999999958	 287964	 2	 Protocol_Missing: 25000	 0.0	 
50000	1500	48500	 sysNum: 	25000	 MissingNum: 	0	 54433.74166666666	 287808	 2	 Protocol_Missing: 25000	 0.0	 
50000	2000	48000	 sysNum: 	25000	 MissingNum: 	0	 54360.04166666692	 287466	 2	 Protocol_Missing: 25000	 0.0	 
50000	2500	47500	 sysNum: 	25000	 MissingNum: 	0	 54177.54999999961	 286443	 2	 Protocol_Missing: 25000	 0.0	 
50000	3000	47000	 sysNum: 	25000	 MissingNum: 	0	 54503.00833333306	 288210	 2	 Protocol_Missing: 25000	 0.0	 
50000	3499	46501	 sysNum: 	24999	 MissingNum: 	0	 53987.82500000007	 285471	 2	 Protocol_Missing: 25001	 0.0	 
50000	4000	46000	 sysNum: 	25000	 MissingNum: 	0	 54437.525000000125	 287901	 2	 Protocol_Missing: 25000	 0.0	 
50000	4500	45500	 sysNum: 	25000	 MissingNum: 	0	 54177.475000000064	 286488	 2	 Protocol_Missing: 25000	 0.0	 
50000	500	49500	 sysNum: 	25000	 MissingNum: 	0	 54422.84166666676	 287781	 2	 Protocol_Missing: 25000	 0.0	 
50000	1000	49000	 sysNum: 	25000	 MissingNum: 	0	 54319.116666666494	 287214	 2	 Protocol_Missing: 25000	 0.0	 
50000	1500	48500	 sysNum: 	25000	 MissingNum: 	0	 54200.34166666678	 286611	 2	 Protocol_Missing: 25000	 0.0	 
50000	2000	48000	 sysNum: 	25000	 MissingNum: 	0	 54120.31666666674	 286188	 2	 Protocol_Missing: 25000	 0.0	 
50000	2500	47500	 sysNum: 	25000	 MissingNum: 	0	 54257.408333333384	 286869	 2	 Protocol_Missing: 25000	 0.0	 
50000	3000	47000	 sysNum: 	25000	 MissingNum: 	0	 54481.92499999987	 288063	 2	 Protocol_Missing: 25000	 0.0	 
50000	3499	46501	 sysNum: 	24999	 MissingNum: 	0	 54248.1916666668	 286872	 2	 Protocol_Missing: 25001	 0.0	 
50000	4000	46000	 sysNum: 	25000	 MissingNum: 	0	 54585.72500000013	 288594	 2	 Protocol_Missing: 25000	 0.0	 
50000	4500	45500	 sysNum: 	25000	 MissingNum: 	0	 54334.49166666647	 287232	 2	 Protocol_Missing: 25000	 0.0	 
50000	500	49500	 sysNum: 	25000	 MissingNum: 	0	 54306.27500000019	 287145	 2	 Protocol_Missing: 25000	 0.0	 
50000	1000	49000	 sysNum: 	25000	 MissingNum: 	0	 54162.9166666669	 286440	 2	 Protocol_Missing: 25000	 0.0	 
50000	1500	48500	 sysNum: 	25000	 MissingNum: 	0	 54255.58333333332	 286806	 2	 Protocol_Missing: 25000	 0.0	 
50000	2000	48000	 sysNum: 	25000	 MissingNum: 	0	 54223.225000000035	 286713	 2	 Protocol_Missing: 25000	 0.0	 
50000	2500	47500	 sysNum: 	25000	 MissingNum: 	0	 54283.02499999971	 287064	 2	 Protocol_Missing: 25000	 0.0	 
50000	3000	47000	 sysNum: 	25000	 MissingNum: 	0	 54489.59166666687	 288105	 2	 Protocol_Missing: 25000	 0.0	 
50000	3499	46501	 sysNum: 	24999	 MissingNum: 	0	 54108.150000000045	 286074	 2	 Protocol_Missing: 25001	 0.0	 
50000	4000	46000	 sysNum: 	25000	 MissingNum: 	0	 54464.21666666701	 287925	 2	 Protocol_Missing: 25000	 0.0	 
50000	4500	45500	 sysNum: 	25000	 MissingNum: 	0	 54444.63333333316	 287859	 2	 Protocol_Missing: 25000	 0.0	 
50000	500	49500	 sysNum: 	25000	 MissingNum: 	0	 54280.07500000016	 287073	 2	 Protocol_Missing: 25000	 0.0	 
50000	1000	49000	 sysNum: 	25000	 MissingNum: 	0	 54472.99166666678	 288024	 2	 Protocol_Missing: 25000	 0.0	 
50000	1500	48500	 sysNum: 	25000	 MissingNum: 	0	 54407.67500000006	 287676	 2	 Protocol_Missing: 25000	 0.0	 
50000	2000	48000	 sysNum: 	25000	 MissingNum: 	0	 54421.36666666641	 287790	 2	 Protocol_Missing: 25000	 0.0	 
50000	2500	47500	 sysNum: 	25000	 MissingNum: 	0	 54358.525000000074	 287415	 2	 Protocol_Missing: 25000	 0.0	 
50000	3000	47000	 sysNum: 	25000	 MissingNum: 	0	 54240.499999999716	 286776	 2	 Protocol_Missing: 25000	 0.0	 
50000	3499	46501	 sysNum: 	24999	 MissingNum: 	0	 54524.358333333694	 288399	 2	 Protocol_Missing: 25001	 0.0	 
50000	4000	46000	 sysNum: 	25000	 MissingNum: 	0	 54490.833333333765	 288102	 2	 Protocol_Missing: 25000	 0.0	 
50000	4500	45500	 sysNum: 	25000	 MissingNum: 	0	 54179.61666666658	 286539	 2	 Protocol_Missing: 25000	 0.0	 
50000	500	49500	 sysNum: 	25000	 MissingNum: 	0	 54615.41666666697	 288789	 2	 Protocol_Missing: 25000	 0.0	 
50000	1000	49000	 sysNum: 	25000	 MissingNum: 	0	 54622.56666666652	 288906	 2	 Protocol_Missing: 25000	 0.0	 
50000	1500	48500	 sysNum: 	25000	 MissingNum: 	0	 54478.23333333332	 288030	 2	 Protocol_Missing: 25000	 0.0	 
50000	2000	48000	 sysNum: 	25000	 MissingNum: 	0	 54720.925000000156	 289332	 2	 Protocol_Missing: 25000	 0.0	 
50000	2500	47500	 sysNum: 	25000	 MissingNum: 	0	 54406.825	 287604	 2	 Protocol_Missing: 25000	 0.0	 
50000	3000	47000	 sysNum: 	25000	 MissingNum: 	0	 54712.50833333359	 289227	 2	 Protocol_Missing: 25000	 0.0	 
50000	3499	46501	 sysNum: 	24999	 MissingNum: 	0	 54261.19999999969	 286911	 2	 Protocol_Missing: 25001	 0.0	 
50000	4000	46000	 sysNum: 	25000	 MissingNum: 	0	 54305.641666666284	 287151	 2	 Protocol_Missing: 25000	 0.0	 
50000	4500	45500	 sysNum: 	25000	 MissingNum: 	0	 54289.12499999997	 287100	 2	 Protocol_Missing: 25000	 0.0	 
50000	500	49500	 sysNum: 	25000	 MissingNum: 	0	 54429.19166666722	 287817	 2	 Protocol_Missing: 25000	 0.0	 
50000	1000	49000	 sysNum: 	25000	 MissingNum: 	0	 54102.591666666696	 286125	 2	 Protocol_Missing: 25000	 0.0	 
50000	1500	48500	 sysNum: 	25000	 MissingNum: 	0	 54562.816666666775	 288501	 2	 Protocol_Missing: 25000	 0.0	 
50000	2000	48000	 sysNum: 	25000	 MissingNum: 	0	 54403.10000000005	 287676	 2	 Protocol_Missing: 25000	 0.0	 
50000	2500	47500	 sysNum: 	25000	 MissingNum: 	0	 54290.88333333328	 287040	 2	 Protocol_Missing: 25000	 0.0	 
50000	3000	47000	 sysNum: 	25000	 MissingNum: 	0	 54407.458333333176	 287742	 2	 Protocol_Missing: 25000	 0.0	 
50000	3499	46501	 sysNum: 	24999	 MissingNum: 	0	 54193.808333332956	 286608	 2	 Protocol_Missing: 25001	 0.0	 
50000	4000	46000	 sysNum: 	25000	 MissingNum: 	0	 54471.8083333336	 288030	 2	 Protocol_Missing: 25000	 0.0	 
50000	4500	45500	 sysNum: 	25000	 MissingNum: 	0	 54875.76666666667	 290166	 2	 Protocol_Missing: 25000	 0.0	 
50000	500	49500	 sysNum: 	25000	 MissingNum: 	0	 54659.03333333355	 289056	 2	 Protocol_Missing: 25000	 0.0	 
50000	1000	49000	 sysNum: 	25000	 MissingNum: 	0	 54543.033333333195	 288453	 2	 Protocol_Missing: 25000	 0.0	 
50000	1500	48500	 sysNum: 	25000	 MissingNum: 	0	 54590.13333333296	 288633	 2	 Protocol_Missing: 25000	 0.0	 
50000	2000	48000	 sysNum: 	25000	 MissingNum: 	0	 54507.466666666725	 288267	 2	 Protocol_Missing: 25000	 0.0	 
50000	2500	47500	 sysNum: 	25000	 MissingNum: 	0	 54507.183333333254	 288228	 2	 Protocol_Missing: 25000	 0.0	 
50000	3000	47000	 sysNum: 	25000	 MissingNum: 	0	 54583.95833333378	 288543	 2	 Protocol_Missing: 25000	 0.0	 
50000	3499	46501	 sysNum: 	24999	 MissingNum: 	0	 54559.04166666707	 288438	 2	 Protocol_Missing: 25001	 0.0	 
50000	4000	46000	 sysNum: 	25000	 MissingNum: 	0	 54558.9916666667	 288555	 2	 Protocol_Missing: 25000	 0.0	 
50000	4500	45500	 sysNum: 	25000	 MissingNum: 	0	 54736.233333333235	 289407	 2	 Protocol_Missing: 25000	 0.0	 
50000	500	49500	 sysNum: 	25000	 MissingNum: 	0	 54288.099999999664	 287028	 2	 Protocol_Missing: 25000	 0.0	 
50000	1000	49000	 sysNum: 	25000	 MissingNum: 	0	 54138.46666666671	 286233	 2	 Protocol_Missing: 25000	 0.0	 
50000	1500	48500	 sysNum: 	25000	 MissingNum: 	0	 54414.875000000065	 287721	 2	 Protocol_Missing: 25000	 0.0	 
50000	2000	48000	 sysNum: 	25000	 MissingNum: 	0	 54365.20833333314	 287463	 2	 Protocol_Missing: 25000	 0.0	 
50000	2500	47500	 sysNum: 	25000	 MissingNum: 	0	 54472.633333333695	 288066	 2	 Protocol_Missing: 25000	 0.0	 
50000	3000	47000	 sysNum: 	25000	 MissingNum: 	0	 54468.81666666701	 287979	 2	 Protocol_Missing: 25000	 0.0	 
50000	3499	46501	 sysNum: 	24999	 MissingNum: 	0	 54427.40000000014	 287757	 2	 Protocol_Missing: 25001	 0.0	 
50000	4000	46000	 sysNum: 	25000	 MissingNum: 	0	 54141.47500000013	 286308	 2	 Protocol_Missing: 25000	 0.0	 
50000	4500	45500	 sysNum: 	25000	 MissingNum: 	0	 54196.10833333292	 286509	 2	 Protocol_Missing: 25000	 0.0	 
50000	500	49500	 sysNum: 	25000	 MissingNum: 	0	 54428.11666666693	 287817	 2	 Protocol_Missing: 25000	 0.0	 
50000	1000	49000	 sysNum: 	25000	 MissingNum: 	0	 54458.666666667006	 287907	 2	 Protocol_Missing: 25000	 0.0	 
50000	1500	48500	 sysNum: 	25000	 MissingNum: 	0	 54266.950000000164	 286929	 2	 Protocol_Missing: 25000	 0.0	 
50000	2000	48000	 sysNum: 	25000	 MissingNum: 	0	 54115.42499999992	 286146	 2	 Protocol_Missing: 25000	 0.0	 
50000	2500	47500	 sysNum: 	25000	 MissingNum: 	0	 54565.40000000052	 288495	 2	 Protocol_Missing: 25000	 0.0	 
50000	3000	47000	 sysNum: 	25000	 MissingNum: 	0	 54283.999999999825	 287046	 2	 Protocol_Missing: 25000	 0.0	 
50000	3499	46501	 sysNum: 	24999	 MissingNum: 	0	 54222.22500000016	 286713	 2	 Protocol_Missing: 25001	 0.0	 
50000	4000	46000	 sysNum: 	25000	 MissingNum: 	0	 54211.024999999856	 286623	 2	 Protocol_Missing: 25000	 0.0	 
50000	4500	45500	 sysNum: 	25000	 MissingNum: 	0	 54636.66666666659	 288924	 2	 Protocol_Missing: 25000	 0.0	 
50000	500	49500	 sysNum: 	25000	 MissingNum: 	0	 54106.02500000011	 286128	 2	 Protocol_Missing: 25000	 0.0	 
50000	1000	49000	 sysNum: 	25000	 MissingNum: 	0	 54332.108333333395	 287301	 2	 Protocol_Missing: 25000	 0.0	 
50000	1500	48500	 sysNum: 	25000	 MissingNum: 	0	 54188.5583333335	 286509	 2	 Protocol_Missing: 25000	 0.0	 
50000	2000	48000	 sysNum: 	25000	 MissingNum: 	0	 54557.65833333362	 288534	 2	 Protocol_Missing: 25000	 0.0	 
50000	2500	47500	 sysNum: 	25000	 MissingNum: 	0	 54516.283333333246	 288273	 2	 Protocol_Missing: 25000	 0.0	 
50000	3000	47000	 sysNum: 	25000	 MissingNum: 	0	 54293.08333333348	 287049	 2	 Protocol_Missing: 25000	 0.0	 
50000	3499	46501	 sysNum: 	24999	 MissingNum: 	0	 54146.65833333345	 286320	 2	 Protocol_Missing: 25001	 0.0	 
50000	4000	46000	 sysNum: 	25000	 MissingNum: 	0	 54293.86666666629	 287097	 2	 Protocol_Missing: 25000	 0.0	 
50000	4500	45500	 sysNum: 	25000	 MissingNum: 	0	 54335.308333333174	 287301	 2	 Protocol_Missing: 25000	 0.0	 
50000	500	49500	 sysNum: 	25000	 MissingNum: 	0	 54389.4083333336	 287625	 2	 Protocol_Missing: 25000	 0.0	 
50000	1000	49000	 sysNum: 	25000	 MissingNum: 	0	 54639.23333333357	 288867	 2	 Protocol_Missing: 25000	 0.0	 
50000	1500	48500	 sysNum: 	25000	 MissingNum: 	0	 54333.475000000166	 287334	 2	 Protocol_Missing: 25000	 0.0	 
50000	2000	48000	 sysNum: 	25000	 MissingNum: 	0	 54286.80000000049	 287037	 2	 Protocol_Missing: 25000	 0.0	 
50000	2500	47500	 sysNum: 	25000	 MissingNum: 	0	 54287.87500000023	 286956	 2	 Protocol_Missing: 25000	 0.0	 
50000	3000	47000	 sysNum: 	25000	 MissingNum: 	0	 54396.28333333303	 287670	 2	 Protocol_Missing: 25000	 0.0	 
50000	3499	46501	 sysNum: 	24999	 MissingNum: 	0	 54484.7583333333	 288075	 2	 Protocol_Missing: 25001	 0.0	 
50000	4000	46000	 sysNum: 	25000	 MissingNum: 	0	 54391.80000000031	 287577	 2	 Protocol_Missing: 25000	 0.0	 
50000	4500	45500	 sysNum: 	25000	 MissingNum: 	0	 54109.25000000014	 286110	 2	 Protocol_Missing: 25000	 0.0	 
50000	500	49500	 sysNum: 	25000	 MissingNum: 	0	 54615.333333333685	 288822	 2	 Protocol_Missing: 25000	 0.0	 
50000	1000	49000	 sysNum: 	25000	 MissingNum: 	0	 54267.81666666683	 286944	 2	 Protocol_Missing: 25000	 0.0	 
50000	1500	48500	 sysNum: 	25000	 MissingNum: 	0	 54528.308333333436	 288291	 2	 Protocol_Missing: 25000	 0.0	 
50000	2000	48000	 sysNum: 	25000	 MissingNum: 	0	 54447.350000000064	 287901	 2	 Protocol_Missing: 25000	 0.0	 
50000	2500	47500	 sysNum: 	25000	 MissingNum: 	0	 54387.02500000013	 287559	 2	 Protocol_Missing: 25000	 0.0	 
50000	3000	47000	 sysNum: 	25000	 MissingNum: 	0	 54472.04166666672	 288024	 2	 Protocol_Missing: 25000	 0.0	 
50000	3499	46501	 sysNum: 	24999	 MissingNum: 	0	 54552.441666666855	 288456	 2	 Protocol_Missing: 25001	 0.0	 
50000	4000	46000	 sysNum: 	25000	 MissingNum: 	0	 54541.90833333332	 288435	 2	 Protocol_Missing: 25000	 0.0	 
50000	4500	45500	 sysNum: 	25000	 MissingNum: 	0	 54133.99166666685	 286269	 2	 Protocol_Missing: 25000	 0.0	 
50000	500	49500	 sysNum: 	25000	 MissingNum: 	0	 54510.51666666673	 288159	 2	 Protocol_Missing: 25000	 0.0	 
50000	1000	49000	 sysNum: 	25000	 MissingNum: 	0	 54339.49166666683	 287349	 2	 Protocol_Missing: 25000	 0.0	 
50000	1500	48500	 sysNum: 	25000	 MissingNum: 	0	 54164.04166666686	 286413	 2	 Protocol_Missing: 25000	 0.0	 
50000	2000	48000	 sysNum: 	25000	 MissingNum: 	0	 54553.9000000001	 288441	 2	 Protocol_Missing: 25000	 0.0	 
50000	2500	47500	 sysNum: 	25000	 MissingNum: 	0	 54703.016666666925	 289248	 2	 Protocol_Missing: 25000	 0.0	 
50000	3000	47000	 sysNum: 	25000	 MissingNum: 	0	 54406.38333333333	 287697	 2	 Protocol_Missing: 25000	 0.0	 
50000	3499	46501	 sysNum: 	24999	 MissingNum: 	0	 54352.533333333464	 287382	 2	 Protocol_Missing: 25001	 0.0	 
50000	4000	46000	 sysNum: 	25000	 MissingNum: 	0	 54475.2333333335	 288066	 2	 Protocol_Missing: 25000	 0.0	 
50000	4500	45500	 sysNum: 	25000	 MissingNum: 	0	 54587.983333333264	 288624	 2	 Protocol_Missing: 25000	 0.0	 
50000	500	49500	 sysNum: 	25000	 MissingNum: 	0	 54214.35000000007	 286722	 2	 Protocol_Missing: 25000	 0.0	 
50000	1000	49000	 sysNum: 	25000	 MissingNum: 	0	 54099.90833333322	 286023	 2	 Protocol_Missing: 25000	 0.0	 
50000	1500	48500	 sysNum: 	25000	 MissingNum: 	0	 54324.50833333374	 287310	 2	 Protocol_Missing: 25000	 0.0	 
50000	2000	48000	 sysNum: 	25000	 MissingNum: 	0	 54607.57500000028	 288792	 2	 Protocol_Missing: 25000	 0.0	 
50000	2500	47500	 sysNum: 	25000	 MissingNum: 	0	 54667.2833333333	 289128	 2	 Protocol_Missing: 25000	 0.0	 
50000	3000	47000	 sysNum: 	25000	 MissingNum: 	0	 54500.341666666696	 288240	 2	 Protocol_Missing: 25000	 0.0	 
50000	3499	46501	 sysNum: 	24999	 MissingNum: 	0	 54416.40833333304	 287697	 2	 Protocol_Missing: 25001	 0.0	 
50000	4000	46000	 sysNum: 	25000	 MissingNum: 	0	 54065.34999999975	 285876	 2	 Protocol_Missing: 25000	 0.0	 
50000	4500	45500	 sysNum: 	25000	 MissingNum: 	0	 54280.92500000011	 287046	 2	 Protocol_Missing: 25000	 0.0	 
