50010	50000	10	 sysNum: 	45009	 MissingNum: 	0	 6025.833333333337	 204488	 2	 Protocol_Missing: 0	 0.0	 2809.4791666666656	 2088.304166666667	 1128.0500000000002	 94213.0	 71599.0	 38676.0	 11.0	 
50010	50000	10	 sysNum: 	40008	 MissingNum: 	0	 6040.154166666669	 204979	 2	 Protocol_Missing: 0	 0.0	 2766.7208333333324	 2110.616666666667	 1162.8166666666666	 92747.0	 72364.0	 39868.0	 11.0	 
50010	50000	10	 sysNum: 	35007	 MissingNum: 	0	 5990.979166666671	 203101	 2	 Protocol_Missing: 0	 0.0	 2701.212499999999	 2111.1416666666673	 1178.625	 90309.0	 72382.0	 40410.0	 12.0	 
50010	50000	10	 sysNum: 	30006	 MissingNum: 	0	 5827.150000000002	 197676	 2	 Protocol_Missing: 0	 0.0	 2580.7249999999985	 2077.395833333333	 1169.0291666666667	 86370.0	 71225.0	 40081.0	 11.0	 
50010	50000	10	 sysNum: 	25005	 MissingNum: 	0	 5607.904166666671	 190159	 2	 Protocol_Missing: 0	 0.0	 2438.6249999999995	 2021.0166666666664	 1148.2625	 81498.0	 69292.0	 39369.0	 11.0	 
50010	50000	10	 sysNum: 	20004	 MissingNum: 	0	 5306.291666666669	 179626	 2	 Protocol_Missing: 0	 0.0	 2269.7791666666653	 1926.4291666666666	 1110.0833333333333	 75517.0	 66049.0	 38060.0	 12.0	 
50010	50000	10	 sysNum: 	15001	 MissingNum: 	0	 4841.75416666667	 163699	 2	 Protocol_Missing: 0	 0.0	 2033.8208333333323	 1767.4416666666662	 1040.4916666666666	 67427.0	 60598.0	 35674.0	 12.0	 
50010	50000	10	 sysNum: 	10000	 MissingNum: 	0	 4094.0958333333324	 138065	 2	 Protocol_Missing: 0	 0.0	 1694.9624999999994	 1491.9333333333334	 907.1999999999999	 55809.0	 51152.0	 31104.0	 12.0	 
50010	50000	10	 sysNum: 	4999	 MissingNum: 	0	 2768.004166666667	 92407	 2	 Protocol_Missing: 0	 0.0	 1140.1249999999993	 996.8874999999997	 630.9916666666666	 36594.0	 34179.0	 21634.0	 13.0	 
50010	50000	10	 sysNum: 	45009	 MissingNum: 	0	 6046.483333333338	 205196	 2	 Protocol_Missing: 0	 0.0	 2818.054166666666	 2093.9041666666667	 1134.525	 94507.0	 71791.0	 38898.0	 11.0	 
50010	50000	10	 sysNum: 	40008	 MissingNum: 	0	 6050.508333333338	 205142	 2	 Protocol_Missing: 0	 0.0	 2777.162499999999	 2110.995833333333	 1162.35	 92913.0	 72377.0	 39852.0	 12.0	 
50010	50000	10	 sysNum: 	35007	 MissingNum: 	0	 5965.691666666668	 202426	 2	 Protocol_Missing: 0	 0.0	 2686.5124999999985	 2106.3000000000006	 1172.8791666666666	 89997.0	 72216.0	 40213.0	 11.0	 
50010	50000	10	 sysNum: 	30006	 MissingNum: 	0	 5816.358333333337	 197114	 2	 Protocol_Missing: 0	 0.0	 2576.6708333333318	 2072.3208333333337	 1167.3666666666668	 86039.0	 71051.0	 40024.0	 12.0	 
50010	50000	10	 sysNum: 	25005	 MissingNum: 	0	 5584.395833333336	 189161	 2	 Protocol_Missing: 0	 0.0	 2429.2624999999994	 2011.7124999999994	 1143.4208333333333	 80985.0	 68973.0	 39203.0	 12.0	 
50010	50000	10	 sysNum: 	20004	 MissingNum: 	0	 5282.666666666671	 178816	 2	 Protocol_Missing: 0	 0.0	 2260.3875	 1918.5249999999999	 1103.754166666667	 75195.0	 65778.0	 37843.0	 12.0	 
50010	50000	10	 sysNum: 	15001	 MissingNum: 	0	 4822.708333333334	 163046	 2	 Protocol_Missing: 0	 0.0	 2028.8041666666657	 1762.2791666666667	 1031.6250000000002	 67255.0	 60421.0	 35370.0	 12.0	 
50010	50000	10	 sysNum: 	10000	 MissingNum: 	0	 4061.166666666666	 136744	 2	 Protocol_Missing: 0	 0.0	 1684.141666666666	 1479.508333333333	 897.5166666666667	 55246.0	 50726.0	 30772.0	 13.0	 
50010	50000	10	 sysNum: 	4999	 MissingNum: 	0	 2735.8916666666664	 91306	 2	 Protocol_Missing: 0	 0.0	 1130.2374999999995	 986.1249999999998	 619.5291666666666	 36255.0	 33810.0	 21241.0	 13.0	 
50010	50000	10	 sysNum: 	45009	 MissingNum: 	0	 6048.525000000005	 205266	 2	 Protocol_Missing: 0	 0.0	 2819.687499999998	 2093.0	 1135.8374999999996	 94563.0	 71760.0	 38943.0	 11.0	 
50010	50000	10	 sysNum: 	40008	 MissingNum: 	0	 6045.520833333339	 204971	 2	 Protocol_Missing: 0	 0.0	 2770.5124999999985	 2113.0375	 1161.9708333333333	 92685.0	 72447.0	 39839.0	 12.0	 
50010	50000	10	 sysNum: 	35007	 MissingNum: 	0	 5967.441666666671	 202486	 2	 Protocol_Missing: 0	 0.0	 2685.841666666666	 2105.7166666666662	 1175.883333333333	 89974.0	 72196.0	 40316.0	 11.0	 
50010	50000	10	 sysNum: 	30006	 MissingNum: 	0	 5824.933333333335	 197216	 2	 Protocol_Missing: 0	 0.0	 2583.991666666666	 2072.4666666666667	 1168.4750000000001	 86098.0	 71056.0	 40062.0	 13.0	 
50010	50000	10	 sysNum: 	25005	 MissingNum: 	0	 5583.841666666671	 189142	 2	 Protocol_Missing: 0	 0.0	 2431.274999999999	 2011.6833333333334	 1140.8833333333332	 81054.0	 68972.0	 39116.0	 12.0	 
50010	50000	10	 sysNum: 	20004	 MissingNum: 	0	 5320.612500000002	 180117	 2	 Protocol_Missing: 0	 0.0	 2277.187499999998	 1930.3958333333335	 1113.0291666666667	 75771.0	 66185.0	 38161.0	 12.0	 
50010	50000	10	 sysNum: 	15001	 MissingNum: 	0	 4824.429166666669	 163105	 2	 Protocol_Missing: 0	 0.0	 2026.5291666666656	 1763.8541666666665	 1034.0458333333331	 67177.0	 60475.0	 35453.0	 12.0	 
50010	50000	10	 sysNum: 	10000	 MissingNum: 	0	 4069.8875	 137235	 2	 Protocol_Missing: 0	 0.0	 1684.6666666666658	 1482.6291666666664	 902.5916666666666	 55456.0	 50833.0	 30946.0	 12.0	 
50010	50000	10	 sysNum: 	4999	 MissingNum: 	0	 2745.516666666666	 91444	 2	 Protocol_Missing: 0	 0.0	 1135.4583333333328	 987.3499999999999	 622.708333333333	 36242.0	 33852.0	 21350.0	 14.0	 
50010	50000	10	 sysNum: 	45009	 MissingNum: 	0	 6052.170833333335	 205391	 2	 Protocol_Missing: 0	 0.0	 2825.374999999999	 2094.8374999999996	 1131.958333333333	 94758.0	 71823.0	 38810.0	 11.0	 
50010	50000	10	 sysNum: 	40008	 MissingNum: 	0	 6048.145833333336	 205061	 2	 Protocol_Missing: 0	 0.0	 2772.174999999999	 2113.0666666666666	 1162.9041666666662	 92742.0	 72448.0	 39871.0	 12.0	 
50010	50000	10	 sysNum: 	35007	 MissingNum: 	0	 5957.291666666671	 201754	 2	 Protocol_Missing: 0	 0.0	 2688.7583333333328	 2098.570833333333	 1169.9625	 89690.0	 71951.0	 40113.0	 13.0	 
50010	50000	10	 sysNum: 	30006	 MissingNum: 	0	 5849.22916666667	 198241	 2	 Protocol_Missing: 0	 0.0	 2591.749999999999	 2081.4791666666665	 1176.0	 86556.0	 71365.0	 40320.0	 12.0	 
50010	50000	10	 sysNum: 	25005	 MissingNum: 	0	 5583.112500000001	 189309	 2	 Protocol_Missing: 0	 0.0	 2426.112499999999	 2013.3458333333333	 1143.654166666667	 81069.0	 69029.0	 39211.0	 11.0	 
50010	50000	10	 sysNum: 	20004	 MissingNum: 	0	 5331.958333333336	 180698	 2	 Protocol_Missing: 0	 0.0	 2278.4708333333324	 1934.3916666666662	 1119.0958333333333	 76007.0	 66322.0	 38369.0	 11.0	 
50010	50000	10	 sysNum: 	15001	 MissingNum: 	0	 4836.095833333337	 163697	 2	 Protocol_Missing: 0	 0.0	 2028.074999999999	 1769.1625	 1038.8583333333331	 67422.0	 60657.0	 35618.0	 11.0	 
50010	50000	10	 sysNum: 	10000	 MissingNum: 	0	 4090.683333333333	 137948	 2	 Protocol_Missing: 0	 0.0	 1691.8416666666656	 1490.6499999999999	 908.1916666666666	 55702.0	 51108.0	 31138.0	 12.0	 
50010	50000	10	 sysNum: 	4999	 MissingNum: 	0	 2744.1458333333335	 91589	 2	 Protocol_Missing: 0	 0.0	 1131.0249999999999	 989.3916666666665	 623.7291666666665	 36282.0	 33922.0	 21385.0	 13.0	 
50010	50000	10	 sysNum: 	45009	 MissingNum: 	0	 6003.9000000000015	 203928	 2	 Protocol_Missing: 0	 0.0	 2798.5708333333328	 2083.6375000000003	 1121.6916666666666	 94031.0	 71439.0	 38458.0	 10.0	 
50010	50000	10	 sysNum: 	40008	 MissingNum: 	0	 6026.154166666667	 204307	 2	 Protocol_Missing: 0	 0.0	 2762.8124999999986	 2106.9708333333333	 1156.3708333333336	 92421.0	 72239.0	 39647.0	 12.0	 
50010	50000	10	 sysNum: 	35007	 MissingNum: 	0	 5964.729166666671	 202201	 2	 Protocol_Missing: 0	 0.0	 2691.7624999999985	 2103.5000000000005	 1169.4666666666667	 89985.0	 72120.0	 40096.0	 12.0	 
50010	50000	10	 sysNum: 	30006	 MissingNum: 	0	 5825.9833333333345	 197444	 2	 Protocol_Missing: 0	 0.0	 2582.299999999999	 2075.7916666666665	 1167.8916666666669	 86232.0	 71170.0	 40042.0	 12.0	 
50010	50000	10	 sysNum: 	25005	 MissingNum: 	0	 5603.383333333333	 189812	 2	 Protocol_Missing: 0	 0.0	 2442.241666666665	 2016.1458333333328	 1144.9958333333336	 81430.0	 69125.0	 39257.0	 12.0	 
50010	50000	10	 sysNum: 	20004	 MissingNum: 	0	 5266.625000000004	 178266	 2	 Protocol_Missing: 0	 0.0	 2252.716666666666	 1914.791666666666	 1099.1166666666663	 74932.0	 65650.0	 37684.0	 12.0	 
50010	50000	10	 sysNum: 	15001	 MissingNum: 	0	 4784.704166666669	 161743	 2	 Protocol_Missing: 0	 0.0	 2012.2374999999988	 1750.0291666666662	 1022.4374999999999	 66687.0	 60001.0	 35055.0	 12.0	 
50010	50000	10	 sysNum: 	10000	 MissingNum: 	0	 4078.199999999999	 137520	 2	 Protocol_Missing: 0	 0.0	 1687.4083333333328	 1485.195833333333	 905.5958333333333	 55550.0	 50921.0	 31049.0	 12.0	 
50010	50000	10	 sysNum: 	4999	 MissingNum: 	0	 2756.7458333333325	 92021	 2	 Protocol_Missing: 0	 0.0	 1135.6041666666663	 994.9624999999999	 626.1791666666666	 36439.0	 34113.0	 21469.0	 13.0	 
50010	50000	10	 sysNum: 	45009	 MissingNum: 	0	 6033.154166666668	 204739	 2	 Protocol_Missing: 0	 0.0	 2813.649999999999	 2090.2291666666665	 1129.2749999999999	 94356.0	 71665.0	 38718.0	 11.0	 
50010	50000	10	 sysNum: 	40008	 MissingNum: 	0	 6029.8875000000035	 204435	 2	 Protocol_Missing: 0	 0.0	 2765.787499999999	 2105.8624999999997	 1158.2374999999997	 92523.0	 72201.0	 39711.0	 12.0	 
50010	50000	10	 sysNum: 	35007	 MissingNum: 	0	 5952.916666666671	 201988	 2	 Protocol_Missing: 0	 0.0	 2679.6583333333315	 2102.070833333333	 1171.1874999999998	 89762.0	 72071.0	 40155.0	 11.0	 
50010	50000	10	 sysNum: 	30006	 MissingNum: 	0	 5815.9208333333345	 197291	 2	 Protocol_Missing: 0	 0.0	 2572.8499999999985	 2073.779166666667	 1169.2916666666667	 86100.0	 71101.0	 40090.0	 11.0	 
50010	50000	10	 sysNum: 	25005	 MissingNum: 	0	 5586.262500000001	 189417	 2	 Protocol_Missing: 0	 0.0	 2429.7583333333323	 2012.0041666666664	 1144.5	 81194.0	 68983.0	 39240.0	 11.0	 
50010	50000	10	 sysNum: 	20004	 MissingNum: 	0	 5251.5750000000035	 177750	 2	 Protocol_Missing: 0	 0.0	 2245.9499999999994	 1909.1916666666664	 1096.4333333333334	 74700.0	 65458.0	 37592.0	 12.0	 
50010	50000	10	 sysNum: 	15001	 MissingNum: 	0	 4813.462500000001	 162921	 2	 Protocol_Missing: 0	 0.0	 2021.1916666666657	 1760.8208333333332	 1031.4499999999998	 67186.0	 60371.0	 35364.0	 11.0	 
50010	50000	10	 sysNum: 	10000	 MissingNum: 	0	 4063.908333333332	 137030	 2	 Protocol_Missing: 0	 0.0	 1681.137499999999	 1482.1041666666665	 900.6666666666666	 55335.0	 50815.0	 30880.0	 12.0	 
50010	50000	10	 sysNum: 	4999	 MissingNum: 	0	 2733.2958333333327	 91217	 2	 Protocol_Missing: 0	 0.0	 1127.4083333333326	 984.2291666666666	 621.6583333333332	 36158.0	 33745.0	 21314.0	 13.0	 
50010	50000	10	 sysNum: 	45009	 MissingNum: 	0	 6051.529166666669	 205369	 2	 Protocol_Missing: 0	 0.0	 2821.816666666666	 2095.2749999999996	 1134.4375000000002	 94636.0	 71838.0	 38895.0	 11.0	 
50010	50000	10	 sysNum: 	40008	 MissingNum: 	0	 6012.620833333336	 204035	 2	 Protocol_Missing: 0	 0.0	 2754.179166666666	 2104.2291666666665	 1154.2124999999999	 92317.0	 72145.0	 39573.0	 11.0	 
50010	50000	10	 sysNum: 	35007	 MissingNum: 	0	 5961.433333333336	 202280	 2	 Protocol_Missing: 0	 0.0	 2684.5874999999987	 2105.1625	 1171.683333333333	 89931.0	 72177.0	 40172.0	 11.0	 
50010	50000	10	 sysNum: 	30006	 MissingNum: 	0	 5816.008333333336	 197294	 2	 Protocol_Missing: 0	 0.0	 2573.345833333332	 2074.3625	 1168.3000000000002	 86117.0	 71121.0	 40056.0	 11.0	 
50010	50000	10	 sysNum: 	25005	 MissingNum: 	0	 5599.795833333336	 189881	 2	 Protocol_Missing: 0	 0.0	 2435.3291666666655	 2016.0875	 1148.3791666666666	 81385.0	 69123.0	 39373.0	 11.0	 
50010	50000	10	 sysNum: 	20004	 MissingNum: 	0	 5298.095833333338	 179153	 2	 Protocol_Missing: 0	 0.0	 2270.3333333333317	 1920.9458333333334	 1106.8166666666666	 75344.0	 65861.0	 37948.0	 13.0	 
50010	50000	10	 sysNum: 	15001	 MissingNum: 	0	 4843.037500000004	 163743	 2	 Protocol_Missing: 0	 0.0	 2036.6791666666659	 1767.3541666666665	 1039.0041666666664	 67525.0	 60595.0	 35623.0	 12.0	 
50010	50000	10	 sysNum: 	10000	 MissingNum: 	0	 4070.1499999999996	 137244	 2	 Protocol_Missing: 0	 0.0	 1686.6791666666659	 1483.1249999999998	 900.3458333333333	 55525.0	 50850.0	 30869.0	 12.0	 
50010	50000	10	 sysNum: 	4999	 MissingNum: 	0	 2733.7916666666656	 91234	 2	 Protocol_Missing: 0	 0.0	 1127.3791666666666	 985.25	 621.1624999999999	 36157.0	 33780.0	 21297.0	 13.0	 
50010	50000	10	 sysNum: 	45009	 MissingNum: 	0	 6062.758333333335	 205754	 2	 Protocol_Missing: 0	 0.0	 2825.4624999999996	 2098.745833333334	 1138.5500000000002	 94761.0	 71957.0	 39036.0	 11.0	 
50010	50000	10	 sysNum: 	40008	 MissingNum: 	0	 6026.241666666669	 204502	 2	 Protocol_Missing: 0	 0.0	 2761.3833333333323	 2107.4083333333333	 1157.4499999999998	 92564.0	 72254.0	 39684.0	 11.0	 
50010	50000	10	 sysNum: 	35007	 MissingNum: 	0	 6003.112500000003	 203517	 2	 Protocol_Missing: 0	 0.0	 2705.5874999999987	 2115.0791666666664	 1182.445833333333	 90459.0	 72517.0	 40541.0	 12.0	 
50010	50000	10	 sysNum: 	30006	 MissingNum: 	0	 5787.920833333334	 196139	 2	 Protocol_Missing: 0	 0.0	 2564.9458333333314	 2064.2999999999997	 1158.6750000000002	 85637.0	 70776.0	 39726.0	 12.0	 
50010	50000	10	 sysNum: 	25005	 MissingNum: 	0	 5642.437500000003	 191151	 2	 Protocol_Missing: 0	 0.0	 2455.745833333332	 2027.4041666666662	 1159.2874999999997	 81893.0	 69511.0	 39747.0	 12.0	 
50010	50000	10	 sysNum: 	20004	 MissingNum: 	0	 5309.1791666666695	 179533	 2	 Protocol_Missing: 0	 0.0	 2273.4833333333327	 1924.6791666666666	 1111.0166666666667	 75452.0	 65989.0	 38092.0	 13.0	 
50010	50000	10	 sysNum: 	15001	 MissingNum: 	0	 4815.125000000003	 162786	 2	 Protocol_Missing: 0	 0.0	 2024.3416666666653	 1758.6041666666667	 1032.1791666666666	 67102.0	 60295.0	 35389.0	 12.0	 
50010	50000	10	 sysNum: 	10000	 MissingNum: 	0	 4084.3249999999985	 137538	 2	 Protocol_Missing: 0	 0.0	 1694.641666666666	 1486.8291666666662	 902.8541666666667	 55606.0	 50977.0	 30955.0	 13.0	 
50010	50000	10	 sysNum: 	4999	 MissingNum: 	0	 2741.0249999999987	 91674	 2	 Protocol_Missing: 0	 0.0	 1126.9999999999998	 990.0916666666665	 623.9333333333333	 36336.0	 33946.0	 21392.0	 12.0	 
50010	50000	10	 sysNum: 	45009	 MissingNum: 	0	 6066.754166666669	 205891	 2	 Protocol_Missing: 0	 0.0	 2832.4624999999983	 2098.425	 1135.8666666666666	 95001.0	 71946.0	 38944.0	 11.0	 
50010	50000	10	 sysNum: 	40008	 MissingNum: 	0	 6013.1166666666695	 204052	 2	 Protocol_Missing: 0	 0.0	 2754.6749999999984	 2104.9874999999997	 1153.4541666666667	 92334.0	 72171.0	 39547.0	 11.0	 
50010	50000	10	 sysNum: 	35007	 MissingNum: 	0	 5979.137500000002	 202695	 2	 Protocol_Missing: 0	 0.0	 2696.4583333333317	 2108.604166666666	 1174.075	 90146.0	 72295.0	 40254.0	 12.0	 
50010	50000	10	 sysNum: 	30006	 MissingNum: 	0	 5840.21666666667	 197932	 2	 Protocol_Missing: 0	 0.0	 2587.112499999998	 2080.4	 1172.7041666666667	 86397.0	 71328.0	 40207.0	 12.0	 
50010	50000	10	 sysNum: 	25005	 MissingNum: 	0	 5607.466666666668	 189952	 2	 Protocol_Missing: 0	 0.0	 2442.6499999999996	 2017.8958333333333	 1146.9208333333336	 81444.0	 69185.0	 39323.0	 12.0	 
50010	50000	10	 sysNum: 	20004	 MissingNum: 	0	 5276.104166666667	 178783	 2	 Protocol_Missing: 0	 0.0	 2255.370833333333	 1918.3208333333334	 1102.4124999999995	 75215.0	 65771.0	 37797.0	 11.0	 
50010	50000	10	 sysNum: 	15001	 MissingNum: 	0	 4825.887500000001	 163155	 2	 Protocol_Missing: 0	 0.0	 2027.9583333333326	 1762.2499999999998	 1035.6791666666666	 67226.0	 60420.0	 35509.0	 12.0	 
50010	50000	10	 sysNum: 	10000	 MissingNum: 	0	 4089.8958333333326	 137729	 2	 Protocol_Missing: 0	 0.0	 1696.654166666666	 1487.4708333333333	 905.7708333333333	 55675.0	 50999.0	 31055.0	 13.0	 
50010	50000	10	 sysNum: 	4999	 MissingNum: 	0	 2734.5208333333335	 91259	 2	 Protocol_Missing: 0	 0.0	 1128.5458333333327	 984.55	 621.425	 36197.0	 33756.0	 21306.0	 13.0	 
50010	50000	10	 sysNum: 	45009	 MissingNum: 	0	 6066.783333333336	 205892	 2	 Protocol_Missing: 0	 0.0	 2828.904166666665	 2097.7541666666666	 1140.1250000000002	 94879.0	 71923.0	 39090.0	 11.0	 
50010	50000	10	 sysNum: 	40008	 MissingNum: 	0	 6023.033333333339	 204392	 2	 Protocol_Missing: 0	 0.0	 2760.624999999998	 2106.7958333333336	 1155.6125	 92538.0	 72233.0	 39621.0	 11.0	 
50010	50000	10	 sysNum: 	35007	 MissingNum: 	0	 5940.141666666668	 201550	 2	 Protocol_Missing: 0	 0.0	 2678.7541666666657	 2096.791666666666	 1164.5958333333333	 89731.0	 71890.0	 39929.0	 11.0	 
50010	50000	10	 sysNum: 	30006	 MissingNum: 	0	 5837.825000000004	 197850	 2	 Protocol_Missing: 0	 0.0	 2586.0333333333315	 2078.825	 1172.9666666666667	 86360.0	 71274.0	 40216.0	 12.0	 
50010	50000	10	 sysNum: 	25005	 MissingNum: 	0	 5610.908333333337	 190070	 2	 Protocol_Missing: 0	 0.0	 2443.087499999999	 2019.2375	 1148.5833333333333	 81459.0	 69231.0	 39380.0	 12.0	 
50010	50000	10	 sysNum: 	20004	 MissingNum: 	0	 5257.845833333338	 177965	 2	 Protocol_Missing: 0	 0.0	 2249.5374999999995	 1911.1458333333328	 1097.1624999999997	 74823.0	 65525.0	 37617.0	 12.0	 
50010	50000	10	 sysNum: 	15001	 MissingNum: 	0	 4812.879166666671	 162709	 2	 Protocol_Missing: 0	 0.0	 2024.7791666666656	 1756.5041666666666	 1031.5958333333333	 67117.0	 60223.0	 35369.0	 12.0	 
50010	50000	10	 sysNum: 	10000	 MissingNum: 	0	 4060.3208333333328	 136907	 2	 Protocol_Missing: 0	 0.0	 1680.4083333333328	 1481.8708333333332	 898.0416666666666	 55310.0	 50807.0	 30790.0	 12.0	 
50010	50000	10	 sysNum: 	4999	 MissingNum: 	0	 2743.8541666666656	 91579	 2	 Protocol_Missing: 0	 0.0	 1132.1916666666657	 987.1166666666667	 624.5458333333332	 36322.0	 33844.0	 21413.0	 13.0	 
50010	50000	10	 sysNum: 	45009	 MissingNum: 	0	 6035.808333333334	 204830	 2	 Protocol_Missing: 0	 0.0	 2815.2541666666657	 2090.695833333333	 1129.8583333333331	 94411.0	 71681.0	 38738.0	 11.0	 
50010	50000	10	 sysNum: 	40008	 MissingNum: 	0	 6054.416666666669	 205468	 2	 Protocol_Missing: 0	 0.0	 2775.499999999999	 2113.912500000001	 1165.0041666666664	 93048.0	 72477.0	 39943.0	 11.0	 
50010	50000	10	 sysNum: 	35007	 MissingNum: 	0	 5965.3125	 202221	 2	 Protocol_Missing: 0	 0.0	 2690.1583333333324	 2103.879166666666	 1171.2749999999999	 89930.0	 72133.0	 40158.0	 12.0	 
50010	50000	10	 sysNum: 	30006	 MissingNum: 	0	 5787.133333333338	 196112	 2	 Protocol_Missing: 0	 0.0	 2563.6041666666656	 2064.65	 1158.8791666666664	 85591.0	 70788.0	 39733.0	 12.0	 
50010	50000	10	 sysNum: 	25005	 MissingNum: 	0	 5556.045833333336	 188381	 2	 Protocol_Missing: 0	 0.0	 2417.4791666666656	 2004.4208333333336	 1134.1458333333333	 80773.0	 68723.0	 38885.0	 11.0	 
50010	50000	10	 sysNum: 	20004	 MissingNum: 	0	 5285.37916666667	 178909	 2	 Protocol_Missing: 0	 0.0	 2262.3999999999983	 1919.283333333333	 1103.6958333333334	 75264.0	 65804.0	 37841.0	 12.0	 
50010	50000	10	 sysNum: 	15001	 MissingNum: 	0	 4801.825000000003	 162330	 2	 Protocol_Missing: 0	 0.0	 2017.1083333333322	 1755.1916666666668	 1029.525	 66854.0	 60178.0	 35298.0	 12.0	 
50010	50000	10	 sysNum: 	10000	 MissingNum: 	0	 4073.475	 137358	 2	 Protocol_Missing: 0	 0.0	 1685.1041666666656	 1485.2833333333335	 903.0874999999999	 55471.0	 50924.0	 30963.0	 12.0	 
50010	50000	10	 sysNum: 	4999	 MissingNum: 	0	 2775.120833333332	 92459	 2	 Protocol_Missing: 0	 0.0	 1147.1249999999995	 997.0624999999997	 630.9333333333332	 36642.0	 34185.0	 21632.0	 14.0	 
50010	50000	10	 sysNum: 	45009	 MissingNum: 	0	 6047.387500000006	 205227	 2	 Protocol_Missing: 0	 0.0	 2820.504166666665	 2094.604166666666	 1132.2791666666667	 94591.0	 71815.0	 38821.0	 11.0	 
50010	50000	10	 sysNum: 	40008	 MissingNum: 	0	 6018.950000000003	 204252	 2	 Protocol_Missing: 0	 0.0	 2758.4374999999986	 2106.183333333334	 1154.3291666666667	 92463.0	 72212.0	 39577.0	 11.0	 
50010	50000	10	 sysNum: 	35007	 MissingNum: 	0	 5972.925000000004	 202290	 2	 Protocol_Missing: 0	 0.0	 2693.5708333333323	 2106.4750000000004	 1172.8791666666666	 89855.0	 72222.0	 40213.0	 13.0	 
50010	50000	10	 sysNum: 	30006	 MissingNum: 	0	 5826.945833333337	 197477	 2	 Protocol_Missing: 0	 0.0	 2582.3874999999985	 2074.683333333333	 1169.8749999999995	 86235.0	 71132.0	 40110.0	 12.0	 
50010	50000	10	 sysNum: 	25005	 MissingNum: 	0	 5599.154166666669	 189667	 2	 Protocol_Missing: 0	 0.0	 2437.458333333332	 2015.7375	 1145.9583333333335	 81266.0	 69111.0	 39290.0	 12.0	 
50010	50000	10	 sysNum: 	20004	 MissingNum: 	0	 5279.429166666669	 178897	 2	 Protocol_Missing: 0	 0.0	 2254.4083333333324	 1919.9541666666667	 1105.0666666666666	 75182.0	 65827.0	 37888.0	 11.0	 
50010	50000	10	 sysNum: 	15001	 MissingNum: 	0	 4824.400000000002	 163104	 2	 Protocol_Missing: 0	 0.0	 2028.074999999999	 1761.8124999999998	 1034.5124999999996	 67230.0	 60405.0	 35469.0	 12.0	 
50010	50000	10	 sysNum: 	10000	 MissingNum: 	0	 4109.7875	 138411	 2	 Protocol_Missing: 0	 0.0	 1702.2541666666657	 1496.1333333333332	 911.3999999999999	 55867.0	 51296.0	 31248.0	 13.0	 
50010	50000	10	 sysNum: 	4999	 MissingNum: 	0	 2741.6958333333314	 91505	 2	 Protocol_Missing: 0	 0.0	 1131.1999999999996	 987.6416666666665	 622.8541666666666	 36288.0	 33862.0	 21355.0	 13.0	 
50010	50000	10	 sysNum: 	45009	 MissingNum: 	0	 6067.016666666672	 205708	 2	 Protocol_Missing: 0	 0.0	 2831.208333333332	 2097.6666666666665	 1138.1416666666667	 94766.0	 71920.0	 39022.0	 12.0	 
50010	50000	10	 sysNum: 	40008	 MissingNum: 	0	 6038.725	 204738	 2	 Protocol_Missing: 0	 0.0	 2769.637499999999	 2109.3625	 1159.725	 92655.0	 72321.0	 39762.0	 12.0	 
50010	50000	10	 sysNum: 	35007	 MissingNum: 	0	 5969.716666666669	 202372	 2	 Protocol_Missing: 0	 0.0	 2692.9874999999984	 2102.8875000000003	 1173.8416666666665	 90027.0	 72099.0	 40246.0	 12.0	 
50010	50000	10	 sysNum: 	30006	 MissingNum: 	0	 5804.575000000002	 196710	 2	 Protocol_Missing: 0	 0.0	 2570.224999999999	 2069.1125	 1165.2375000000002	 85818.0	 70941.0	 39951.0	 12.0	 
50010	50000	10	 sysNum: 	25005	 MissingNum: 	0	 5641.795833333336	 191321	 2	 Protocol_Missing: 0	 0.0	 2451.2833333333333	 2031.4874999999997	 1159.0249999999999	 81932.0	 69651.0	 39738.0	 11.0	 
50010	50000	10	 sysNum: 	20004	 MissingNum: 	0	 5271.758333333335	 178442	 2	 Protocol_Missing: 0	 0.0	 2252.804166666666	 1915.0833333333335	 1103.870833333333	 74935.0	 65660.0	 37847.0	 12.0	 
50010	50000	10	 sysNum: 	15001	 MissingNum: 	0	 4791.616666666668	 162172	 2	 Protocol_Missing: 0	 0.0	 2010.0208333333323	 1755.0166666666669	 1026.5791666666667	 66803.0	 60172.0	 35197.0	 11.0	 
50010	50000	10	 sysNum: 	10000	 MissingNum: 	0	 4071.4916666666654	 137098	 2	 Protocol_Missing: 0	 0.0	 1688.6041666666654	 1482.4833333333336	 900.4041666666666	 55399.0	 50828.0	 30871.0	 13.0	 
50010	50000	10	 sysNum: 	4999	 MissingNum: 	0	 2785.533333333333	 93008	 2	 Protocol_Missing: 0	 0.0	 1147.4749999999995	 1002.9833333333331	 635.0749999999999	 36846.0	 34388.0	 21774.0	 13.0	 
50010	50000	10	 sysNum: 	45009	 MissingNum: 	0	 6035.283333333335	 205004	 2	 Protocol_Missing: 0	 0.0	 2812.1625	 2092.5333333333333	 1130.5874999999999	 94497.0	 71744.0	 38763.0	 10.0	 
50010	50000	10	 sysNum: 	40008	 MissingNum: 	0	 6024.170833333335	 204431	 2	 Protocol_Missing: 0	 0.0	 2761.733333333332	 2106.795833333333	 1155.6416666666664	 92576.0	 72233.0	 39622.0	 11.0	 
50010	50000	10	 sysNum: 	35007	 MissingNum: 	0	 5961.025000000005	 202266	 2	 Protocol_Missing: 0	 0.0	 2687.154166666665	 2103.6458333333326	 1170.225	 90019.0	 72125.0	 40122.0	 11.0	 
50010	50000	10	 sysNum: 	30006	 MissingNum: 	0	 5818.400000000003	 197184	 2	 Protocol_Missing: 0	 0.0	 2577.3416666666653	 2073.75	 1167.3083333333327	 86062.0	 71100.0	 40022.0	 12.0	 
50010	50000	10	 sysNum: 	25005	 MissingNum: 	0	 5614.7000000000035	 190008	 2	 Protocol_Missing: 0	 0.0	 2447.8999999999987	 2016.9333333333334	 1149.8666666666668	 81432.0	 69152.0	 39424.0	 13.0	 
50010	50000	10	 sysNum: 	20004	 MissingNum: 	0	 5253.470833333335	 178007	 2	 Protocol_Missing: 0	 0.0	 2242.2749999999983	 1914.2375000000002	 1096.9583333333333	 74766.0	 65631.0	 37610.0	 11.0	 
50010	50000	10	 sysNum: 	15001	 MissingNum: 	0	 4816.612500000002	 162837	 2	 Protocol_Missing: 0	 0.0	 2024.1666666666658	 1760.4416666666664	 1032.0041666666666	 67096.0	 60358.0	 35383.0	 12.0	 
50010	50000	10	 sysNum: 	10000	 MissingNum: 	0	 4049.2666666666655	 136528	 2	 Protocol_Missing: 0	 0.0	 1675.3333333333323	 1477.35	 896.5833333333331	 55136.0	 50652.0	 30740.0	 12.0	 
50010	50000	10	 sysNum: 	4999	 MissingNum: 	0	 2745.720833333333	 91643	 2	 Protocol_Missing: 0	 0.0	 1132.1333333333328	 990.2958333333335	 623.2916666666666	 36320.0	 33953.0	 21370.0	 13.0	 
50010	50000	10	 sysNum: 	45009	 MissingNum: 	0	 6039.6875	 204963	 2	 Protocol_Missing: 0	 0.0	 2814.9624999999987	 2092.1541666666662	 1132.5708333333337	 94401.0	 71731.0	 38831.0	 11.0	 
50010	50000	10	 sysNum: 	40008	 MissingNum: 	0	 6055.670833333335	 205319	 2	 Protocol_Missing: 0	 0.0	 2776.491666666665	 2114.2625	 1164.9166666666665	 92890.0	 72489.0	 39940.0	 12.0	 
50010	50000	10	 sysNum: 	35007	 MissingNum: 	0	 5975.900000000004	 202584	 2	 Protocol_Missing: 0	 0.0	 2692.0541666666654	 2107.816666666667	 1176.0291666666667	 89995.0	 72268.0	 40321.0	 12.0	 
50010	50000	10	 sysNum: 	30006	 MissingNum: 	0	 5821.783333333338	 197300	 2	 Protocol_Missing: 0	 0.0	 2577.9833333333318	 2073.7208333333333	 1170.0791666666664	 86084.0	 71099.0	 40117.0	 12.0	 
50010	50000	10	 sysNum: 	25005	 MissingNum: 	0	 5591.804166666669	 189415	 2	 Protocol_Missing: 0	 0.0	 2436.641666666665	 2010.4583333333333	 1144.7041666666667	 81238.0	 68930.0	 39247.0	 12.0	 
50010	50000	10	 sysNum: 	20004	 MissingNum: 	0	 5296.754166666668	 179491	 2	 Protocol_Missing: 0	 0.0	 2261.5541666666654	 1925.1458333333335	 1110.0541666666666	 75427.0	 66005.0	 38059.0	 11.0	 
50010	50000	10	 sysNum: 	15001	 MissingNum: 	0	 4812.470833333335	 162887	 2	 Protocol_Missing: 0	 0.0	 2017.224999999999	 1762.2791666666665	 1032.9666666666665	 67050.0	 60421.0	 35416.0	 11.0	 
50010	50000	10	 sysNum: 	10000	 MissingNum: 	0	 4096.108333333331	 138134	 2	 Protocol_Missing: 0	 0.0	 1695.0791666666657	 1492.4291666666663	 908.6	 55813.0	 51169.0	 31152.0	 12.0	 
50010	50000	10	 sysNum: 	4999	 MissingNum: 	0	 2768.966666666666	 92440	 2	 Protocol_Missing: 0	 0.0	 1140.2124999999996	 997.5583333333334	 631.1958333333331	 36597.0	 34202.0	 21641.0	 13.0	 
50010	50000	10	 sysNum: 	45009	 MissingNum: 	0	 6055.29166666667	 205498	 2	 Protocol_Missing: 0	 0.0	 2821.2041666666655	 2096.7916666666665	 1137.2958333333333	 94615.0	 71890.0	 38993.0	 11.0	 
50010	50000	10	 sysNum: 	40008	 MissingNum: 	0	 6058.937500000003	 205431	 2	 Protocol_Missing: 0	 0.0	 2780.6916666666657	 2114.2625000000003	 1163.9833333333333	 93034.0	 72489.0	 39908.0	 12.0	 
50010	50000	10	 sysNum: 	35007	 MissingNum: 	0	 5972.312500000004	 202461	 2	 Protocol_Missing: 0	 0.0	 2691.9374999999986	 2106.445833333333	 1173.9291666666666	 89991.0	 72221.0	 40249.0	 12.0	 
50010	50000	10	 sysNum: 	30006	 MissingNum: 	0	 5854.712500000002	 198621	 2	 Protocol_Missing: 0	 0.0	 2588.774999999999	 2085.533333333333	 1180.404166666667	 86646.0	 71504.0	 40471.0	 11.0	 
50010	50000	10	 sysNum: 	25005	 MissingNum: 	0	 5576.4625	 189081	 2	 Protocol_Missing: 0	 0.0	 2422.9333333333325	 2011.45	 1142.0791666666664	 80960.0	 68964.0	 39157.0	 11.0	 
50010	50000	10	 sysNum: 	20004	 MissingNum: 	0	 5264.2333333333345	 178376	 2	 Protocol_Missing: 0	 0.0	 2244.8416666666662	 1916.308333333333	 1103.083333333333	 74854.0	 65702.0	 37820.0	 11.0	 
50010	50000	10	 sysNum: 	15001	 MissingNum: 	0	 4818.945833333337	 162917	 2	 Protocol_Missing: 0	 0.0	 2026.4416666666657	 1761.3166666666664	 1031.1874999999998	 67174.0	 60388.0	 35355.0	 12.0	 
50010	50000	10	 sysNum: 	10000	 MissingNum: 	0	 4071.5791666666655	 137293	 2	 Protocol_Missing: 0	 0.0	 1686.941666666666	 1485.604166666666	 899.0333333333333	 55534.0	 50935.0	 30824.0	 12.0	 
50010	50000	10	 sysNum: 	4999	 MissingNum: 	0	 2769.1124999999997	 92445	 2	 Protocol_Missing: 0	 0.0	 1141.7874999999992	 996.0999999999997	 631.2249999999998	 36651.0	 34152.0	 21642.0	 13.0	 
50010	50000	10	 sysNum: 	45009	 MissingNum: 	0	 6055.641666666669	 205510	 2	 Protocol_Missing: 0	 0.0	 2822.9249999999984	 2096.0333333333338	 1136.683333333333	 94674.0	 71864.0	 38972.0	 11.0	 
50010	50000	10	 sysNum: 	40008	 MissingNum: 	0	 6021.487500000002	 204147	 2	 Protocol_Missing: 0	 0.0	 2762.812499999999	 2104.404166666667	 1154.2708333333335	 92421.0	 72151.0	 39575.0	 12.0	 
50010	50000	10	 sysNum: 	35007	 MissingNum: 	0	 5965.633333333338	 202424	 2	 Protocol_Missing: 0	 0.0	 2685.841666666665	 2106.562499999999	 1173.2291666666667	 89974.0	 72225.0	 40225.0	 11.0	 
50010	50000	10	 sysNum: 	30006	 MissingNum: 	0	 5816.416666666671	 197116	 2	 Protocol_Missing: 0	 0.0	 2577.6333333333328	 2072.7875	 1165.9958333333334	 86072.0	 71067.0	 39977.0	 12.0	 
50010	50000	10	 sysNum: 	25005	 MissingNum: 	0	 5597.637500000003	 189615	 2	 Protocol_Missing: 0	 0.0	 2436.904166666666	 2013.6666666666667	 1147.0666666666666	 81247.0	 69040.0	 39328.0	 12.0	 
50010	50000	10	 sysNum: 	20004	 MissingNum: 	0	 5286.954166666669	 178963	 2	 Protocol_Missing: 0	 0.0	 2263.449999999999	 1919.9249999999995	 1103.5791666666664	 75300.0	 65826.0	 37837.0	 12.0	 
50010	50000	10	 sysNum: 	15001	 MissingNum: 	0	 4821.454166666671	 163003	 2	 Protocol_Missing: 0	 0.0	 2026.8208333333318	 1760.3541666666665	 1034.2791666666667	 67187.0	 60355.0	 35461.0	 12.0	 
50010	50000	10	 sysNum: 	10000	 MissingNum: 	0	 4084.645833333332	 137741	 2	 Protocol_Missing: 0	 0.0	 1690.0624999999993	 1488.6666666666663	 905.9166666666666	 55641.0	 51040.0	 31060.0	 12.0	 
50010	50000	10	 sysNum: 	4999	 MissingNum: 	0	 2748.812499999999	 91557	 2	 Protocol_Missing: 0	 0.0	 1137.8791666666664	 988.3999999999997	 622.5333333333331	 36325.0	 33888.0	 21344.0	 14.0	 
50010	50000	10	 sysNum: 	45009	 MissingNum: 	0	 6049.8375000000015	 205119	 2	 Protocol_Missing: 0	 0.0	 2824.4125	 2091.2500000000005	 1134.1749999999997	 94533.0	 71700.0	 38886.0	 12.0	 
50010	50000	10	 sysNum: 	40008	 MissingNum: 	0	 5980.362500000004	 202929	 2	 Protocol_Missing: 0	 0.0	 2737.7874999999985	 2094.75	 1147.8249999999998	 91755.0	 71820.0	 39354.0	 11.0	 
50010	50000	10	 sysNum: 	35007	 MissingNum: 	0	 5942.095833333337	 201617	 2	 Protocol_Missing: 0	 0.0	 2676.770833333332	 2098.4833333333336	 1166.8416666666665	 89663.0	 71948.0	 40006.0	 11.0	 
50010	50000	10	 sysNum: 	30006	 MissingNum: 	0	 5820.587500000003	 197451	 2	 Protocol_Missing: 0	 0.0	 2577.3708333333316	 2075.033333333333	 1168.1833333333332	 86255.0	 71144.0	 40052.0	 11.0	 
50010	50000	10	 sysNum: 	25005	 MissingNum: 	0	 5604.316666666668	 189844	 2	 Protocol_Missing: 0	 0.0	 2442.037499999999	 2015.4750000000001	 1146.8041666666663	 81423.0	 69102.0	 39319.0	 12.0	 
50010	50000	10	 sysNum: 	20004	 MissingNum: 	0	 5277.941666666668	 178654	 2	 Protocol_Missing: 0	 0.0	 2256.012499999999	 1916.9208333333333	 1105.0083333333334	 75045.0	 65723.0	 37886.0	 12.0	 
50010	50000	10	 sysNum: 	15001	 MissingNum: 	0	 4806.695833333338	 162305	 2	 Protocol_Missing: 0	 0.0	 2025.7124999999985	 1754.5208333333333	 1026.4625	 66957.0	 60155.0	 35193.0	 13.0	 
50010	50000	10	 sysNum: 	10000	 MissingNum: 	0	 4068.9249999999997	 137010	 2	 Protocol_Missing: 0	 0.0	 1688.137499999999	 1481.054166666666	 899.7333333333333	 55383.0	 50779.0	 30848.0	 13.0	 
50010	50000	10	 sysNum: 	4999	 MissingNum: 	0	 2764.5916666666662	 92290	 2	 Protocol_Missing: 0	 0.0	 1138.0833333333328	 995.9833333333333	 630.525	 36524.0	 34148.0	 21618.0	 13.0	 
50010	50000	10	 sysNum: 	45009	 MissingNum: 	0	 6046.512500000003	 205197	 2	 Protocol_Missing: 0	 0.0	 2817.966666666666	 2093.4375000000005	 1135.1083333333333	 94504.0	 71775.0	 38918.0	 11.0	 
50010	50000	10	 sysNum: 	40008	 MissingNum: 	0	 6062.816666666669	 205564	 2	 Protocol_Missing: 0	 0.0	 2781.099999999999	 2115.3708333333334	 1166.3458333333335	 93048.0	 72527.0	 39989.0	 12.0	 
50010	50000	10	 sysNum: 	35007	 MissingNum: 	0	 5964.583333333337	 202388	 2	 Protocol_Missing: 0	 0.0	 2685.9874999999984	 2104.7541666666666	 1173.8416666666665	 89979.0	 72163.0	 40246.0	 11.0	 
50010	50000	10	 sysNum: 	30006	 MissingNum: 	0	 5802.358333333335	 196826	 2	 Protocol_Missing: 0	 0.0	 2568.9416666666657	 2068.7625000000003	 1164.6541666666667	 85966.0	 70929.0	 39931.0	 11.0	 
50010	50000	10	 sysNum: 	25005	 MissingNum: 	0	 5617.675000000004	 190494	 2	 Protocol_Missing: 0	 0.0	 2441.249999999999	 2021.9208333333333	 1154.5041666666666	 81588.0	 69323.0	 39583.0	 11.0	 
50010	50000	10	 sysNum: 	20004	 MissingNum: 	0	 5274.441666666668	 178534	 2	 Protocol_Missing: 0	 0.0	 2256.0999999999995	 1915.7541666666664	 1102.5875	 75048.0	 65683.0	 37803.0	 12.0	 
50010	50000	10	 sysNum: 	15001	 MissingNum: 	0	 4812.850000000001	 162708	 2	 Protocol_Missing: 0	 0.0	 2023.7291666666658	 1757.3791666666668	 1031.7416666666663	 67081.0	 60253.0	 35374.0	 12.0	 
50010	50000	10	 sysNum: 	10000	 MissingNum: 	0	 4090.887499999999	 137763	 2	 Protocol_Missing: 0	 0.0	 1694.7291666666656	 1491.3791666666666	 904.7791666666667	 55609.0	 51133.0	 31021.0	 13.0	 
50010	50000	10	 sysNum: 	4999	 MissingNum: 	0	 2760.8291666666664	 92353	 2	 Protocol_Missing: 0	 0.0	 1134.2041666666664	 997.0041666666667	 629.6208333333334	 36583.0	 34183.0	 21587.0	 12.0	 
50010	50000	10	 sysNum: 	45009	 MissingNum: 	0	 6040.5041666666675	 204799	 2	 Protocol_Missing: 0	 0.0	 2822.6916666666657	 2090.4625	 1127.3500000000001	 94474.0	 71673.0	 38652.0	 12.0	 
50010	50000	10	 sysNum: 	40008	 MissingNum: 	0	 6013.320833333335	 203867	 2	 Protocol_Missing: 0	 0.0	 2759.195833333332	 2102.6249999999995	 1151.5000000000002	 92297.0	 72090.0	 39480.0	 12.0	 
50010	50000	10	 sysNum: 	35007	 MissingNum: 	0	 5932.704166666668	 201103	 2	 Protocol_Missing: 0	 0.0	 2677.6749999999993	 2094.3124999999995	 1160.7166666666665	 89502.0	 71805.0	 39796.0	 12.0	 
50010	50000	10	 sysNum: 	30006	 MissingNum: 	0	 5819.479166666672	 197221	 2	 Protocol_Missing: 0	 0.0	 2578.2166666666644	 2074.2458333333334	 1167.0166666666664	 86092.0	 71117.0	 40012.0	 12.0	 
50010	50000	10	 sysNum: 	25005	 MissingNum: 	0	 5581.100000000005	 189048	 2	 Protocol_Missing: 0	 0.0	 2429.145833333332	 2007.8624999999997	 1144.0916666666665	 80981.0	 68841.0	 39226.0	 12.0	 
50010	50000	10	 sysNum: 	20004	 MissingNum: 	0	 5251.895833333337	 177953	 2	 Protocol_Missing: 0	 0.0	 2246.8249999999994	 1909.3083333333334	 1095.7625	 74922.0	 65462.0	 37569.0	 11.0	 
50010	50000	10	 sysNum: 	15001	 MissingNum: 	0	 4816.2625000000035	 162825	 2	 Protocol_Missing: 0	 0.0	 2024.6916666666662	 1759.7416666666666	 1031.8291666666664	 67114.0	 60334.0	 35377.0	 12.0	 
50010	50000	10	 sysNum: 	10000	 MissingNum: 	0	 4080.9416666666657	 137614	 2	 Protocol_Missing: 0	 0.0	 1686.6208333333325	 1488.5791666666667	 905.7416666666667	 55523.0	 51037.0	 31054.0	 12.0	 
50010	50000	10	 sysNum: 	4999	 MissingNum: 	0	 2738.020833333333	 91379	 2	 Protocol_Missing: 0	 0.0	 1130.4124999999995	 986.5916666666666	 621.0166666666667	 36261.0	 33826.0	 21292.0	 13.0	 
50010	50000	10	 sysNum: 	45009	 MissingNum: 	0	 6039.191666666671	 204946	 2	 Protocol_Missing: 0	 0.0	 2816.041666666666	 2090.8125	 1132.3374999999996	 94438.0	 71685.0	 38823.0	 11.0	 
50010	50000	10	 sysNum: 	40008	 MissingNum: 	0	 6018.920833333335	 204059	 2	 Protocol_Missing: 0	 0.0	 2759.9249999999984	 2104.054166666667	 1154.9416666666664	 92322.0	 72139.0	 39598.0	 12.0	 
50010	50000	10	 sysNum: 	35007	 MissingNum: 	0	 5975.987500000003	 202587	 2	 Protocol_Missing: 0	 0.0	 2694.0958333333324	 2107.6125	 1174.2791666666662	 90065.0	 72261.0	 40261.0	 12.0	 
50010	50000	10	 sysNum: 	30006	 MissingNum: 	0	 5840.741666666672	 198142	 2	 Protocol_Missing: 0	 0.0	 2584.2249999999985	 2081.0125	 1175.5041666666666	 86490.0	 71349.0	 40303.0	 11.0	 
50010	50000	10	 sysNum: 	25005	 MissingNum: 	0	 5597.929166666671	 189625	 2	 Protocol_Missing: 0	 0.0	 2435.7666666666655	 2016.0291666666667	 1146.1333333333332	 81208.0	 69121.0	 39296.0	 12.0	 
50010	50000	10	 sysNum: 	20004	 MissingNum: 	0	 5285.583333333336	 178916	 2	 Protocol_Missing: 0	 0.0	 2263.8291666666664	 1918.3791666666664	 1103.375	 75313.0	 65773.0	 37830.0	 12.0	 
50010	50000	10	 sysNum: 	15001	 MissingNum: 	0	 4830.058333333335	 163298	 2	 Protocol_Missing: 0	 0.0	 2031.1958333333323	 1763.3291666666667	 1035.533333333333	 67337.0	 60457.0	 35504.0	 12.0	 
50010	50000	10	 sysNum: 	10000	 MissingNum: 	0	 4087.7083333333317	 137846	 2	 Protocol_Missing: 0	 0.0	 1691.0249999999994	 1490.4166666666665	 906.2666666666667	 55674.0	 51100.0	 31072.0	 12.0	 
50010	50000	10	 sysNum: 	4999	 MissingNum: 	0	 2777.279166666665	 92725	 2	 Protocol_Missing: 0	 0.0	 1145.054166666666	 1000.2416666666666	 631.9833333333333	 36763.0	 34294.0	 21668.0	 13.0	 
50010	50000	10	 sysNum: 	45009	 MissingNum: 	0	 6010.170833333336	 204143	 2	 Protocol_Missing: 0	 0.0	 2800.029166666665	 2087.020833333333	 1123.1208333333332	 94081.0	 71555.0	 38507.0	 10.0	 
50010	50000	10	 sysNum: 	40008	 MissingNum: 	0	 6029.391666666668	 204418	 2	 Protocol_Missing: 0	 0.0	 2766.2833333333315	 2106.883333333334	 1156.225	 92540.0	 72236.0	 39642.0	 12.0	 
50010	50000	10	 sysNum: 	35007	 MissingNum: 	0	 5975.75416666667	 202771	 2	 Protocol_Missing: 0	 0.0	 2690.829166666665	 2108.3125	 1176.6125000000002	 90145.0	 72285.0	 40341.0	 11.0	 
50010	50000	10	 sysNum: 	30006	 MissingNum: 	0	 5861.770833333337	 198671	 2	 Protocol_Missing: 0	 0.0	 2596.3583333333318	 2085.0958333333333	 1180.3166666666662	 86714.0	 71489.0	 40468.0	 12.0	 
50010	50000	10	 sysNum: 	25005	 MissingNum: 	0	 5613.24166666667	 190150	 2	 Protocol_Missing: 0	 0.0	 2442.0374999999985	 2022.1833333333332	 1149.0208333333333	 81423.0	 69332.0	 39395.0	 12.0	 
50010	50000	10	 sysNum: 	20004	 MissingNum: 	0	 5289.958333333336	 179066	 2	 Protocol_Missing: 0	 0.0	 2263.8291666666664	 1921.15	 1104.9791666666663	 75313.0	 65868.0	 37885.0	 12.0	 
50010	50000	10	 sysNum: 	15001	 MissingNum: 	0	 4787.562500000003	 162033	 2	 Protocol_Missing: 0	 0.0	 2009.1749999999993	 1753.120833333333	 1025.2666666666669	 66774.0	 60107.0	 35152.0	 11.0	 
50010	50000	10	 sysNum: 	10000	 MissingNum: 	0	 4088.0291666666653	 137857	 2	 Protocol_Missing: 0	 0.0	 1692.862499999999	 1488.7541666666662	 906.4124999999999	 55737.0	 51043.0	 31077.0	 12.0	 
50010	50000	10	 sysNum: 	4999	 MissingNum: 	0	 2760.158333333331	 92138	 2	 Protocol_Missing: 0	 0.0	 1139.3666666666663	 993.3000000000001	 627.4916666666667	 36568.0	 34056.0	 21514.0	 13.0	 
50010	50000	10	 sysNum: 	45009	 MissingNum: 	0	 6023.383333333337	 204404	 2	 Protocol_Missing: 0	 0.0	 2807.466666666666	 2089.4708333333333	 1126.4458333333334	 94144.0	 71639.0	 38621.0	 11.0	 
50010	50000	10	 sysNum: 	40008	 MissingNum: 	0	 5992.204166666667	 203335	 2	 Protocol_Missing: 0	 0.0	 2744.204166666665	 2098.774999999999	 1149.225	 91975.0	 71958.0	 39402.0	 11.0	 
50010	50000	10	 sysNum: 	35007	 MissingNum: 	0	 5977.300000000004	 202824	 2	 Protocol_Missing: 0	 0.0	 2692.8416666666653	 2108.0791666666664	 1176.3791666666668	 90214.0	 72277.0	 40333.0	 11.0	 
50010	50000	10	 sysNum: 	30006	 MissingNum: 	0	 5845.875000000003	 198318	 2	 Protocol_Missing: 0	 0.0	 2587.1999999999994	 2081.916666666667	 1176.7583333333332	 86592.0	 71380.0	 40346.0	 11.0	 
50010	50000	10	 sysNum: 	25005	 MissingNum: 	0	 5624.237500000004	 190719	 2	 Protocol_Missing: 0	 0.0	 2445.5374999999995	 2024.575	 1154.1249999999998	 81735.0	 69414.0	 39570.0	 11.0	 
50010	50000	10	 sysNum: 	20004	 MissingNum: 	0	 5280.245833333338	 178733	 2	 Protocol_Missing: 0	 0.0	 2258.374999999999	 1918.9333333333332	 1102.9375000000002	 75126.0	 65792.0	 37815.0	 12.0	 
50010	50000	10	 sysNum: 	15001	 MissingNum: 	0	 4801.445833333337	 162317	 2	 Protocol_Missing: 0	 0.0	 2019.7916666666658	 1755.133333333333	 1026.5208333333333	 66946.0	 60176.0	 35195.0	 12.0	 
50010	50000	10	 sysNum: 	10000	 MissingNum: 	0	 4091.9958333333316	 137801	 2	 Protocol_Missing: 0	 0.0	 1696.5374999999992	 1488.8708333333334	 906.5874999999999	 55671.0	 51047.0	 31083.0	 13.0	 
50010	50000	10	 sysNum: 	4999	 MissingNum: 	0	 2760.7999999999997	 92160	 2	 Protocol_Missing: 0	 0.0	 1136.5374999999997	 995.1083333333333	 629.1541666666665	 36471.0	 34118.0	 21571.0	 13.0	 
50010	50000	10	 sysNum: 	45009	 MissingNum: 	0	 6046.920833333336	 205019	 2	 Protocol_Missing: 0	 0.0	 2820.9124999999995	 2092.9125	 1133.0958333333333	 94413.0	 71757.0	 38849.0	 12.0	 
50010	50000	10	 sysNum: 	40008	 MissingNum: 	0	 6035.34166666667	 204814	 2	 Protocol_Missing: 0	 0.0	 2767.099999999998	 2109.5666666666666	 1158.675	 92760.0	 72328.0	 39726.0	 11.0	 
50010	50000	10	 sysNum: 	35007	 MissingNum: 	0	 5945.39166666667	 201730	 2	 Protocol_Missing: 0	 0.0	 2677.849999999999	 2099.7374999999997	 1167.8041666666666	 89700.0	 71991.0	 40039.0	 11.0	 
50010	50000	10	 sysNum: 	30006	 MissingNum: 	0	 5807.375000000004	 196998	 2	 Protocol_Missing: 0	 0.0	 2568.591666666666	 2072.3791666666657	 1166.4041666666667	 85954.0	 71053.0	 39991.0	 11.0	 
50010	50000	10	 sysNum: 	25005	 MissingNum: 	0	 5625.929166666672	 190585	 2	 Protocol_Missing: 0	 0.0	 2448.9791666666656	 2024.5166666666664	 1152.4333333333332	 81661.0	 69412.0	 39512.0	 12.0	 
50010	50000	10	 sysNum: 	20004	 MissingNum: 	0	 5313.291666666671	 179866	 2	 Protocol_Missing: 0	 0.0	 2273.395833333332	 1928.5583333333332	 1111.3375	 75641.0	 66122.0	 38103.0	 12.0	 
50010	50000	10	 sysNum: 	15001	 MissingNum: 	0	 4804.216666666671	 162412	 2	 Protocol_Missing: 0	 0.0	 2019.3541666666654	 1756.9416666666666	 1027.9208333333331	 66931.0	 60238.0	 35243.0	 12.0	 
50010	50000	10	 sysNum: 	10000	 MissingNum: 	0	 4113.549999999999	 138732	 2	 Protocol_Missing: 0	 0.0	 1701.5541666666657	 1499.2541666666664	 912.7416666666666	 56035.0	 51403.0	 31294.0	 12.0	 
50010	50000	10	 sysNum: 	4999	 MissingNum: 	0	 2757.854166666666	 92059	 2	 Protocol_Missing: 0	 0.0	 1137.3833333333328	 993.4166666666666	 627.0541666666666	 36500.0	 34060.0	 21499.0	 13.0	 
50010	50000	10	 sysNum: 	45009	 MissingNum: 	0	 6008.129166666669	 203881	 2	 Protocol_Missing: 0	 0.0	 2801.779166666665	 2084.629166666666	 1121.7208333333333	 93949.0	 71473.0	 38459.0	 11.0	 
50010	50000	10	 sysNum: 	40008	 MissingNum: 	0	 6038.258333333336	 204914	 2	 Protocol_Missing: 0	 0.0	 2764.970833333332	 2111.433333333333	 1161.8541666666665	 92687.0	 72392.0	 39835.0	 11.0	 
50010	50000	10	 sysNum: 	35007	 MissingNum: 	0	 5957.087500000004	 201939	 2	 Protocol_Missing: 0	 0.0	 2684.3249999999985	 2103.15	 1169.6125	 89730.0	 72108.0	 40101.0	 12.0	 
50010	50000	10	 sysNum: 	30006	 MissingNum: 	0	 5836.9208333333345	 197627	 2	 Protocol_Missing: 0	 0.0	 2586.7916666666656	 2078.6791666666663	 1171.4499999999998	 86194.0	 71269.0	 40164.0	 13.0	 
50010	50000	10	 sysNum: 	25005	 MissingNum: 	0	 5636.487500000001	 190755	 2	 Protocol_Missing: 0	 0.0	 2461.608333333332	 2023.3208333333334	 1151.5583333333334	 81902.0	 69371.0	 39482.0	 13.0	 
50010	50000	10	 sysNum: 	20004	 MissingNum: 	0	 5291.037500000003	 179103	 2	 Protocol_Missing: 0	 0.0	 2262.6333333333328	 1921.3249999999998	 1107.0791666666664	 75272.0	 65874.0	 37957.0	 12.0	 
50010	50000	10	 sysNum: 	15001	 MissingNum: 	0	 4792.3166666666675	 162004	 2	 Protocol_Missing: 0	 0.0	 2015.3583333333322	 1752.5083333333332	 1024.45	 66794.0	 60086.0	 35124.0	 12.0	 
50010	50000	10	 sysNum: 	10000	 MissingNum: 	0	 4065.716666666665	 137092	 2	 Protocol_Missing: 0	 0.0	 1678.687499999999	 1484.0874999999994	 902.9416666666665	 55251.0	 50883.0	 30958.0	 12.0	 
50010	50000	10	 sysNum: 	4999	 MissingNum: 	0	 2760.479166666666	 92149	 2	 Protocol_Missing: 0	 0.0	 1139.7166666666662	 993.4458333333331	 627.3166666666666	 36580.0	 34061.0	 21508.0	 13.0	 
50010	50000	10	 sysNum: 	45009	 MissingNum: 	0	 6063.837500000003	 205791	 2	 Protocol_Missing: 0	 0.0	 2826.3666666666654	 2099.0083333333328	 1138.4624999999999	 94792.0	 71966.0	 39033.0	 11.0	 
50010	50000	10	 sysNum: 	40008	 MissingNum: 	0	 6019.737500000004	 204279	 2	 Protocol_Missing: 0	 0.0	 2757.5624999999986	 2105.95	 1156.2250000000001	 92433.0	 72204.0	 39642.0	 11.0	 
50010	50000	10	 sysNum: 	35007	 MissingNum: 	0	 5968.6666666666715	 202528	 2	 Protocol_Missing: 0	 0.0	 2688.583333333332	 2106.2708333333335	 1173.8125	 90068.0	 72215.0	 40245.0	 11.0	 
50010	50000	10	 sysNum: 	30006	 MissingNum: 	0	 5826.566666666668	 197464	 2	 Protocol_Missing: 0	 0.0	 2580.345833333332	 2075.7333333333336	 1170.4875	 86165.0	 71168.0	 40131.0	 12.0	 
50010	50000	10	 sysNum: 	25005	 MissingNum: 	0	 5649.933333333334	 191216	 2	 Protocol_Missing: 0	 0.0	 2464.3791666666666	 2029.0666666666666	 1156.4875	 81997.0	 69568.0	 39651.0	 13.0	 
50010	50000	10	 sysNum: 	20004	 MissingNum: 	0	 5285.933333333336	 178928	 2	 Protocol_Missing: 0	 0.0	 2260.270833333332	 1920.0708333333334	 1105.5916666666667	 75191.0	 65831.0	 37906.0	 12.0	 
50010	50000	10	 sysNum: 	15001	 MissingNum: 	0	 4843.504166666669	 163759	 2	 Protocol_Missing: 0	 0.0	 2037.4958333333323	 1767.4416666666666	 1038.5666666666666	 67553.0	 60598.0	 35608.0	 12.0	 
50010	50000	10	 sysNum: 	10000	 MissingNum: 	0	 4056.8208333333328	 136787	 2	 Protocol_Missing: 0	 0.0	 1679.3583333333322	 1479.5374999999997	 897.925	 55274.0	 50727.0	 30786.0	 12.0	 
50010	50000	10	 sysNum: 	4999	 MissingNum: 	0	 2735.3958333333326	 91481	 2	 Protocol_Missing: 0	 0.0	 1125.6291666666662	 987.5541666666666	 622.2125	 36289.0	 33859.0	 21333.0	 12.0	 
50010	50000	10	 sysNum: 	45009	 MissingNum: 	0	 6032.775000000004	 204726	 2	 Protocol_Missing: 0	 0.0	 2812.6583333333324	 2090.170833333333	 1129.9458333333334	 94322.0	 71663.0	 38741.0	 11.0	 
50010	50000	10	 sysNum: 	40008	 MissingNum: 	0	 6067.483333333337	 205916	 2	 Protocol_Missing: 0	 0.0	 2781.479166666666	 2117.6166666666663	 1168.3874999999998	 93253.0	 72604.0	 40059.0	 11.0	 
50010	50000	10	 sysNum: 	35007	 MissingNum: 	0	 5974.208333333337	 202526	 2	 Protocol_Missing: 0	 0.0	 2693.2208333333324	 2106.358333333333	 1174.6291666666668	 90035.0	 72218.0	 40273.0	 12.0	 
50010	50000	10	 sysNum: 	30006	 MissingNum: 	0	 5831.641666666667	 197638	 2	 Protocol_Missing: 0	 0.0	 2587.024999999999	 2076.433333333333	 1168.1833333333334	 86394.0	 71192.0	 40052.0	 12.0	 
50010	50000	10	 sysNum: 	25005	 MissingNum: 	0	 5594.720833333336	 189707	 2	 Protocol_Missing: 0	 0.0	 2430.691666666666	 2015.9999999999998	 1148.0291666666667	 81226.0	 69120.0	 39361.0	 11.0	 
50010	50000	10	 sysNum: 	20004	 MissingNum: 	0	 5292.670833333335	 179159	 2	 Protocol_Missing: 0	 0.0	 2263.916666666665	 1922.9291666666663	 1105.8250000000003	 75316.0	 65929.0	 37914.0	 12.0	 
50010	50000	10	 sysNum: 	15001	 MissingNum: 	0	 4819.645833333336	 162749	 2	 Protocol_Missing: 0	 0.0	 2029.7083333333323	 1758.3125000000002	 1031.625	 67094.0	 60285.0	 35370.0	 13.0	 
50010	50000	10	 sysNum: 	10000	 MissingNum: 	0	 4077.6458333333317	 137501	 2	 Protocol_Missing: 0	 0.0	 1688.254166666666	 1485.3124999999995	 904.0791666666668	 55579.0	 50925.0	 30997.0	 12.0	 
50010	50000	10	 sysNum: 	4999	 MissingNum: 	0	 2744.6124999999993	 91605	 2	 Protocol_Missing: 0	 0.0	 1131.083333333333	 989.8874999999998	 623.6416666666665	 36284.0	 33939.0	 21382.0	 13.0	 
50010	50000	10	 sysNum: 	45009	 MissingNum: 	0	 6037.645833333335	 204893	 2	 Protocol_Missing: 0	 0.0	 2814.0874999999987	 2092.008333333333	 1131.5499999999997	 94371.0	 71726.0	 38796.0	 11.0	 
50010	50000	10	 sysNum: 	40008	 MissingNum: 	0	 6034.583333333335	 204788	 2	 Protocol_Missing: 0	 0.0	 2763.716666666666	 2110.0333333333333	 1160.8333333333333	 92644.0	 72344.0	 39800.0	 11.0	 
50010	50000	10	 sysNum: 	35007	 MissingNum: 	0	 5977.883333333337	 202652	 2	 Protocol_Missing: 0	 0.0	 2692.6375	 2108.633333333333	 1176.6125	 90015.0	 72296.0	 40341.0	 12.0	 
50010	50000	10	 sysNum: 	30006	 MissingNum: 	0	 5789.029166666669	 196177	 2	 Protocol_Missing: 0	 0.0	 2566.0541666666654	 2066.3124999999995	 1156.6624999999997	 85675.0	 70845.0	 39657.0	 12.0	 
50010	50000	10	 sysNum: 	25005	 MissingNum: 	0	 5578.358333333336	 188954	 2	 Protocol_Missing: 0	 0.0	 2428.358333333332	 2009.5833333333335	 1140.4166666666667	 80954.0	 68900.0	 39100.0	 12.0	 
50010	50000	10	 sysNum: 	20004	 MissingNum: 	0	 5244.137500000003	 177687	 2	 Protocol_Missing: 0	 0.0	 2239.154166666666	 1910.3291666666664	 1094.6541666666665	 74659.0	 65497.0	 37531.0	 11.0	 
50010	50000	10	 sysNum: 	15001	 MissingNum: 	0	 4816.787500000003	 162843	 2	 Protocol_Missing: 0	 0.0	 2023.933333333332	 1760.7916666666665	 1032.0625	 67088.0	 60370.0	 35385.0	 12.0	 
50010	50000	10	 sysNum: 	10000	 MissingNum: 	0	 4086.424999999999	 137610	 2	 Protocol_Missing: 0	 0.0	 1694.5541666666654	 1487.6166666666666	 904.2541666666667	 55603.0	 51004.0	 31003.0	 13.0	 
50010	50000	10	 sysNum: 	4999	 MissingNum: 	0	 2737.2624999999994	 91161	 2	 Protocol_Missing: 0	 0.0	 1133.6499999999994	 983.8791666666665	 619.7333333333331	 36180.0	 33733.0	 21248.0	 14.0	 
50010	50000	10	 sysNum: 	45009	 MissingNum: 	0	 6010.958333333336	 203978	 2	 Protocol_Missing: 0	 0.0	 2804.8999999999987	 2084.979166666667	 1121.0791666666662	 94056.0	 71485.0	 38437.0	 11.0	 
50010	50000	10	 sysNum: 	40008	 MissingNum: 	0	 6055.058333333338	 205298	 2	 Protocol_Missing: 0	 0.0	 2778.620833333332	 2112.1916666666657	 1164.2458333333332	 92963.0	 72418.0	 39917.0	 12.0	 
50010	50000	10	 sysNum: 	35007	 MissingNum: 	0	 5963.095833333337	 201953	 2	 Protocol_Missing: 0	 0.0	 2692.404166666665	 2101.458333333333	 1169.2333333333331	 89815.0	 72050.0	 40088.0	 13.0	 
50010	50000	10	 sysNum: 	30006	 MissingNum: 	0	 5824.116666666668	 197572	 2	 Protocol_Missing: 0	 0.0	 2580.345833333332	 2076.695833333333	 1167.0749999999998	 86357.0	 71201.0	 40014.0	 11.0	 
50010	50000	10	 sysNum: 	25005	 MissingNum: 	0	 5649.8166666666675	 191212	 2	 Protocol_Missing: 0	 0.0	 2461.7541666666657	 2028.5708333333332	 1159.4916666666663	 81907.0	 69551.0	 39754.0	 13.0	 
50010	50000	10	 sysNum: 	20004	 MissingNum: 	0	 5300.254166666671	 179419	 2	 Protocol_Missing: 0	 0.0	 2265.754166666666	 1924.9708333333335	 1109.5291666666665	 75379.0	 65999.0	 38041.0	 12.0	 
50010	50000	10	 sysNum: 	15001	 MissingNum: 	0	 4815.037500000001	 162783	 2	 Protocol_Missing: 0	 0.0	 2025.8583333333324	 1757.7875	 1031.3916666666664	 67154.0	 60267.0	 35362.0	 12.0	 
50010	50000	10	 sysNum: 	10000	 MissingNum: 	0	 4033.5166666666646	 135988	 2	 Protocol_Missing: 0	 0.0	 1669.791666666666	 1471.6916666666664	 892.0333333333333	 54946.0	 50458.0	 30584.0	 12.0	 
50010	50000	10	 sysNum: 	4999	 MissingNum: 	0	 2747.324999999999	 91698	 2	 Protocol_Missing: 0	 0.0	 1133.270833333333	 989.5083333333332	 624.5458333333332	 36359.0	 33926.0	 21413.0	 13.0	 
50010	50000	10	 sysNum: 	45009	 MissingNum: 	0	 6007.137500000001	 204039	 2	 Protocol_Missing: 0	 0.0	 2795.829166666666	 2085.620833333334	 1125.6875	 93937.0	 71507.0	 38595.0	 10.0	 
50010	50000	10	 sysNum: 	40008	 MissingNum: 	0	 6042.050000000004	 204852	 2	 Protocol_Missing: 0	 0.0	 2771.299999999999	 2109.0125	 1161.7375	 92712.0	 72309.0	 39831.0	 12.0	 
50010	50000	10	 sysNum: 	35007	 MissingNum: 	0	 5989.812500000004	 202869	 2	 Protocol_Missing: 0	 0.0	 2705.616666666666	 2107.8750000000005	 1176.3208333333328	 90268.0	 72270.0	 40331.0	 13.0	 
50010	50000	10	 sysNum: 	30006	 MissingNum: 	0	 5835.054166666672	 197755	 2	 Protocol_Missing: 0	 0.0	 2586.266666666665	 2078.620833333334	 1170.1666666666663	 86368.0	 71267.0	 40120.0	 12.0	 
50010	50000	10	 sysNum: 	25005	 MissingNum: 	0	 5611.754166666669	 190099	 2	 Protocol_Missing: 0	 0.0	 2443.5541666666654	 2018.3041666666668	 1149.8958333333333	 81475.0	 69199.0	 39425.0	 12.0	 
50010	50000	10	 sysNum: 	20004	 MissingNum: 	0	 5281.383333333335	 178964	 2	 Protocol_Missing: 0	 0.0	 2255.254166666666	 1919.0208333333328	 1107.1083333333336	 75211.0	 65795.0	 37958.0	 11.0	 
50010	50000	10	 sysNum: 	15001	 MissingNum: 	0	 4842.395833333334	 163721	 2	 Protocol_Missing: 0	 0.0	 2036.4458333333323	 1769.0458333333331	 1036.9041666666665	 67517.0	 60653.0	 35551.0	 12.0	 
50010	50000	10	 sysNum: 	10000	 MissingNum: 	0	 4067.554166666666	 137155	 2	 Protocol_Missing: 0	 0.0	 1684.637499999999	 1483.6791666666668	 899.2375000000001	 55455.0	 50869.0	 30831.0	 12.0	 
50010	50000	10	 sysNum: 	4999	 MissingNum: 	0	 2759.4583333333326	 92114	 2	 Protocol_Missing: 0	 0.0	 1138.870833333333	 992.4249999999998	 628.1625	 36551.0	 34026.0	 21537.0	 13.0	 
50010	50000	10	 sysNum: 	45009	 MissingNum: 	0	 6080.316666666667	 206164	 2	 Protocol_Missing: 0	 0.0	 2837.654166666665	 2101.8375	 1140.8249999999998	 94987.0	 72063.0	 39114.0	 12.0	 
50010	50000	10	 sysNum: 	40008	 MissingNum: 	0	 6048.2333333333345	 205256	 2	 Protocol_Missing: 0	 0.0	 2770.629166666666	 2114.320833333333	 1163.2833333333335	 92881.0	 72491.0	 39884.0	 11.0	 
50010	50000	10	 sysNum: 	35007	 MissingNum: 	0	 5959.100000000003	 202008	 2	 Protocol_Missing: 0	 0.0	 2683.7708333333317	 2103.5291666666667	 1171.8	 89711.0	 72121.0	 40176.0	 12.0	 
50010	50000	10	 sysNum: 	30006	 MissingNum: 	0	 5828.57916666667	 197533	 2	 Protocol_Missing: 0	 0.0	 2583.2624999999985	 2076.520833333333	 1168.7958333333331	 86265.0	 71195.0	 40073.0	 12.0	 
50010	50000	10	 sysNum: 	25005	 MissingNum: 	0	 5611.14166666667	 190270	 2	 Protocol_Missing: 0	 0.0	 2436.3499999999985	 2022.3874999999998	 1152.4041666666665	 81420.0	 69339.0	 39511.0	 11.0	 
50010	50000	10	 sysNum: 	20004	 MissingNum: 	0	 5279.458333333338	 178898	 2	 Protocol_Missing: 0	 0.0	 2253.7666666666655	 1918.554166666666	 1107.1375000000003	 75160.0	 65779.0	 37959.0	 11.0	 
50010	50000	10	 sysNum: 	15001	 MissingNum: 	0	 4805.704166666665	 162463	 2	 Protocol_Missing: 0	 0.0	 2021.074999999999	 1758.2541666666666	 1026.375	 66990.0	 60283.0	 35190.0	 12.0	 
50010	50000	10	 sysNum: 	10000	 MissingNum: 	0	 4060.7874999999985	 137115	 2	 Protocol_Missing: 0	 0.0	 1678.4541666666657	 1482.5999999999995	 899.7333333333335	 55435.0	 50832.0	 30848.0	 11.0	 
50010	50000	10	 sysNum: 	4999	 MissingNum: 	0	 2759.604166666665	 92119	 2	 Protocol_Missing: 0	 0.0	 1136.6541666666662	 994.6708333333333	 628.2791666666666	 36475.0	 34103.0	 21541.0	 13.0	 
50010	50000	10	 sysNum: 	45009	 MissingNum: 	0	 6020.670833333337	 204311	 2	 Protocol_Missing: 0	 0.0	 2804.6958333333328	 2087.5750000000003	 1128.4	 94049.0	 71574.0	 38688.0	 11.0	 
50010	50000	10	 sysNum: 	40008	 MissingNum: 	0	 6034.8750000000055	 204606	 2	 Protocol_Missing: 0	 0.0	 2770.4833333333318	 2107.758333333333	 1156.6333333333334	 92684.0	 72266.0	 39656.0	 12.0	 
50010	50000	10	 sysNum: 	35007	 MissingNum: 	0	 5990.104166666667	 203071	 2	 Protocol_Missing: 0	 0.0	 2697.829166666666	 2111.2291666666665	 1181.0458333333331	 90193.0	 72385.0	 40493.0	 12.0	 
50010	50000	10	 sysNum: 	30006	 MissingNum: 	0	 5850.395833333338	 198089	 2	 Protocol_Missing: 0	 0.0	 2596.5624999999986	 2080.0208333333335	 1173.8124999999998	 86529.0	 71315.0	 40245.0	 13.0	 
50010	50000	10	 sysNum: 	25005	 MissingNum: 	0	 5628.000000000002	 190848	 2	 Protocol_Missing: 0	 0.0	 2448.279166666666	 2024.8958333333333	 1154.8250000000003	 81829.0	 69425.0	 39594.0	 11.0	 
50010	50000	10	 sysNum: 	20004	 MissingNum: 	0	 5286.954166666668	 178963	 2	 Protocol_Missing: 0	 0.0	 2261.2624999999994	 1920.5375	 1105.1541666666667	 75225.0	 65847.0	 37891.0	 12.0	 
50010	50000	10	 sysNum: 	15001	 MissingNum: 	0	 4828.775000000001	 163254	 2	 Protocol_Missing: 0	 0.0	 2032.5374999999988	 1762.5124999999996	 1033.7250000000001	 67383.0	 60429.0	 35442.0	 12.0	 
50010	50000	10	 sysNum: 	10000	 MissingNum: 	0	 4088.7583333333314	 137882	 2	 Protocol_Missing: 0	 0.0	 1691.1416666666657	 1491.0291666666665	 906.5875	 55678.0	 51121.0	 31083.0	 12.0	 
50010	50000	10	 sysNum: 	4999	 MissingNum: 	0	 2757.358333333333	 92042	 2	 Protocol_Missing: 0	 0.0	 1137.6458333333328	 991.9291666666668	 627.7833333333332	 36509.0	 34009.0	 21524.0	 13.0	 
50010	50000	10	 sysNum: 	45009	 MissingNum: 	0	 6026.241666666671	 204502	 2	 Protocol_Missing: 0	 0.0	 2809.566666666666	 2088.566666666666	 1128.1083333333331	 94216.0	 71608.0	 38678.0	 11.0	 
50010	50000	10	 sysNum: 	40008	 MissingNum: 	0	 5999.495833333339	 203585	 2	 Protocol_Missing: 0	 0.0	 2747.5583333333316	 2100.554166666667	 1151.3833333333332	 92090.0	 72019.0	 39476.0	 11.0	 
50010	50000	10	 sysNum: 	35007	 MissingNum: 	0	 5948.162500000004	 201633	 2	 Protocol_Missing: 0	 0.0	 2681.7583333333323	 2099.0958333333333	 1167.3083333333334	 89642.0	 71969.0	 40022.0	 12.0	 
50010	50000	10	 sysNum: 	30006	 MissingNum: 	0	 5796.495833333334	 196433	 2	 Protocol_Missing: 0	 0.0	 2565.091666666666	 2068.675	 1162.7291666666665	 85642.0	 70926.0	 39865.0	 12.0	 
50010	50000	10	 sysNum: 	25005	 MissingNum: 	0	 5594.312500000002	 189501	 2	 Protocol_Missing: 0	 0.0	 2437.4874999999993	 2011.7125000000003	 1145.1124999999997	 81267.0	 68973.0	 39261.0	 12.0	 
50010	50000	10	 sysNum: 	20004	 MissingNum: 	0	 5287.8875	 178995	 2	 Protocol_Missing: 0	 0.0	 2266.249999999999	 1918.1750000000002	 1103.4625	 75396.0	 65766.0	 37833.0	 12.0	 
50010	50000	10	 sysNum: 	15001	 MissingNum: 	0	 4832.625000000001	 163386	 2	 Protocol_Missing: 0	 0.0	 2030.583333333332	 1765.575	 1036.4666666666667	 67316.0	 60534.0	 35536.0	 12.0	 
50010	50000	10	 sysNum: 	10000	 MissingNum: 	0	 4106.141666666667	 138478	 2	 Protocol_Missing: 0	 0.0	 1699.4249999999993	 1497.0666666666664	 909.6499999999997	 55962.0	 51328.0	 31188.0	 12.0	 
50010	50000	10	 sysNum: 	4999	 MissingNum: 	0	 2734.929166666666	 91081	 2	 Protocol_Missing: 0	 0.0	 1131.8708333333327	 983.6749999999998	 619.3833333333331	 36119.0	 33726.0	 21236.0	 14.0	 
50010	50000	10	 sysNum: 	45009	 MissingNum: 	0	 6069.175	 205974	 2	 Protocol_Missing: 0	 0.0	 2831.791666666665	 2099.504166666666	 1137.8791666666668	 94978.0	 71983.0	 39013.0	 11.0	 
50010	50000	10	 sysNum: 	40008	 MissingNum: 	0	 6003.345833333336	 203717	 2	 Protocol_Missing: 0	 0.0	 2751.3791666666652	 2100.875	 1151.0916666666665	 92221.0	 72030.0	 39466.0	 11.0	 
50010	50000	10	 sysNum: 	35007	 MissingNum: 	0	 5951.983333333338	 201764	 2	 Protocol_Missing: 0	 0.0	 2683.7999999999975	 2101.2833333333338	 1166.8999999999999	 89712.0	 72044.0	 40008.0	 12.0	 
50010	50000	10	 sysNum: 	30006	 MissingNum: 	0	 5841.179166666671	 197965	 2	 Protocol_Missing: 0	 0.0	 2587.7833333333315	 2079.233333333333	 1174.1624999999997	 86420.0	 71288.0	 40257.0	 12.0	 
50010	50000	10	 sysNum: 	25005	 MissingNum: 	0	 5609.099999999999	 190008	 2	 Protocol_Missing: 0	 0.0	 2440.7541666666652	 2018.9458333333332	 1149.4	 81379.0	 69221.0	 39408.0	 12.0	 
50010	50000	10	 sysNum: 	20004	 MissingNum: 	0	 5278.204166666668	 178663	 2	 Protocol_Missing: 0	 0.0	 2258.608333333332	 1917.9416666666666	 1101.6541666666665	 75134.0	 65758.0	 37771.0	 12.0	 
50010	50000	10	 sysNum: 	15001	 MissingNum: 	0	 4784.558333333336	 161738	 2	 Protocol_Missing: 0	 0.0	 2011.274999999999	 1749.7958333333331	 1023.4874999999998	 66654.0	 59993.0	 35091.0	 12.0	 
50010	50000	10	 sysNum: 	10000	 MissingNum: 	0	 4071.433333333333	 137288	 2	 Protocol_Missing: 0	 0.0	 1683.5291666666658	 1484.9624999999996	 902.9416666666666	 55417.0	 50913.0	 30958.0	 12.0	 
50010	50000	10	 sysNum: 	4999	 MissingNum: 	0	 2718.6249999999986	 90714	 2	 Protocol_Missing: 0	 0.0	 1122.9749999999995	 978.8916666666667	 616.7583333333333	 36006.0	 33562.0	 21146.0	 13.0	 
50010	50000	10	 sysNum: 	45009	 MissingNum: 	0	 6069.758333333339	 205802	 2	 Protocol_Missing: 0	 0.0	 2834.824999999999	 2097.0541666666663	 1137.8791666666662	 94890.0	 71899.0	 39013.0	 12.0	 
50010	50000	10	 sysNum: 	40008	 MissingNum: 	0	 6039.804166666669	 204967	 2	 Protocol_Missing: 0	 0.0	 2768.062499999999	 2110.558333333333	 1161.1833333333332	 92793.0	 72362.0	 39812.0	 11.0	 
50010	50000	10	 sysNum: 	35007	 MissingNum: 	0	 5960.120833333335	 202235	 2	 Protocol_Missing: 0	 0.0	 2682.6916666666657	 2105.775	 1171.6541666666665	 89866.0	 72198.0	 40171.0	 11.0	 
50010	50000	10	 sysNum: 	30006	 MissingNum: 	0	 5833.304166666667	 197695	 2	 Protocol_Missing: 0	 0.0	 2584.137499999999	 2076.841666666667	 1172.3249999999998	 86295.0	 71206.0	 40194.0	 12.0	 
50010	50000	10	 sysNum: 	25005	 MissingNum: 	0	 5562.462500000002	 188601	 2	 Protocol_Missing: 0	 0.0	 2421.5624999999995	 2005.5874999999996	 1135.3125	 80913.0	 68763.0	 38925.0	 11.0	 
50010	50000	10	 sysNum: 	20004	 MissingNum: 	0	 5309.791666666671	 179746	 2	 Protocol_Missing: 0	 0.0	 2273.5124999999985	 1926.6041666666663	 1109.675	 75645.0	 66055.0	 38046.0	 12.0	 
50010	50000	10	 sysNum: 	15001	 MissingNum: 	0	 4808.912500000003	 162573	 2	 Protocol_Missing: 0	 0.0	 2020.8416666666656	 1757.4375	 1030.6333333333332	 66982.0	 60255.0	 35336.0	 12.0	 
50010	50000	10	 sysNum: 	10000	 MissingNum: 	0	 4051.7749999999996	 136614	 2	 Protocol_Missing: 0	 0.0	 1677.229166666666	 1478.1666666666667	 896.3791666666665	 55201.0	 50680.0	 30733.0	 12.0	 
50010	50000	10	 sysNum: 	4999	 MissingNum: 	0	 2742.629166666666	 91537	 2	 Protocol_Missing: 0	 0.0	 1129.9749999999992	 988.1374999999999	 624.5166666666667	 36246.0	 33879.0	 21412.0	 13.0	 
50010	50000	10	 sysNum: 	45009	 MissingNum: 	0	 6059.520833333338	 205451	 2	 Protocol_Missing: 0	 0.0	 2829.6333333333323	 2094.1958333333337	 1135.6916666666666	 94712.0	 71801.0	 38938.0	 12.0	 
50010	50000	10	 sysNum: 	40008	 MissingNum: 	0	 6014.137500000005	 204087	 2	 Protocol_Missing: 0	 0.0	 2755.0833333333317	 2104.695833333333	 1154.3583333333333	 92348.0	 72161.0	 39578.0	 11.0	 
50010	50000	10	 sysNum: 	35007	 MissingNum: 	0	 5982.491666666669	 203002	 2	 Protocol_Missing: 0	 0.0	 2692.579166666665	 2109.7416666666663	 1180.1708333333333	 90205.0	 72334.0	 40463.0	 11.0	 
50010	50000	10	 sysNum: 	30006	 MissingNum: 	0	 5789.379166666669	 196189	 2	 Protocol_Missing: 0	 0.0	 2565.0916666666653	 2065.291666666667	 1158.9958333333334	 85642.0	 70810.0	 39737.0	 12.0	 
50010	50000	10	 sysNum: 	25005	 MissingNum: 	0	 5607.729166666668	 189961	 2	 Protocol_Missing: 0	 0.0	 2443.466666666666	 2017.2541666666666	 1147.0083333333337	 81472.0	 69163.0	 39326.0	 12.0	 
50010	50000	10	 sysNum: 	20004	 MissingNum: 	0	 5274.091666666669	 178522	 2	 Protocol_Missing: 0	 0.0	 2258.987499999999	 1914.3833333333332	 1100.7208333333335	 75147.0	 65636.0	 37739.0	 12.0	 
50010	50000	10	 sysNum: 	15001	 MissingNum: 	0	 4823.670833333334	 163079	 2	 Protocol_Missing: 0	 0.0	 2026.3249999999991	 1762.4250000000002	 1034.9208333333331	 67170.0	 60426.0	 35483.0	 12.0	 
50010	50000	10	 sysNum: 	10000	 MissingNum: 	0	 4059.124999999998	 137058	 2	 Protocol_Missing: 0	 0.0	 1676.2083333333326	 1481.7833333333333	 901.1333333333332	 55358.0	 50804.0	 30896.0	 11.0	 
50010	50000	10	 sysNum: 	4999	 MissingNum: 	0	 2742.3666666666654	 91720	 2	 Protocol_Missing: 0	 0.0	 1128.020833333333	 990.3249999999998	 624.0208333333333	 36371.0	 33954.0	 21395.0	 12.0	 
50010	50000	10	 sysNum: 	45009	 MissingNum: 	0	 6053.279166666666	 205429	 2	 Protocol_Missing: 0	 0.0	 2824.7333333333318	 2094.6041666666665	 1133.9416666666666	 94736.0	 71815.0	 38878.0	 11.0	 
50010	50000	10	 sysNum: 	40008	 MissingNum: 	0	 6025.104166666671	 204463	 2	 Protocol_Missing: 0	 0.0	 2761.879166666666	 2106.0375	 1157.1875	 92581.0	 72207.0	 39675.0	 11.0	 
50010	50000	10	 sysNum: 	35007	 MissingNum: 	0	 5950.612500000002	 201909	 2	 Protocol_Missing: 0	 0.0	 2681.0291666666662	 2102.4500000000003	 1167.1333333333334	 89809.0	 72084.0	 40016.0	 11.0	 
50010	50000	10	 sysNum: 	30006	 MissingNum: 	0	 5822.308333333336	 197318	 2	 Protocol_Missing: 0	 0.0	 2580.8124999999986	 2073.9541666666664	 1167.5416666666663	 86181.0	 71107.0	 40030.0	 12.0	 
50010	50000	10	 sysNum: 	25005	 MissingNum: 	0	 5615.5750000000035	 190038	 2	 Protocol_Missing: 0	 0.0	 2448.3666666666654	 2018.8874999999996	 1148.3208333333332	 81448.0	 69219.0	 39371.0	 13.0	 
50010	50000	10	 sysNum: 	20004	 MissingNum: 	0	 5283.454166666671	 178843	 2	 Protocol_Missing: 0	 0.0	 2260.2124999999987	 1918.0875	 1105.1541666666665	 75189.0	 65763.0	 37891.0	 12.0	 
50010	50000	10	 sysNum: 	15001	 MissingNum: 	0	 4793.600000000003	 162048	 2	 Protocol_Missing: 0	 0.0	 2017.2541666666657	 1750.408333333333	 1025.9374999999998	 66859.0	 60014.0	 35175.0	 12.0	 
50010	50000	10	 sysNum: 	10000	 MissingNum: 	0	 4073.7083333333317	 137174	 2	 Protocol_Missing: 0	 0.0	 1689.9166666666658	 1483.1833333333336	 900.6083333333331	 55444.0	 50852.0	 30878.0	 13.0	 
50010	50000	10	 sysNum: 	4999	 MissingNum: 	0	 2752.5749999999994	 91878	 2	 Protocol_Missing: 0	 0.0	 1135.0791666666664	 991.1999999999998	 626.2958333333335	 36421.0	 33984.0	 21473.0	 13.0	 
50010	50000	10	 sysNum: 	45009	 MissingNum: 	0	 6061.766666666667	 205720	 2	 Protocol_Missing: 0	 0.0	 2826.5999999999995	 2097.4916666666663	 1137.675	 94800.0	 71914.0	 39006.0	 11.0	 
50010	50000	10	 sysNum: 	40008	 MissingNum: 	0	 6030.208333333336	 204638	 2	 Protocol_Missing: 0	 0.0	 2762.4041666666653	 2109.625	 1158.1791666666663	 92599.0	 72330.0	 39709.0	 11.0	 
50010	50000	10	 sysNum: 	35007	 MissingNum: 	0	 5982.754166666669	 202819	 2	 Protocol_Missing: 0	 0.0	 2695.9041666666653	 2109.391666666667	 1177.4583333333333	 90127.0	 72322.0	 40370.0	 12.0	 
50010	50000	10	 sysNum: 	30006	 MissingNum: 	0	 5796.145833333336	 196421	 2	 Protocol_Missing: 0	 0.0	 2566.229166666665	 2067.7125	 1162.2041666666662	 85681.0	 70893.0	 39847.0	 12.0	 
50010	50000	10	 sysNum: 	25005	 MissingNum: 	0	 5600.116666666671	 189700	 2	 Protocol_Missing: 0	 0.0	 2437.866666666666	 2015.3291666666664	 1146.920833333333	 81280.0	 69097.0	 39323.0	 12.0	 
50010	50000	10	 sysNum: 	20004	 MissingNum: 	0	 5290.425000000005	 179082	 2	 Protocol_Missing: 0	 0.0	 2262.4291666666654	 1921.1791666666668	 1106.8166666666666	 75265.0	 65869.0	 37948.0	 12.0	 
50010	50000	10	 sysNum: 	15001	 MissingNum: 	0	 4841.229166666669	 163873	 2	 Protocol_Missing: 0	 0.0	 2030.7874999999992	 1771.0874999999996	 1039.3541666666665	 67515.0	 60723.0	 35635.0	 11.0	 
50010	50000	10	 sysNum: 	10000	 MissingNum: 	0	 4084.383333333332	 137732	 2	 Protocol_Missing: 0	 0.0	 1690.3541666666656	 1488.8708333333332	 905.1583333333333	 55651.0	 51047.0	 31034.0	 12.0	 
50010	50000	10	 sysNum: 	4999	 MissingNum: 	0	 2741.491666666666	 91498	 2	 Protocol_Missing: 0	 0.0	 1131.4624999999994	 987.5249999999999	 622.5041666666666	 36297.0	 33858.0	 21343.0	 13.0	 
50010	50000	10	 sysNum: 	45009	 MissingNum: 	0	 6036.275000000004	 204846	 2	 Protocol_Missing: 0	 0.0	 2815.691666666666	 2089.995833333333	 1130.5874999999999	 94426.0	 71657.0	 38763.0	 11.0	 
50010	50000	10	 sysNum: 	40008	 MissingNum: 	0	 6031.316666666668	 204484	 2	 Protocol_Missing: 0	 0.0	 2766.8083333333316	 2107.495833333333	 1157.0124999999998	 92558.0	 72257.0	 39669.0	 12.0	 
50010	50000	10	 sysNum: 	35007	 MissingNum: 	0	 5937.1375000000035	 201447	 2	 Protocol_Missing: 0	 0.0	 2674.6416666666655	 2099.679166666667	 1162.8166666666666	 89590.0	 71989.0	 39868.0	 11.0	 
50010	50000	10	 sysNum: 	30006	 MissingNum: 	0	 5861.070833333337	 198647	 2	 Protocol_Missing: 0	 0.0	 2597.5541666666654	 2084.395833333333	 1179.1208333333334	 86755.0	 71465.0	 40427.0	 12.0	 
50010	50000	10	 sysNum: 	25005	 MissingNum: 	0	 5566.95416666667	 188755	 2	 Protocol_Missing: 0	 0.0	 2421.854166666666	 2007.5708333333334	 1137.5291666666665	 80923.0	 68831.0	 39001.0	 11.0	 
50010	50000	10	 sysNum: 	20004	 MissingNum: 	0	 5304.104166666669	 179743	 2	 Protocol_Missing: 0	 0.0	 2265.9291666666654	 1927.2458333333332	 1110.9291666666666	 75577.0	 66077.0	 38089.0	 11.0	 
50010	50000	10	 sysNum: 	15001	 MissingNum: 	0	 4837.845833333333	 163565	 2	 Protocol_Missing: 0	 0.0	 2033.383333333332	 1766.6249999999998	 1037.8374999999999	 67412.0	 60570.0	 35583.0	 12.0	 
50010	50000	10	 sysNum: 	10000	 MissingNum: 	0	 4089.7208333333324	 137723	 2	 Protocol_Missing: 0	 0.0	 1695.3124999999995	 1489.133333333333	 905.2749999999999	 55629.0	 51056.0	 31038.0	 13.0	 
50010	50000	10	 sysNum: 	4999	 MissingNum: 	0	 2750.7958333333327	 92009	 2	 Protocol_Missing: 0	 0.0	 1130.2666666666662	 993.0083333333332	 627.5208333333333	 36448.0	 34046.0	 21515.0	 12.0	 
50010	50000	10	 sysNum: 	45009	 MissingNum: 	0	 6040.970833333336	 205199	 2	 Protocol_Missing: 0	 0.0	 2811.929166666666	 2092.5625	 1136.4791666666665	 94489.0	 71745.0	 38965.0	 10.0	 
50010	50000	10	 sysNum: 	40008	 MissingNum: 	0	 6035.400000000003	 204624	 2	 Protocol_Missing: 0	 0.0	 2768.2374999999997	 2108.3124999999995	 1158.8500000000001	 92607.0	 72285.0	 39732.0	 12.0	 
50010	50000	10	 sysNum: 	35007	 MissingNum: 	0	 5979.604166666668	 202711	 2	 Protocol_Missing: 0	 0.0	 2696.4291666666663	 2109.0124999999994	 1174.1625	 90145.0	 72309.0	 40257.0	 12.0	 
50010	50000	10	 sysNum: 	30006	 MissingNum: 	0	 5850.162500000004	 198273	 2	 Protocol_Missing: 0	 0.0	 2592.158333333332	 2083.3166666666666	 1174.6874999999995	 86570.0	 71428.0	 40275.0	 12.0	 
50010	50000	10	 sysNum: 	25005	 MissingNum: 	0	 5618.170833333336	 190319	 2	 Protocol_Missing: 0	 0.0	 2447.258333333332	 2021.0166666666669	 1149.8958333333333	 81602.0	 69292.0	 39425.0	 12.0	 
50010	50000	10	 sysNum: 	20004	 MissingNum: 	0	 5295.61666666667	 179452	 2	 Protocol_Missing: 0	 0.0	 2262.5749999999985	 1924.1250000000002	 1108.9166666666665	 75462.0	 65970.0	 38020.0	 11.0	 
50010	50000	10	 sysNum: 	15001	 MissingNum: 	0	 4847.004166666669	 163879	 2	 Protocol_Missing: 0	 0.0	 2037.6416666666657	 1769.3958333333333	 1039.9666666666667	 67558.0	 60665.0	 35656.0	 12.0	 
50010	50000	10	 sysNum: 	10000	 MissingNum: 	0	 4056.383333333331	 136772	 2	 Protocol_Missing: 0	 0.0	 1679.0083333333328	 1479.5375	 897.8375	 55262.0	 50727.0	 30783.0	 12.0	 
50010	50000	10	 sysNum: 	4999	 MissingNum: 	0	 2751.7875	 91851	 2	 Protocol_Missing: 0	 0.0	 1135.7791666666662	 991.4041666666666	 624.6041666666665	 36445.0	 33991.0	 21415.0	 13.0	 
50010	50000	10	 sysNum: 	45009	 MissingNum: 	0	 6021.545833333336	 204341	 2	 Protocol_Missing: 0	 0.0	 2806.3875	 2086.9625000000005	 1128.195833333333	 94107.0	 71553.0	 38681.0	 11.0	 
50010	50000	10	 sysNum: 	40008	 MissingNum: 	0	 6031.608333333335	 204494	 2	 Protocol_Missing: 0	 0.0	 2768.004166666665	 2105.6583333333333	 1157.9458333333332	 92599.0	 72194.0	 39701.0	 12.0	 
50010	50000	10	 sysNum: 	35007	 MissingNum: 	0	 5990.512500000007	 203085	 2	 Protocol_Missing: 0	 0.0	 2699.899999999998	 2110.5875	 1180.0250000000003	 90264.0	 72363.0	 40458.0	 12.0	 
50010	50000	10	 sysNum: 	30006	 MissingNum: 	0	 5811.633333333336	 197144	 2	 Protocol_Missing: 0	 0.0	 2570.924999999999	 2072.9624999999996	 1167.7458333333332	 86034.0	 71073.0	 40037.0	 11.0	 
50010	50000	10	 sysNum: 	25005	 MissingNum: 	0	 5607.875000000002	 189966	 2	 Protocol_Missing: 0	 0.0	 2440.083333333332	 2018.0124999999998	 1149.7791666666662	 81356.0	 69189.0	 39421.0	 12.0	 
50010	50000	10	 sysNum: 	20004	 MissingNum: 	0	 5281.820833333339	 178979	 2	 Protocol_Missing: 0	 0.0	 2255.6916666666652	 1921.1791666666668	 1104.9499999999998	 75226.0	 65869.0	 37884.0	 11.0	 
50010	50000	10	 sysNum: 	15001	 MissingNum: 	0	 4806.170833333335	 162479	 2	 Protocol_Missing: 0	 0.0	 2020.724999999999	 1756.1541666666667	 1029.2916666666665	 66978.0	 60211.0	 35290.0	 12.0	 
50010	50000	10	 sysNum: 	10000	 MissingNum: 	0	 4085.3458333333324	 137573	 2	 Protocol_Missing: 0	 0.0	 1698.4916666666659	 1485.1666666666665	 901.6874999999998	 55738.0	 50920.0	 30915.0	 13.0	 
50010	50000	10	 sysNum: 	4999	 MissingNum: 	0	 2754.4999999999995	 91944	 2	 Protocol_Missing: 0	 0.0	 1136.654166666666	 993.5333333333332	 624.3124999999999	 36475.0	 34064.0	 21405.0	 13.0	 
50010	50000	10	 sysNum: 	45009	 MissingNum: 	0	 6074.483333333337	 205964	 2	 Protocol_Missing: 0	 0.0	 2833.599999999999	 2099.9416666666666	 1140.9416666666664	 94848.0	 71998.0	 39118.0	 12.0	 
50010	50000	10	 sysNum: 	40008	 MissingNum: 	0	 6033.2416666666695	 204550	 2	 Protocol_Missing: 0	 0.0	 2768.208333333332	 2107.6125	 1157.4208333333331	 92606.0	 72261.0	 39683.0	 12.0	 
50010	50000	10	 sysNum: 	35007	 MissingNum: 	0	 5961.579166666666	 202285	 2	 Protocol_Missing: 0	 0.0	 2685.287499999999	 2104.3166666666666	 1171.975	 89955.0	 72148.0	 40182.0	 11.0	 
50010	50000	10	 sysNum: 	30006	 MissingNum: 	0	 5821.579166666669	 197485	 2	 Protocol_Missing: 0	 0.0	 2575.3291666666664	 2076.1708333333336	 1170.0791666666664	 86185.0	 71183.0	 40117.0	 11.0	 
50010	50000	10	 sysNum: 	25005	 MissingNum: 	0	 5599.445833333338	 189677	 2	 Protocol_Missing: 0	 0.0	 2439.616666666666	 2014.1041666666663	 1145.7249999999997	 81340.0	 69055.0	 39282.0	 12.0	 
50010	50000	10	 sysNum: 	20004	 MissingNum: 	0	 5288.470833333336	 178823	 2	 Protocol_Missing: 0	 0.0	 2266.104166666665	 1917.1833333333332	 1105.1833333333336	 75199.0	 65732.0	 37892.0	 13.0	 
50010	50000	10	 sysNum: 	15001	 MissingNum: 	0	 4863.1916666666675	 164626	 2	 Protocol_Missing: 0	 0.0	 2040.237499999999	 1777.2708333333333	 1045.6833333333332	 67839.0	 60935.0	 35852.0	 11.0	 
50010	50000	10	 sysNum: 	10000	 MissingNum: 	0	 4079.5708333333328	 137567	 2	 Protocol_Missing: 0	 0.0	 1689.5083333333328	 1486.7708333333328	 903.2916666666666	 55622.0	 50975.0	 30970.0	 12.0	 
50010	50000	10	 sysNum: 	4999	 MissingNum: 	0	 2768.7624999999985	 92433	 2	 Protocol_Missing: 0	 0.0	 1142.4583333333333	 996.5666666666666	 629.7375	 36674.0	 34168.0	 21591.0	 13.0	 
50010	50000	10	 sysNum: 	45009	 MissingNum: 	0	 6045.579166666668	 205165	 2	 Protocol_Missing: 0	 0.0	 2819.3374999999987	 2093.525	 1132.7166666666667	 94551.0	 71778.0	 38836.0	 11.0	 
50010	50000	10	 sysNum: 	40008	 MissingNum: 	0	 6024.229166666669	 204433	 2	 Protocol_Missing: 0	 0.0	 2761.820833333331	 2106.679166666667	 1155.7291666666665	 92579.0	 72229.0	 39625.0	 11.0	 
50010	50000	10	 sysNum: 	35007	 MissingNum: 	0	 5929.81666666667	 201196	 2	 Protocol_Missing: 0	 0.0	 2669.216666666666	 2097.3458333333333	 1163.2541666666664	 89404.0	 71909.0	 39883.0	 11.0	 
50010	50000	10	 sysNum: 	30006	 MissingNum: 	0	 5805.479166666671	 196741	 2	 Protocol_Missing: 0	 0.0	 2570.545833333332	 2070.833333333333	 1164.1000000000001	 85829.0	 71000.0	 39912.0	 12.0	 
50010	50000	10	 sysNum: 	25005	 MissingNum: 	0	 5572.145833333337	 188933	 2	 Protocol_Missing: 0	 0.0	 2423.749999999999	 2009.3499999999997	 1139.0458333333331	 80988.0	 68892.0	 39053.0	 11.0	 
50010	50000	10	 sysNum: 	20004	 MissingNum: 	0	 5293.166666666667	 179368	 2	 Protocol_Missing: 0	 0.0	 2261.9041666666662	 1923.5416666666665	 1107.7208333333333	 75439.0	 65950.0	 37979.0	 11.0	 
50010	50000	10	 sysNum: 	15001	 MissingNum: 	0	 4803.662500000003	 162393	 2	 Protocol_Missing: 0	 0.0	 2019.0333333333322	 1756.1541666666665	 1028.475	 66920.0	 60211.0	 35262.0	 12.0	 
50010	50000	10	 sysNum: 	10000	 MissingNum: 	0	 4038.445833333333	 136157	 2	 Protocol_Missing: 0	 0.0	 1672.2124999999992	 1473.7625	 892.4708333333334	 55029.0	 50529.0	 30599.0	 12.0	 
50010	50000	10	 sysNum: 	4999	 MissingNum: 	0	 2734.3458333333324	 91253	 2	 Protocol_Missing: 0	 0.0	 1125.2791666666662	 986.3874999999998	 622.6791666666666	 36085.0	 33819.0	 21349.0	 13.0	 
50010	50000	10	 sysNum: 	45009	 MissingNum: 	0	 6052.812500000005	 205413	 2	 Protocol_Missing: 0	 0.0	 2823.8291666666646	 2095.945833333333	 1133.0375000000001	 94705.0	 71861.0	 38847.0	 11.0	 
50010	50000	10	 sysNum: 	40008	 MissingNum: 	0	 6017.112500000003	 204189	 2	 Protocol_Missing: 0	 0.0	 2756.9499999999994	 2105.191666666667	 1154.9708333333333	 92412.0	 72178.0	 39599.0	 11.0	 
50010	50000	10	 sysNum: 	35007	 MissingNum: 	0	 5933.025000000004	 201114	 2	 Protocol_Missing: 0	 0.0	 2674.6124999999984	 2095.5958333333338	 1162.8166666666664	 89397.0	 71849.0	 39868.0	 12.0	 
50010	50000	10	 sysNum: 	30006	 MissingNum: 	0	 5820.500000000005	 197448	 2	 Protocol_Missing: 0	 0.0	 2575.5041666666666	 2075.1791666666663	 1169.8166666666666	 86191.0	 71149.0	 40108.0	 11.0	 
50010	50000	10	 sysNum: 	25005	 MissingNum: 	0	 5592.125000000004	 189426	 2	 Protocol_Missing: 0	 0.0	 2435.0083333333323	 2013.5500000000002	 1143.5666666666666	 81182.0	 69036.0	 39208.0	 12.0	 
50010	50000	10	 sysNum: 	20004	 MissingNum: 	0	 5255.570833333337	 178079	 2	 Protocol_Missing: 0	 0.0	 2243.441666666666	 1913.4208333333333	 1098.7083333333333	 74806.0	 65603.0	 37670.0	 11.0	 
50010	50000	10	 sysNum: 	15001	 MissingNum: 	0	 4828.687500000003	 163059	 2	 Protocol_Missing: 0	 0.0	 2032.1874999999986	 1761.3749999999998	 1035.125	 67179.0	 60390.0	 35490.0	 13.0	 
50010	50000	10	 sysNum: 	10000	 MissingNum: 	0	 4072.5416666666656	 137326	 2	 Protocol_Missing: 0	 0.0	 1686.8249999999991	 1484.0874999999999	 901.6291666666666	 55530.0	 50883.0	 30913.0	 12.0	 
50010	50000	10	 sysNum: 	4999	 MissingNum: 	0	 2727.083333333332	 91004	 2	 Protocol_Missing: 0	 0.0	 1125.5124999999996	 981.9833333333332	 619.5875000000001	 36093.0	 33668.0	 21243.0	 13.0	 
50010	50000	10	 sysNum: 	45009	 MissingNum: 	0	 6035.779166666668	 204829	 2	 Protocol_Missing: 0	 0.0	 2815.020833333332	 2089.9958333333334	 1130.7625	 94403.0	 71657.0	 38769.0	 11.0	 
50010	50000	10	 sysNum: 	40008	 MissingNum: 	0	 6025.366666666667	 204280	 2	 Protocol_Missing: 0	 0.0	 2763.1041666666656	 2106.9416666666666	 1155.3208333333334	 92431.0	 72238.0	 39611.0	 12.0	 
50010	50000	10	 sysNum: 	35007	 MissingNum: 	0	 5970.0958333333365	 202385	 2	 Protocol_Missing: 0	 0.0	 2693.716666666666	 2104.8124999999995	 1171.5666666666668	 90052.0	 72165.0	 40168.0	 12.0	 
50010	50000	10	 sysNum: 	30006	 MissingNum: 	0	 5841.7625	 197985	 2	 Protocol_Missing: 0	 0.0	 2591.0208333333326	 2078.9416666666666	 1171.7999999999997	 86531.0	 71278.0	 40176.0	 12.0	 
50010	50000	10	 sysNum: 	25005	 MissingNum: 	0	 5629.400000000003	 190704	 2	 Protocol_Missing: 0	 0.0	 2449.7083333333326	 2024.6333333333328	 1155.0583333333332	 81686.0	 69416.0	 39602.0	 12.0	 
50010	50000	10	 sysNum: 	20004	 MissingNum: 	0	 5249.76666666667	 177688	 2	 Protocol_Missing: 0	 0.0	 2248.487499999999	 1905.9541666666664	 1095.325	 74787.0	 65347.0	 37554.0	 12.0	 
50010	50000	10	 sysNum: 	15001	 MissingNum: 	0	 4817.4000000000015	 162864	 2	 Protocol_Missing: 0	 0.0	 2024.487499999999	 1760.0624999999998	 1032.8500000000001	 67107.0	 60345.0	 35412.0	 12.0	 
50010	50000	10	 sysNum: 	10000	 MissingNum: 	0	 4078.754166666666	 137539	 2	 Protocol_Missing: 0	 0.0	 1687.2333333333327	 1488.3458333333328	 903.1750000000001	 55544.0	 51029.0	 30966.0	 12.0	 
50010	50000	10	 sysNum: 	4999	 MissingNum: 	0	 2733.1208333333325	 91403	 2	 Protocol_Missing: 0	 0.0	 1125.1333333333332	 986.4166666666665	 621.5708333333333	 36272.0	 33820.0	 21311.0	 12.0	 
50010	50000	10	 sysNum: 	45009	 MissingNum: 	0	 6009.500000000003	 203928	 2	 Protocol_Missing: 0	 0.0	 2801.8666666666654	 2083.2875	 1124.3458333333335	 93952.0	 71427.0	 38549.0	 11.0	 
50010	50000	10	 sysNum: 	40008	 MissingNum: 	0	 6048.729166666668	 205081	 2	 Protocol_Missing: 0	 0.0	 2774.712499999999	 2111.8999999999996	 1162.1166666666666	 92829.0	 72408.0	 39844.0	 12.0	 
50010	50000	10	 sysNum: 	35007	 MissingNum: 	0	 5957.787500000002	 201963	 2	 Protocol_Missing: 0	 0.0	 2686.0166666666664	 2102.2458333333334	 1169.5249999999996	 89788.0	 72077.0	 40098.0	 12.0	 
50010	50000	10	 sysNum: 	30006	 MissingNum: 	0	 5795.825000000001	 196410	 2	 Protocol_Missing: 0	 0.0	 2569.349999999999	 2066.3416666666662	 1160.1333333333334	 85788.0	 70846.0	 39776.0	 12.0	 
50010	50000	10	 sysNum: 	25005	 MissingNum: 	0	 5593.962500000002	 189489	 2	 Protocol_Missing: 0	 0.0	 2434.9208333333318	 2013.520833333333	 1145.5208333333328	 81179.0	 69035.0	 39275.0	 12.0	 
50010	50000	10	 sysNum: 	20004	 MissingNum: 	0	 5279.4583333333385	 178706	 2	 Protocol_Missing: 0	 0.0	 2259.8333333333326	 1917.9124999999997	 1101.7124999999999	 75176.0	 65757.0	 37773.0	 12.0	 
50010	50000	10	 sysNum: 	15001	 MissingNum: 	0	 4830.933333333338	 163328	 2	 Protocol_Missing: 0	 0.0	 2031.837499999999	 1763.5916666666665	 1035.5041666666666	 67359.0	 60466.0	 35503.0	 12.0	 
50010	50000	10	 sysNum: 	10000	 MissingNum: 	0	 4060.8458333333333	 136925	 2	 Protocol_Missing: 0	 0.0	 1681.0791666666655	 1480.6749999999997	 899.0916666666666	 55333.0	 50766.0	 30826.0	 12.0	 
50010	50000	10	 sysNum: 	4999	 MissingNum: 	0	 2745.3124999999986	 91629	 2	 Protocol_Missing: 0	 0.0	 1133.591666666666	 988.1374999999999	 623.5833333333334	 36370.0	 33879.0	 21380.0	 13.0	 
50010	50000	10	 sysNum: 	45009	 MissingNum: 	0	 6029.245833333336	 204605	 2	 Protocol_Missing: 0	 0.0	 2813.679166666666	 2089.0916666666667	 1126.4749999999997	 94357.0	 71626.0	 38622.0	 11.0	 
50010	50000	10	 sysNum: 	40008	 MissingNum: 	0	 6041.2625000000035	 205017	 2	 Protocol_Missing: 0	 0.0	 2766.779166666666	 2111.8416666666667	 1162.6416666666664	 92749.0	 72406.0	 39862.0	 11.0	 
50010	50000	10	 sysNum: 	35007	 MissingNum: 	0	 5951.429166666669	 201745	 2	 Protocol_Missing: 0	 0.0	 2686.4833333333318	 2099.3	 1165.6458333333335	 89804.0	 71976.0	 39965.0	 12.0	 
50010	50000	10	 sysNum: 	30006	 MissingNum: 	0	 5828.84166666667	 197734	 2	 Protocol_Missing: 0	 0.0	 2579.587499999999	 2077.8624999999997	 1171.3916666666667	 86331.0	 71241.0	 40162.0	 11.0	 
50010	50000	10	 sysNum: 	25005	 MissingNum: 	0	 5613.212500000002	 190341	 2	 Protocol_Missing: 0	 0.0	 2440.0249999999996	 2022.3291666666667	 1150.858333333333	 81546.0	 69337.0	 39458.0	 11.0	 
50010	50000	10	 sysNum: 	20004	 MissingNum: 	0	 5288.587500000002	 179019	 2	 Protocol_Missing: 0	 0.0	 2260.883333333332	 1921.966666666667	 1105.7374999999997	 75212.0	 65896.0	 37911.0	 12.0	 
50010	50000	10	 sysNum: 	15001	 MissingNum: 	0	 4829.59166666667	 163090	 2	 Protocol_Missing: 0	 0.0	 2033.5291666666656	 1762.5416666666665	 1033.5208333333333	 67225.0	 60430.0	 35435.0	 13.0	 
50010	50000	10	 sysNum: 	10000	 MissingNum: 	0	 4065.2208333333315	 137267	 2	 Protocol_Missing: 0	 0.0	 1678.2791666666662	 1485.0208333333333	 901.9208333333332	 55429.0	 50915.0	 30923.0	 11.0	 
50010	50000	10	 sysNum: 	4999	 MissingNum: 	0	 2750.4749999999995	 91806	 2	 Protocol_Missing: 0	 0.0	 1133.1541666666665	 991.2	 626.1208333333333	 36355.0	 33984.0	 21467.0	 13.0	 
50010	50000	10	 sysNum: 	45009	 MissingNum: 	0	 6051.850000000002	 205380	 2	 Protocol_Missing: 0	 0.0	 2822.1958333333323	 2095.1875000000005	 1134.4666666666667	 94649.0	 71835.0	 38896.0	 11.0	 
50010	50000	10	 sysNum: 	40008	 MissingNum: 	0	 6000.925000000004	 203634	 2	 Protocol_Missing: 0	 0.0	 2746.5958333333324	 2101.2541666666666	 1153.0749999999996	 92057.0	 72043.0	 39534.0	 11.0	 
50010	50000	10	 sysNum: 	35007	 MissingNum: 	0	 5948.95	 201852	 2	 Protocol_Missing: 0	 0.0	 2680.504166666665	 2101.545833333333	 1166.8999999999999	 89791.0	 72053.0	 40008.0	 11.0	 
50010	50000	10	 sysNum: 	30006	 MissingNum: 	0	 5849.112500000001	 198429	 2	 Protocol_Missing: 0	 0.0	 2590.2333333333327	 2083.1125	 1175.7666666666667	 86696.0	 71421.0	 40312.0	 11.0	 
50010	50000	10	 sysNum: 	25005	 MissingNum: 	0	 5587.400000000002	 189456	 2	 Protocol_Missing: 0	 0.0	 2429.4374999999995	 2014.1333333333328	 1143.8291666666669	 81183.0	 69056.0	 39217.0	 11.0	 
50010	50000	10	 sysNum: 	20004	 MissingNum: 	0	 5288.120833333334	 179003	 2	 Protocol_Missing: 0	 0.0	 2260.970833333332	 1920.975	 1106.175	 75215.0	 65862.0	 37926.0	 12.0	 
50010	50000	10	 sysNum: 	15001	 MissingNum: 	0	 4833.091666666667	 163594	 2	 Protocol_Missing: 0	 0.0	 2027.1124999999993	 1766.625	 1039.3541666666667	 67389.0	 60570.0	 35635.0	 11.0	 
50010	50000	10	 sysNum: 	10000	 MissingNum: 	0	 4079.7749999999996	 137382	 2	 Protocol_Missing: 0	 0.0	 1691.7541666666657	 1484.525	 903.4958333333334	 55507.0	 50898.0	 30977.0	 13.0	 
50010	50000	10	 sysNum: 	4999	 MissingNum: 	0	 2736.5333333333338	 91328	 2	 Protocol_Missing: 0	 0.0	 1130.0333333333328	 985.95	 620.5500000000002	 36248.0	 33804.0	 21276.0	 13.0	 
50010	50000	10	 sysNum: 	45009	 MissingNum: 	0	 6057.975000000001	 205590	 2	 Protocol_Missing: 0	 0.0	 2822.866666666666	 2097.2875	 1137.8208333333332	 94672.0	 71907.0	 39011.0	 11.0	 
50010	50000	10	 sysNum: 	40008	 MissingNum: 	0	 6033.445833333336	 204749	 2	 Protocol_Missing: 0	 0.0	 2764.270833333332	 2108.545833333333	 1160.6291666666666	 92663.0	 72293.0	 39793.0	 11.0	 
50010	50000	10	 sysNum: 	35007	 MissingNum: 	0	 5955.950000000003	 202092	 2	 Protocol_Missing: 0	 0.0	 2680.8541666666656	 2104.345833333333	 1170.7499999999998	 89803.0	 72149.0	 40140.0	 11.0	 
50010	50000	10	 sysNum: 	30006	 MissingNum: 	0	 5820.995833333336	 197081	 2	 Protocol_Missing: 0	 0.0	 2580.812499999998	 2072.0875	 1168.0958333333333	 85989.0	 71043.0	 40049.0	 13.0	 
50010	50000	10	 sysNum: 	25005	 MissingNum: 	0	 5625.40416666667	 190567	 2	 Protocol_Missing: 0	 0.0	 2449.562499999999	 2023.5249999999999	 1152.3166666666664	 81681.0	 69378.0	 39508.0	 12.0	 
50010	50000	10	 sysNum: 	20004	 MissingNum: 	0	 5272.400000000003	 178464	 2	 Protocol_Missing: 0	 0.0	 2254.2624999999994	 1915.4041666666667	 1102.7333333333333	 74985.0	 65671.0	 37808.0	 12.0	 
50010	50000	10	 sysNum: 	15001	 MissingNum: 	0	 4800.6291666666675	 162289	 2	 Protocol_Missing: 0	 0.0	 2016.0291666666656	 1755.8333333333333	 1028.7666666666667	 66817.0	 60200.0	 35272.0	 12.0	 
50010	50000	10	 sysNum: 	10000	 MissingNum: 	0	 4076.070833333332	 137447	 2	 Protocol_Missing: 0	 0.0	 1686.6208333333325	 1486.275	 903.175	 55523.0	 50958.0	 30966.0	 12.0	 
50010	50000	10	 sysNum: 	4999	 MissingNum: 	0	 2740.5291666666662	 91273	 2	 Protocol_Missing: 0	 0.0	 1134.3208333333328	 984.8125000000001	 621.3958333333335	 36203.0	 33765.0	 21305.0	 14.0	 
50010	50000	10	 sysNum: 	45009	 MissingNum: 	0	 6029.450000000003	 204612	 2	 Protocol_Missing: 0	 0.0	 2811.695833333332	 2088.333333333333	 1129.4208333333333	 94289.0	 71600.0	 38723.0	 11.0	 
50010	50000	10	 sysNum: 	40008	 MissingNum: 	0	 6025.250000000004	 204468	 2	 Protocol_Missing: 0	 0.0	 2760.099999999999	 2107.5249999999996	 1157.6249999999998	 92520.0	 72258.0	 39690.0	 11.0	 
50010	50000	10	 sysNum: 	35007	 MissingNum: 	0	 5906.745833333339	 200213	 2	 Protocol_Missing: 0	 0.0	 2666.9999999999986	 2085.708333333334	 1154.0375	 89136.0	 71510.0	 39567.0	 12.0	 
50010	50000	10	 sysNum: 	30006	 MissingNum: 	0	 5815.775000000004	 197286	 2	 Protocol_Missing: 0	 0.0	 2571.5666666666652	 2076.4916666666663	 1167.7166666666665	 86056.0	 71194.0	 40036.0	 11.0	 
50010	50000	10	 sysNum: 	25005	 MissingNum: 	0	 5582.500000000002	 189096	 2	 Protocol_Missing: 0	 0.0	 2430.4874999999993	 2009.4083333333335	 1142.6041666666665	 81027.0	 68894.0	 39175.0	 12.0	 
50010	50000	10	 sysNum: 	20004	 MissingNum: 	0	 5302.645833333338	 179501	 2	 Protocol_Missing: 0	 0.0	 2268.6416666666655	 1925.9624999999996	 1108.0416666666665	 75478.0	 66033.0	 37990.0	 12.0	 
50010	50000	10	 sysNum: 	15001	 MissingNum: 	0	 4811.770833333336	 162863	 2	 Protocol_Missing: 0	 0.0	 2020.1999999999991	 1760.7333333333333	 1030.8374999999999	 67152.0	 60368.0	 35343.0	 11.0	 
50010	50000	10	 sysNum: 	10000	 MissingNum: 	0	 4100.833333333332	 138104	 2	 Protocol_Missing: 0	 0.0	 1699.774999999999	 1492.6041666666665	 908.4541666666665	 55782.0	 51175.0	 31147.0	 13.0	 
50010	50000	10	 sysNum: 	4999	 MissingNum: 	0	 2774.4208333333318	 92627	 2	 Protocol_Missing: 0	 0.0	 1143.2749999999999	 999.8916666666667	 631.2541666666667	 36702.0	 34282.0	 21643.0	 13.0	 
