50010	50000	10	 sysNum: 	45009	 MissingNum: 	0	 5719.670833333338	 193415	 2	 Protocol_Missing: 0	 0.0	 0.0	 4091.149999999998	 1628.5208333333333	 0.0	 137580.0	 55835.0	 14.0	 
50010	50000	10	 sysNum: 	40008	 MissingNum: 	0	 5566.195833333336	 188345	 2	 Protocol_Missing: 0	 0.0	 0.0	 3955.6999999999985	 1610.4958333333332	 0.0	 133128.0	 55217.0	 13.0	 
50010	50000	10	 sysNum: 	35007	 MissingNum: 	0	 5358.237500000001	 181215	 2	 Protocol_Missing: 0	 0.0	 0.0	 3800.2416666666654	 1557.9958333333334	 0.0	 127798.0	 53417.0	 13.0	 
50010	50000	10	 sysNum: 	30006	 MissingNum: 	0	 5104.954166666671	 172339	 2	 Protocol_Missing: 0	 0.0	 0.0	 3614.070833333332	 1490.8833333333328	 0.0	 121223.0	 51116.0	 14.0	 
50010	50000	10	 sysNum: 	25005	 MissingNum: 	0	 4716.775000000001	 159222	 2	 Protocol_Missing: 0	 0.0	 0.0	 3329.5208333333317	 1387.2541666666666	 0.0	 111659.0	 47563.0	 13.0	 
50010	50000	10	 sysNum: 	20004	 MissingNum: 	0	 4285.050000000001	 144036	 2	 Protocol_Missing: 0	 0.0	 0.0	 3017.262499999998	 1267.7875000000004	 0.0	 100569.0	 43467.0	 15.0	 
50010	50000	10	 sysNum: 	15001	 MissingNum: 	0	 3664.062499999998	 123129	 2	 Protocol_Missing: 0	 0.0	 0.0	 2579.674999999999	 1084.3874999999998	 0.0	 85950.0	 37179.0	 13.0	 
50010	50000	10	 sysNum: 	10000	 MissingNum: 	0	 2937.870833333333	 98039	 2	 Protocol_Missing: 0	 0.0	 0.0	 2081.974999999999	 855.8958333333335	 0.0	 68694.0	 29345.0	 14.0	 
50010	50000	10	 sysNum: 	4999	 MissingNum: 	0	 1836.2458333333323	 60269	 2	 Protocol_Missing: 0	 0.0	 0.0	 1323.9624999999992	 512.2833333333333	 0.0	 42705.0	 17564.0	 14.0	 
50010	50000	10	 sysNum: 	45009	 MissingNum: 	0	 5725.562500000004	 193425	 2	 Protocol_Missing: 0	 0.0	 0.0	 4094.4458333333314	 1631.1166666666663	 0.0	 137501.0	 55924.0	 15.0	 
50010	50000	10	 sysNum: 	40008	 MissingNum: 	0	 5589.120833333336	 189131	 2	 Protocol_Missing: 0	 0.0	 0.0	 3972.704166666665	 1616.4166666666667	 0.0	 133711.0	 55420.0	 13.0	 
50010	50000	10	 sysNum: 	35007	 MissingNum: 	0	 5337.062500000003	 180489	 2	 Protocol_Missing: 0	 0.0	 0.0	 3785.8624999999984	 1551.1999999999998	 0.0	 127305.0	 53184.0	 13.0	 
50010	50000	10	 sysNum: 	30006	 MissingNum: 	0	 5100.025000000004	 172170	 2	 Protocol_Missing: 0	 0.0	 0.0	 3602.7833333333315	 1497.2416666666663	 0.0	 120836.0	 51334.0	 14.0	 
50010	50000	10	 sysNum: 	25005	 MissingNum: 	0	 4712.312500000002	 158877	 2	 Protocol_Missing: 0	 0.0	 0.0	 3323.6583333333324	 1388.654166666667	 0.0	 111266.0	 47611.0	 14.0	 
50010	50000	10	 sysNum: 	20004	 MissingNum: 	0	 4287.937500000001	 144327	 2	 Protocol_Missing: 0	 0.0	 0.0	 3021.4041666666644	 1266.5333333333333	 0.0	 100903.0	 43424.0	 14.0	 
50010	50000	10	 sysNum: 	15001	 MissingNum: 	0	 3696.8166666666657	 124060	 2	 Protocol_Missing: 0	 0.0	 0.0	 2601.1999999999985	 1095.6166666666663	 0.0	 86496.0	 37564.0	 14.0	 
50010	50000	10	 sysNum: 	10000	 MissingNum: 	0	 2923.1124999999984	 97533	 2	 Protocol_Missing: 0	 0.0	 0.0	 2074.654166666666	 848.4583333333333	 0.0	 68443.0	 29090.0	 14.0	 
50010	50000	10	 sysNum: 	4999	 MissingNum: 	0	 1839.9791666666652	 60397	 2	 Protocol_Missing: 0	 0.0	 0.0	 1326.9958333333323	 512.9833333333332	 0.0	 42809.0	 17588.0	 14.0	 
50010	50000	10	 sysNum: 	45009	 MissingNum: 	0	 5665.800000000002	 191760	 2	 Protocol_Missing: 0	 0.0	 0.0	 4052.2708333333317	 1613.5291666666667	 0.0	 136439.0	 55321.0	 13.0	 
50010	50000	10	 sysNum: 	40008	 MissingNum: 	0	 5566.691666666668	 188362	 2	 Protocol_Missing: 0	 0.0	 0.0	 3964.7708333333326	 1601.920833333333	 0.0	 133439.0	 54923.0	 13.0	 
50010	50000	10	 sysNum: 	35007	 MissingNum: 	0	 5375.212500000005	 181605	 2	 Protocol_Missing: 0	 0.0	 0.0	 3809.6624999999985	 1565.5499999999997	 0.0	 127929.0	 53676.0	 14.0	 
50010	50000	10	 sysNum: 	30006	 MissingNum: 	0	 5119.0125000000035	 172629	 2	 Protocol_Missing: 0	 0.0	 0.0	 3618.766666666665	 1500.2458333333332	 0.0	 121192.0	 51437.0	 15.0	 
50010	50000	10	 sysNum: 	25005	 MissingNum: 	0	 4735.237500000002	 159663	 2	 Protocol_Missing: 0	 0.0	 0.0	 3337.4833333333318	 1397.7541666666664	 0.0	 111740.0	 47923.0	 14.0	 
50010	50000	10	 sysNum: 	20004	 MissingNum: 	0	 4291.700000000003	 144648	 2	 Protocol_Missing: 0	 0.0	 0.0	 3021.6083333333318	 1270.0916666666665	 0.0	 101102.0	 43546.0	 13.0	 
50010	50000	10	 sysNum: 	15001	 MissingNum: 	0	 3676.399999999999	 123552	 2	 Protocol_Missing: 0	 0.0	 0.0	 2580.170833333332	 1096.229166666667	 0.0	 85967.0	 37585.0	 13.0	 
50010	50000	10	 sysNum: 	10000	 MissingNum: 	0	 2908.9666666666662	 97048	 2	 Protocol_Missing: 0	 0.0	 0.0	 2065.349999999999	 843.6166666666666	 0.0	 68124.0	 28924.0	 14.0	 
50010	50000	10	 sysNum: 	4999	 MissingNum: 	0	 1848.2916666666658	 60682	 2	 Protocol_Missing: 0	 0.0	 0.0	 1332.4208333333327	 515.8708333333332	 0.0	 42995.0	 17687.0	 14.0	 
50010	50000	10	 sysNum: 	45009	 MissingNum: 	0	 5733.379166666671	 194077	 2	 Protocol_Missing: 0	 0.0	 0.0	 4098.820833333332	 1634.558333333333	 0.0	 138035.0	 56042.0	 13.0	 
50010	50000	10	 sysNum: 	40008	 MissingNum: 	0	 5569.520833333336	 188267	 2	 Protocol_Missing: 0	 0.0	 0.0	 3965.529166666666	 1603.9916666666668	 0.0	 133273.0	 54994.0	 14.0	 
50010	50000	10	 sysNum: 	35007	 MissingNum: 	0	 5397.320833333336	 182171	 2	 Protocol_Missing: 0	 0.0	 0.0	 3828.533333333332	 1568.7874999999997	 0.0	 128384.0	 53787.0	 15.0	 
50010	50000	10	 sysNum: 	30006	 MissingNum: 	0	 5104.633333333336	 172328	 2	 Protocol_Missing: 0	 0.0	 0.0	 3611.620833333333	 1493.0124999999998	 0.0	 121139.0	 51189.0	 14.0	 
50010	50000	10	 sysNum: 	25005	 MissingNum: 	0	 4738.970833333334	 159599	 2	 Protocol_Missing: 0	 0.0	 0.0	 3345.999999999998	 1392.9708333333335	 0.0	 111840.0	 47759.0	 15.0	 
50010	50000	10	 sysNum: 	20004	 MissingNum: 	0	 4272.216666666669	 143788	 2	 Protocol_Missing: 0	 0.0	 0.0	 3009.299999999999	 1262.9166666666665	 0.0	 100488.0	 43300.0	 14.0	 
50010	50000	10	 sysNum: 	15001	 MissingNum: 	0	 3700.6083333333313	 124190	 2	 Protocol_Missing: 0	 0.0	 0.0	 2604.204166666665	 1096.4041666666665	 0.0	 86599.0	 37591.0	 14.0	 
50010	50000	10	 sysNum: 	10000	 MissingNum: 	0	 2908.0333333333315	 96824	 2	 Protocol_Missing: 0	 0.0	 0.0	 2065.029166666666	 843.0041666666668	 0.0	 67921.0	 28903.0	 15.0	 
50010	50000	10	 sysNum: 	4999	 MissingNum: 	0	 1855.6999999999987	 60744	 2	 Protocol_Missing: 0	 0.0	 0.0	 1341.8708333333323	 513.8291666666667	 0.0	 43127.0	 17617.0	 15.0	 
50010	50000	10	 sysNum: 	45009	 MissingNum: 	0	 5681.6375000000035	 192111	 2	 Protocol_Missing: 0	 0.0	 0.0	 4061.458333333331	 1620.179166666667	 0.0	 136562.0	 55549.0	 14.0	 
50010	50000	10	 sysNum: 	40008	 MissingNum: 	0	 5598.250000000004	 189252	 2	 Protocol_Missing: 0	 0.0	 0.0	 3984.4583333333308	 1613.7916666666667	 0.0	 133922.0	 55330.0	 14.0	 
50010	50000	10	 sysNum: 	35007	 MissingNum: 	0	 5398.808333333336	 182222	 2	 Protocol_Missing: 0	 0.0	 0.0	 3830.574999999999	 1568.2333333333331	 0.0	 128454.0	 53768.0	 15.0	 
50010	50000	10	 sysNum: 	30006	 MissingNum: 	0	 5110.495833333336	 172529	 2	 Protocol_Missing: 0	 0.0	 0.0	 3612.524999999998	 1497.9708333333335	 0.0	 121170.0	 51359.0	 14.0	 
50010	50000	10	 sysNum: 	25005	 MissingNum: 	0	 4711.933333333334	 159056	 2	 Protocol_Missing: 0	 0.0	 0.0	 3324.3874999999985	 1387.5458333333331	 0.0	 111483.0	 47573.0	 13.0	 
50010	50000	10	 sysNum: 	20004	 MissingNum: 	0	 4269.416666666669	 143692	 2	 Protocol_Missing: 0	 0.0	 0.0	 3005.8291666666646	 1263.5874999999996	 0.0	 100369.0	 43323.0	 14.0	 
50010	50000	10	 sysNum: 	15001	 MissingNum: 	0	 3667.2124999999996	 123045	 2	 Protocol_Missing: 0	 0.0	 0.0	 2581.454166666666	 1085.758333333333	 0.0	 85819.0	 37226.0	 14.0	 
50010	50000	10	 sysNum: 	10000	 MissingNum: 	0	 2916.1124999999993	 97293	 2	 Protocol_Missing: 0	 0.0	 0.0	 2069.520833333332	 846.5916666666667	 0.0	 68267.0	 29026.0	 14.0	 
50010	50000	10	 sysNum: 	4999	 MissingNum: 	0	 1865.2666666666657	 61072	 2	 Protocol_Missing: 0	 0.0	 0.0	 1347.3249999999994	 517.9416666666667	 0.0	 43314.0	 17758.0	 15.0	 
50010	50000	10	 sysNum: 	45009	 MissingNum: 	0	 5734.370833333337	 193919	 2	 Protocol_Missing: 0	 0.0	 0.0	 4099.1416666666655	 1635.229166666666	 0.0	 137854.0	 56065.0	 14.0	 
50010	50000	10	 sysNum: 	40008	 MissingNum: 	0	 5566.8666666666695	 188368	 2	 Protocol_Missing: 0	 0.0	 0.0	 3959.5208333333317	 1607.3458333333335	 0.0	 133259.0	 55109.0	 13.0	 
50010	50000	10	 sysNum: 	35007	 MissingNum: 	0	 5356.400000000002	 180768	 2	 Protocol_Missing: 0	 0.0	 0.0	 3797.354166666665	 1559.0458333333331	 0.0	 127315.0	 53453.0	 15.0	 
50010	50000	10	 sysNum: 	30006	 MissingNum: 	0	 5062.225000000001	 170874	 2	 Protocol_Missing: 0	 0.0	 0.0	 3582.1624999999985	 1480.0625	 0.0	 120129.0	 50745.0	 14.0	 
50010	50000	10	 sysNum: 	25005	 MissingNum: 	0	 4728.354166666669	 159427	 2	 Protocol_Missing: 0	 0.0	 0.0	 3336.929166666665	 1391.4249999999995	 0.0	 111721.0	 47706.0	 14.0	 
50010	50000	10	 sysNum: 	20004	 MissingNum: 	0	 4287.675000000002	 144318	 2	 Protocol_Missing: 0	 0.0	 0.0	 3017.8458333333315	 1269.8291666666667	 0.0	 100781.0	 43537.0	 14.0	 
50010	50000	10	 sysNum: 	15001	 MissingNum: 	0	 3685.908333333331	 123878	 2	 Protocol_Missing: 0	 0.0	 0.0	 2592.391666666665	 1093.5166666666667	 0.0	 86386.0	 37492.0	 13.0	 
50010	50000	10	 sysNum: 	10000	 MissingNum: 	0	 2903.1041666666656	 96847	 2	 Protocol_Missing: 0	 0.0	 0.0	 2061.9958333333325	 841.108333333333	 0.0	 68009.0	 28838.0	 14.0	 
50010	50000	10	 sysNum: 	4999	 MissingNum: 	0	 1853.4833333333322	 60668	 2	 Protocol_Missing: 0	 0.0	 0.0	 1339.7124999999992	 513.7708333333334	 0.0	 43053.0	 17615.0	 15.0	 
50010	50000	10	 sysNum: 	45009	 MissingNum: 	0	 5712.029166666671	 193345	 2	 Protocol_Missing: 0	 0.0	 0.0	 4079.162499999999	 1632.8666666666663	 0.0	 137361.0	 55984.0	 13.0	 
50010	50000	10	 sysNum: 	40008	 MissingNum: 	0	 5564.562500000004	 187905	 2	 Protocol_Missing: 0	 0.0	 0.0	 3962.5249999999987	 1602.0375	 0.0	 132978.0	 54927.0	 15.0	 
50010	50000	10	 sysNum: 	35007	 MissingNum: 	0	 5411.466666666671	 182848	 2	 Protocol_Missing: 0	 0.0	 0.0	 3833.2291666666656	 1578.2374999999995	 0.0	 128737.0	 54111.0	 14.0	 
50010	50000	10	 sysNum: 	30006	 MissingNum: 	0	 5082.962500000004	 171777	 2	 Protocol_Missing: 0	 0.0	 0.0	 3595.491666666665	 1487.4708333333335	 0.0	 120778.0	 50999.0	 13.0	 
50010	50000	10	 sysNum: 	25005	 MissingNum: 	0	 4766.620833333338	 160547	 2	 Protocol_Missing: 0	 0.0	 0.0	 3361.9541666666646	 1404.6666666666665	 0.0	 112387.0	 48160.0	 15.0	 
50010	50000	10	 sysNum: 	20004	 MissingNum: 	0	 4256.875000000004	 143262	 2	 Protocol_Missing: 0	 0.0	 0.0	 3001.162499999999	 1255.7124999999999	 0.0	 100209.0	 43053.0	 14.0	 
50010	50000	10	 sysNum: 	15001	 MissingNum: 	0	 3675.437499999999	 123327	 2	 Protocol_Missing: 0	 0.0	 0.0	 2584.1958333333328	 1091.241666666666	 0.0	 85913.0	 37414.0	 14.0	 
50010	50000	10	 sysNum: 	10000	 MissingNum: 	0	 2932.7666666666646	 97864	 2	 Protocol_Missing: 0	 0.0	 0.0	 2079.962499999999	 852.8041666666666	 0.0	 68625.0	 29239.0	 14.0	 
50010	50000	10	 sysNum: 	4999	 MissingNum: 	0	 1838.3749999999986	 60342	 2	 Protocol_Missing: 0	 0.0	 0.0	 1328.629166666666	 509.74583333333334	 0.0	 42865.0	 17477.0	 14.0	 
50010	50000	10	 sysNum: 	45009	 MissingNum: 	0	 5706.983333333337	 192980	 2	 Protocol_Missing: 0	 0.0	 0.0	 4081.145833333331	 1625.8374999999999	 0.0	 137237.0	 55743.0	 14.0	 
50010	50000	10	 sysNum: 	40008	 MissingNum: 	0	 5583.66666666667	 188944	 2	 Protocol_Missing: 0	 0.0	 0.0	 3968.766666666665	 1614.8999999999999	 0.0	 133576.0	 55368.0	 13.0	 
50010	50000	10	 sysNum: 	35007	 MissingNum: 	0	 5365.908333333336	 181478	 2	 Protocol_Missing: 0	 0.0	 0.0	 3797.966666666666	 1567.9416666666664	 0.0	 127720.0	 53758.0	 13.0	 
50010	50000	10	 sysNum: 	30006	 MissingNum: 	0	 5101.62916666667	 172225	 2	 Protocol_Missing: 0	 0.0	 0.0	 3606.3124999999986	 1495.3166666666668	 0.0	 120957.0	 51268.0	 14.0	 
50010	50000	10	 sysNum: 	25005	 MissingNum: 	0	 4718.641666666671	 159094	 2	 Protocol_Missing: 0	 0.0	 0.0	 3325.874999999998	 1392.7666666666669	 0.0	 111342.0	 47752.0	 14.0	 
50010	50000	10	 sysNum: 	20004	 MissingNum: 	0	 4241.883333333335	 142556	 2	 Protocol_Missing: 0	 0.0	 0.0	 2989.583333333331	 1252.3	 0.0	 99620.0	 42936.0	 15.0	 
50010	50000	10	 sysNum: 	15001	 MissingNum: 	0	 3688.212499999999	 123957	 2	 Protocol_Missing: 0	 0.0	 0.0	 2591.895833333332	 1096.3166666666666	 0.0	 86369.0	 37588.0	 13.0	 
50010	50000	10	 sysNum: 	10000	 MissingNum: 	0	 2900.566666666666	 96760	 2	 Protocol_Missing: 0	 0.0	 0.0	 2056.0458333333327	 844.5208333333335	 0.0	 67805.0	 28955.0	 14.0	 
50010	50000	10	 sysNum: 	4999	 MissingNum: 	0	 1849.3708333333327	 60719	 2	 Protocol_Missing: 0	 0.0	 0.0	 1332.654166666666	 516.7166666666666	 0.0	 43003.0	 17716.0	 14.0	 
50010	50000	10	 sysNum: 	45009	 MissingNum: 	0	 5739.7083333333385	 194102	 2	 Protocol_Missing: 0	 0.0	 0.0	 4104.129166666666	 1635.5791666666664	 0.0	 138025.0	 56077.0	 14.0	 
50010	50000	10	 sysNum: 	40008	 MissingNum: 	0	 5552.633333333337	 187688	 2	 Protocol_Missing: 0	 0.0	 0.0	 3952.8999999999987	 1599.7333333333331	 0.0	 132840.0	 54848.0	 14.0	 
50010	50000	10	 sysNum: 	35007	 MissingNum: 	0	 5405.166666666669	 182632	 2	 Protocol_Missing: 0	 0.0	 0.0	 3829.408333333332	 1575.7583333333332	 0.0	 128606.0	 54026.0	 14.0	 
50010	50000	10	 sysNum: 	30006	 MissingNum: 	0	 5090.983333333336	 171668	 2	 Protocol_Missing: 0	 0.0	 0.0	 3598.3208333333323	 1492.6624999999997	 0.0	 120491.0	 51177.0	 15.0	 
50010	50000	10	 sysNum: 	25005	 MissingNum: 	0	 4740.575000000003	 159654	 2	 Protocol_Missing: 0	 0.0	 0.0	 3345.9416666666657	 1394.6333333333332	 0.0	 111838.0	 47816.0	 15.0	 
50010	50000	10	 sysNum: 	20004	 MissingNum: 	0	 4246.987500000003	 143115	 2	 Protocol_Missing: 0	 0.0	 0.0	 2991.508333333332	 1255.4791666666667	 0.0	 100070.0	 43045.0	 13.0	 
50010	50000	10	 sysNum: 	15001	 MissingNum: 	0	 3686.170833333332	 123887	 2	 Protocol_Missing: 0	 0.0	 0.0	 2593.354166666665	 1092.8166666666664	 0.0	 86419.0	 37468.0	 13.0	 
50010	50000	10	 sysNum: 	10000	 MissingNum: 	0	 2937.2291666666665	 98017	 2	 Protocol_Missing: 0	 0.0	 0.0	 2086.845833333333	 850.3833333333334	 0.0	 68861.0	 29156.0	 14.0	 
50010	50000	10	 sysNum: 	4999	 MissingNum: 	0	 1830.2958333333327	 60065	 2	 Protocol_Missing: 0	 0.0	 0.0	 1321.133333333333	 509.16249999999997	 0.0	 42608.0	 17457.0	 14.0	 
50010	50000	10	 sysNum: 	45009	 MissingNum: 	0	 5729.995833333336	 193769	 2	 Protocol_Missing: 0	 0.0	 0.0	 4095.699999999999	 1634.2958333333338	 0.0	 137736.0	 56033.0	 14.0	 
50010	50000	10	 sysNum: 	40008	 MissingNum: 	0	 5565.233333333337	 188312	 2	 Protocol_Missing: 0	 0.0	 0.0	 3957.6833333333325	 1607.5500000000002	 0.0	 133196.0	 55116.0	 13.0	 
50010	50000	10	 sysNum: 	35007	 MissingNum: 	0	 5351.033333333337	 180968	 2	 Protocol_Missing: 0	 0.0	 0.0	 3793.562499999998	 1557.4708333333328	 0.0	 127569.0	 53399.0	 13.0	 
50010	50000	10	 sysNum: 	30006	 MissingNum: 	0	 5044.258333333336	 170258	 2	 Protocol_Missing: 0	 0.0	 0.0	 3570.6999999999994	 1473.5583333333332	 0.0	 119736.0	 50522.0	 14.0	 
50010	50000	10	 sysNum: 	25005	 MissingNum: 	0	 4740.341666666668	 159646	 2	 Protocol_Missing: 0	 0.0	 0.0	 3345.4458333333314	 1394.8958333333328	 0.0	 111821.0	 47825.0	 15.0	 
50010	50000	10	 sysNum: 	20004	 MissingNum: 	0	 4254.80416666667	 143191	 2	 Protocol_Missing: 0	 0.0	 0.0	 2995.329166666666	 1259.4749999999997	 0.0	 100009.0	 43182.0	 14.0	 
50010	50000	10	 sysNum: 	15001	 MissingNum: 	0	 3697.4583333333317	 123890	 2	 Protocol_Missing: 0	 0.0	 0.0	 2603.620833333331	 1093.8374999999996	 0.0	 86387.0	 37503.0	 15.0	 
50010	50000	10	 sysNum: 	10000	 MissingNum: 	0	 2916.7249999999985	 97314	 2	 Protocol_Missing: 0	 0.0	 0.0	 2073.1958333333323	 843.5291666666665	 0.0	 68393.0	 28921.0	 14.0	 
50010	50000	10	 sysNum: 	4999	 MissingNum: 	0	 1822.4791666666658	 59797	 2	 Protocol_Missing: 0	 0.0	 0.0	 1314.658333333333	 507.8208333333334	 0.0	 42386.0	 17411.0	 14.0	 
50010	50000	10	 sysNum: 	45009	 MissingNum: 	0	 5719.204166666669	 193399	 2	 Protocol_Missing: 0	 0.0	 0.0	 4085.0249999999974	 1634.1791666666668	 0.0	 137370.0	 56029.0	 14.0	 
50010	50000	10	 sysNum: 	40008	 MissingNum: 	0	 5593.029166666672	 188881	 2	 Protocol_Missing: 0	 0.0	 0.0	 3977.458333333331	 1615.5708333333334	 0.0	 133490.0	 55391.0	 15.0	 
50010	50000	10	 sysNum: 	35007	 MissingNum: 	0	 5406.0125000000035	 182661	 2	 Protocol_Missing: 0	 0.0	 0.0	 3832.470833333332	 1573.5416666666665	 0.0	 128711.0	 53950.0	 14.0	 
50010	50000	10	 sysNum: 	30006	 MissingNum: 	0	 5110.37916666667	 172525	 2	 Protocol_Missing: 0	 0.0	 0.0	 3611.970833333332	 1498.408333333333	 0.0	 121151.0	 51374.0	 14.0	 
50010	50000	10	 sysNum: 	25005	 MissingNum: 	0	 4727.012500000004	 159189	 2	 Protocol_Missing: 0	 0.0	 0.0	 3335.237499999998	 1391.7750000000005	 0.0	 111471.0	 47718.0	 15.0	 
50010	50000	10	 sysNum: 	20004	 MissingNum: 	0	 4257.77916666667	 143293	 2	 Protocol_Missing: 0	 0.0	 0.0	 3000.4624999999983	 1257.3166666666664	 0.0	 100185.0	 43108.0	 14.0	 
50010	50000	10	 sysNum: 	15001	 MissingNum: 	0	 3664.3833333333314	 122948	 2	 Protocol_Missing: 0	 0.0	 0.0	 2581.949999999999	 1082.4333333333336	 0.0	 85836.0	 37112.0	 14.0	 
50010	50000	10	 sysNum: 	10000	 MissingNum: 	0	 2922.383333333332	 97316	 2	 Protocol_Missing: 0	 0.0	 0.0	 2079.1166666666654	 843.2666666666665	 0.0	 68404.0	 28912.0	 15.0	 
50010	50000	10	 sysNum: 	4999	 MissingNum: 	0	 1836.0124999999987	 59877	 2	 Protocol_Missing: 0	 0.0	 0.0	 1330.1166666666659	 505.89583333333326	 0.0	 42532.0	 17345.0	 16.0	 
50010	50000	10	 sysNum: 	45009	 MissingNum: 	0	 5690.825000000004	 192426	 2	 Protocol_Missing: 0	 0.0	 0.0	 4073.2416666666654	 1617.583333333333	 0.0	 136966.0	 55460.0	 14.0	 
50010	50000	10	 sysNum: 	40008	 MissingNum: 	0	 5609.129166666668	 189625	 2	 Protocol_Missing: 0	 0.0	 0.0	 3989.9999999999986	 1619.1291666666664	 0.0	 134112.0	 55513.0	 14.0	 
50010	50000	10	 sysNum: 	35007	 MissingNum: 	0	 5374.104166666671	 181567	 2	 Protocol_Missing: 0	 0.0	 0.0	 3809.691666666664	 1564.4124999999997	 0.0	 127930.0	 53637.0	 14.0	 
50010	50000	10	 sysNum: 	30006	 MissingNum: 	0	 5061.46666666667	 171040	 2	 Protocol_Missing: 0	 0.0	 0.0	 3582.4833333333327	 1478.9833333333331	 0.0	 120332.0	 50708.0	 13.0	 
50010	50000	10	 sysNum: 	25005	 MissingNum: 	0	 4718.02916666667	 159073	 2	 Protocol_Missing: 0	 0.0	 0.0	 3327.304166666665	 1390.725	 0.0	 111391.0	 47682.0	 14.0	 
50010	50000	10	 sysNum: 	20004	 MissingNum: 	0	 4249.875000000002	 143022	 2	 Protocol_Missing: 0	 0.0	 0.0	 2994.0458333333318	 1255.8291666666664	 0.0	 99965.0	 43057.0	 14.0	 
50010	50000	10	 sysNum: 	15001	 MissingNum: 	0	 3683.808333333331	 123806	 2	 Protocol_Missing: 0	 0.0	 0.0	 2589.4749999999976	 1094.333333333333	 0.0	 86286.0	 37520.0	 13.0	 
50010	50000	10	 sysNum: 	10000	 MissingNum: 	0	 2931.920833333332	 97835	 2	 Protocol_Missing: 0	 0.0	 0.0	 2077.7458333333325	 854.175	 0.0	 68549.0	 29286.0	 14.0	 
50010	50000	10	 sysNum: 	4999	 MissingNum: 	0	 1844.3249999999996	 60546	 2	 Protocol_Missing: 0	 0.0	 0.0	 1331.4291666666663	 512.8958333333333	 0.0	 42961.0	 17585.0	 14.0	 
50010	50000	10	 sysNum: 	45009	 MissingNum: 	0	 5718.300000000004	 193368	 2	 Protocol_Missing: 0	 0.0	 0.0	 4086.162499999998	 1632.1374999999996	 0.0	 137409.0	 55959.0	 14.0	 
50010	50000	10	 sysNum: 	40008	 MissingNum: 	0	 5575.645833333338	 188477	 2	 Protocol_Missing: 0	 0.0	 0.0	 3965.062499999998	 1610.5833333333333	 0.0	 133257.0	 55220.0	 14.0	 
50010	50000	10	 sysNum: 	35007	 MissingNum: 	0	 5373.0541666666695	 181531	 2	 Protocol_Missing: 0	 0.0	 0.0	 3812.024999999999	 1561.0291666666665	 0.0	 128010.0	 53521.0	 14.0	 
50010	50000	10	 sysNum: 	30006	 MissingNum: 	0	 5100.812500000003	 172197	 2	 Protocol_Missing: 0	 0.0	 0.0	 3606.224999999998	 1494.5874999999999	 0.0	 120954.0	 51243.0	 14.0	 
50010	50000	10	 sysNum: 	25005	 MissingNum: 	0	 4701.929166666671	 158521	 2	 Protocol_Missing: 0	 0.0	 0.0	 3319.866666666665	 1382.0624999999998	 0.0	 111136.0	 47385.0	 14.0	 
50010	50000	10	 sysNum: 	20004	 MissingNum: 	0	 4249.729166666668	 143017	 2	 Protocol_Missing: 0	 0.0	 0.0	 2992.7624999999985	 1256.9666666666667	 0.0	 99921.0	 43096.0	 14.0	 
50010	50000	10	 sysNum: 	15001	 MissingNum: 	0	 3682.029166666665	 123361	 2	 Protocol_Missing: 0	 0.0	 0.0	 2593.033333333332	 1088.9958333333334	 0.0	 86024.0	 37337.0	 15.0	 
50010	50000	10	 sysNum: 	10000	 MissingNum: 	0	 2918.416666666666	 97372	 2	 Protocol_Missing: 0	 0.0	 0.0	 2070.570833333332	 847.8458333333332	 0.0	 68303.0	 29069.0	 14.0	 
50010	50000	10	 sysNum: 	4999	 MissingNum: 	0	 1847.620833333332	 60467	 2	 Protocol_Missing: 0	 0.0	 0.0	 1336.5916666666658	 511.0291666666666	 0.0	 42946.0	 17521.0	 15.0	 
50010	50000	10	 sysNum: 	45009	 MissingNum: 	0	 5699.516666666671	 192724	 2	 Protocol_Missing: 0	 0.0	 0.0	 4074.729166666665	 1624.7875	 0.0	 137017.0	 55707.0	 14.0	 
50010	50000	10	 sysNum: 	40008	 MissingNum: 	0	 5572.1458333333385	 188357	 2	 Protocol_Missing: 0	 0.0	 0.0	 3966.141666666665	 1606.0041666666668	 0.0	 133294.0	 55063.0	 14.0	 
50010	50000	10	 sysNum: 	35007	 MissingNum: 	0	 5368.912500000002	 181581	 2	 Protocol_Missing: 0	 0.0	 0.0	 3803.041666666666	 1565.8708333333334	 0.0	 127894.0	 53687.0	 13.0	 
50010	50000	10	 sysNum: 	30006	 MissingNum: 	0	 5106.79166666667	 172402	 2	 Protocol_Missing: 0	 0.0	 0.0	 3610.5708333333328	 1496.2208333333333	 0.0	 121103.0	 51299.0	 14.0	 
50010	50000	10	 sysNum: 	25005	 MissingNum: 	0	 4742.733333333336	 159920	 2	 Protocol_Missing: 0	 0.0	 0.0	 3342.558333333331	 1400.1749999999997	 0.0	 111914.0	 48006.0	 14.0	 
50010	50000	10	 sysNum: 	20004	 MissingNum: 	0	 4264.516666666667	 143524	 2	 Protocol_Missing: 0	 0.0	 0.0	 3001.7458333333316	 1262.770833333333	 0.0	 100229.0	 43295.0	 14.0	 
50010	50000	10	 sysNum: 	15001	 MissingNum: 	0	 3678.237499999998	 123423	 2	 Protocol_Missing: 0	 0.0	 0.0	 2589.9416666666652	 1088.2958333333331	 0.0	 86110.0	 37313.0	 14.0	 
50010	50000	10	 sysNum: 	10000	 MissingNum: 	0	 2894.9958333333316	 96761	 2	 Protocol_Missing: 0	 0.0	 0.0	 2052.9249999999993	 842.0708333333332	 0.0	 67890.0	 28871.0	 13.0	 
50010	50000	10	 sysNum: 	4999	 MissingNum: 	0	 1842.108333333332	 60278	 2	 Protocol_Missing: 0	 0.0	 0.0	 1328.7458333333325	 513.3624999999998	 0.0	 42677.0	 17601.0	 15.0	 
50010	50000	10	 sysNum: 	45009	 MissingNum: 	0	 5725.7958333333345	 193817	 2	 Protocol_Missing: 0	 0.0	 0.0	 4091.9958333333316	 1633.8000000000004	 0.0	 137801.0	 56016.0	 13.0	 
50010	50000	10	 sysNum: 	40008	 MissingNum: 	0	 5588.508333333337	 188726	 2	 Protocol_Missing: 0	 0.0	 0.0	 3980.9291666666645	 1607.5791666666667	 0.0	 133609.0	 55117.0	 15.0	 
50010	50000	10	 sysNum: 	35007	 MissingNum: 	0	 5363.925000000005	 181410	 2	 Protocol_Missing: 0	 0.0	 0.0	 3802.954166666665	 1560.9708333333333	 0.0	 127891.0	 53519.0	 13.0	 
50010	50000	10	 sysNum: 	30006	 MissingNum: 	0	 5110.7000000000035	 172536	 2	 Protocol_Missing: 0	 0.0	 0.0	 3613.6624999999985	 1497.0375	 0.0	 121209.0	 51327.0	 14.0	 
50010	50000	10	 sysNum: 	25005	 MissingNum: 	0	 4732.7000000000035	 159768	 2	 Protocol_Missing: 0	 0.0	 0.0	 3337.4541666666646	 1395.2458333333332	 0.0	 111931.0	 47837.0	 13.0	 
50010	50000	10	 sysNum: 	20004	 MissingNum: 	0	 4283.7958333333345	 144185	 2	 Protocol_Missing: 0	 0.0	 0.0	 3013.0041666666652	 1270.7916666666665	 0.0	 100615.0	 43570.0	 14.0	 
50010	50000	10	 sysNum: 	15001	 MissingNum: 	0	 3710.029166666665	 124321	 2	 Protocol_Missing: 0	 0.0	 0.0	 2610.2124999999987	 1099.8166666666666	 0.0	 86613.0	 37708.0	 15.0	 
50010	50000	10	 sysNum: 	10000	 MissingNum: 	0	 2930.520833333332	 97979	 2	 Protocol_Missing: 0	 0.0	 0.0	 2079.262499999999	 851.2583333333331	 0.0	 68793.0	 29186.0	 13.0	 
50010	50000	10	 sysNum: 	4999	 MissingNum: 	0	 1860.4541666666655	 60907	 2	 Protocol_Missing: 0	 0.0	 0.0	 1343.7374999999993	 516.7166666666666	 0.0	 43191.0	 17716.0	 15.0	 
50010	50000	10	 sysNum: 	45009	 MissingNum: 	0	 5746.854166666669	 194347	 2	 Protocol_Missing: 0	 0.0	 0.0	 4104.333333333333	 1642.5208333333335	 0.0	 138032.0	 56315.0	 14.0	 
50010	50000	10	 sysNum: 	40008	 MissingNum: 	0	 5598.6583333333365	 189074	 2	 Protocol_Missing: 0	 0.0	 0.0	 3985.916666666665	 1612.741666666666	 0.0	 133780.0	 55294.0	 15.0	 
50010	50000	10	 sysNum: 	35007	 MissingNum: 	0	 5333.679166666671	 180373	 2	 Protocol_Missing: 0	 0.0	 0.0	 3781.5458333333318	 1552.1333333333328	 0.0	 127157.0	 53216.0	 13.0	 
50010	50000	10	 sysNum: 	30006	 MissingNum: 	0	 5103.058333333338	 172274	 2	 Protocol_Missing: 0	 0.0	 0.0	 3607.5083333333314	 1495.55	 0.0	 120998.0	 51276.0	 14.0	 
50010	50000	10	 sysNum: 	25005	 MissingNum: 	0	 4706.100000000001	 158856	 2	 Protocol_Missing: 0	 0.0	 0.0	 3319.487499999999	 1386.6125	 0.0	 111315.0	 47541.0	 13.0	 
50010	50000	10	 sysNum: 	20004	 MissingNum: 	0	 4270.2625	 143721	 2	 Protocol_Missing: 0	 0.0	 0.0	 3001.5708333333323	 1268.6916666666664	 0.0	 100223.0	 43498.0	 14.0	 
50010	50000	10	 sysNum: 	15001	 MissingNum: 	0	 3674.299999999998	 123288	 2	 Protocol_Missing: 0	 0.0	 0.0	 2587.3166666666652	 1086.9833333333336	 0.0	 86020.0	 37268.0	 14.0	 
50010	50000	10	 sysNum: 	10000	 MissingNum: 	0	 2925.387499999999	 97611	 2	 Protocol_Missing: 0	 0.0	 0.0	 2076.0249999999983	 849.3625000000001	 0.0	 68490.0	 29121.0	 14.0	 
50010	50000	10	 sysNum: 	4999	 MissingNum: 	0	 1832.5999999999988	 60336	 2	 Protocol_Missing: 0	 0.0	 0.0	 1322.3583333333324	 510.2416666666666	 0.0	 42842.0	 17494.0	 13.0	 
50010	50000	10	 sysNum: 	45009	 MissingNum: 	0	 5729.383333333337	 193556	 2	 Protocol_Missing: 0	 0.0	 0.0	 4094.1833333333325	 1635.2	 0.0	 137492.0	 56064.0	 15.0	 
50010	50000	10	 sysNum: 	40008	 MissingNum: 	0	 5613.7958333333345	 189785	 2	 Protocol_Missing: 0	 0.0	 0.0	 3989.620833333332	 1624.175	 0.0	 134099.0	 55686.0	 14.0	 
50010	50000	10	 sysNum: 	35007	 MissingNum: 	0	 5373.550000000004	 181356	 2	 Protocol_Missing: 0	 0.0	 0.0	 3810.4791666666647	 1563.0708333333328	 0.0	 127765.0	 53591.0	 15.0	 
50010	50000	10	 sysNum: 	30006	 MissingNum: 	0	 5083.050000000002	 171588	 2	 Protocol_Missing: 0	 0.0	 0.0	 3596.8041666666654	 1486.245833333333	 0.0	 120631.0	 50957.0	 14.0	 
50010	50000	10	 sysNum: 	25005	 MissingNum: 	0	 4708.841666666669	 158758	 2	 Protocol_Missing: 0	 0.0	 0.0	 3322.7249999999976	 1386.1166666666666	 0.0	 111234.0	 47524.0	 14.0	 
50010	50000	10	 sysNum: 	20004	 MissingNum: 	0	 4281.4625000000015	 144105	 2	 Protocol_Missing: 0	 0.0	 0.0	 3014.170833333332	 1267.2916666666665	 0.0	 100655.0	 43450.0	 14.0	 
50010	50000	10	 sysNum: 	15001	 MissingNum: 	0	 3662.574999999998	 122886	 2	 Protocol_Missing: 0	 0.0	 0.0	 2581.716666666666	 1080.8583333333336	 0.0	 85828.0	 37058.0	 14.0	 
50010	50000	10	 sysNum: 	10000	 MissingNum: 	0	 2925.358333333332	 97610	 2	 Protocol_Missing: 0	 0.0	 0.0	 2075.7624999999985	 849.5958333333333	 0.0	 68481.0	 29129.0	 14.0	 
50010	50000	10	 sysNum: 	4999	 MissingNum: 	0	 1849.779166666665	 60733	 2	 Protocol_Missing: 0	 0.0	 0.0	 1333.6166666666659	 516.1625	 0.0	 43036.0	 17697.0	 14.0	 
50010	50000	10	 sysNum: 	45009	 MissingNum: 	0	 5738.2208333333365	 194243	 2	 Protocol_Missing: 0	 0.0	 0.0	 4100.541666666665	 1637.6791666666666	 0.0	 138094.0	 56149.0	 13.0	 
50010	50000	10	 sysNum: 	40008	 MissingNum: 	0	 5564.912500000002	 188109	 2	 Protocol_Missing: 0	 0.0	 0.0	 3959.695833333332	 1605.2166666666667	 0.0	 133073.0	 55036.0	 14.0	 
50010	50000	10	 sysNum: 	35007	 MissingNum: 	0	 5365.70416666667	 181471	 2	 Protocol_Missing: 0	 0.0	 0.0	 3800.8541666666656	 1564.85	 0.0	 127819.0	 53652.0	 13.0	 
50010	50000	10	 sysNum: 	30006	 MissingNum: 	0	 5065.7833333333365	 170996	 2	 Protocol_Missing: 0	 0.0	 0.0	 3579.6249999999986	 1486.1583333333333	 0.0	 120042.0	 50954.0	 14.0	 
50010	50000	10	 sysNum: 	25005	 MissingNum: 	0	 4768.050000000003	 160788	 2	 Protocol_Missing: 0	 0.0	 0.0	 3361.283333333332	 1406.7666666666667	 0.0	 112556.0	 48232.0	 14.0	 
50010	50000	10	 sysNum: 	20004	 MissingNum: 	0	 4251.800000000001	 143088	 2	 Protocol_Missing: 0	 0.0	 0.0	 2992.3833333333314	 1259.4166666666665	 0.0	 99908.0	 43180.0	 14.0	 
50010	50000	10	 sysNum: 	15001	 MissingNum: 	0	 3663.770833333332	 123119	 2	 Protocol_Missing: 0	 0.0	 0.0	 2577.954166666666	 1085.8166666666666	 0.0	 85891.0	 37228.0	 13.0	 
50010	50000	10	 sysNum: 	10000	 MissingNum: 	0	 2924.4541666666655	 97579	 2	 Protocol_Missing: 0	 0.0	 0.0	 2075.1499999999987	 849.3041666666667	 0.0	 68460.0	 29119.0	 14.0	 
50010	50000	10	 sysNum: 	4999	 MissingNum: 	0	 1842.9541666666662	 60499	 2	 Protocol_Missing: 0	 0.0	 0.0	 1327.2874999999995	 515.6666666666666	 0.0	 42819.0	 17680.0	 14.0	 
50010	50000	10	 sysNum: 	45009	 MissingNum: 	0	 5678.079166666671	 192181	 2	 Protocol_Missing: 0	 0.0	 0.0	 4058.9791666666647	 1619.0999999999997	 0.0	 136669.0	 55512.0	 13.0	 
50010	50000	10	 sysNum: 	40008	 MissingNum: 	0	 5576.987500000004	 188715	 2	 Protocol_Missing: 0	 0.0	 0.0	 3965.412499999998	 1611.575	 0.0	 133461.0	 55254.0	 13.0	 
50010	50000	10	 sysNum: 	35007	 MissingNum: 	0	 5402.71666666667	 182740	 2	 Protocol_Missing: 0	 0.0	 0.0	 3835.9416666666652	 1566.775	 0.0	 129022.0	 53718.0	 13.0	 
50010	50000	10	 sysNum: 	30006	 MissingNum: 	0	 5106.09166666667	 172186	 2	 Protocol_Missing: 0	 0.0	 0.0	 3612.3208333333323	 1493.7708333333328	 0.0	 120971.0	 51215.0	 15.0	 
50010	50000	10	 sysNum: 	25005	 MissingNum: 	0	 4760.991666666669	 160546	 2	 Protocol_Missing: 0	 0.0	 0.0	 3357.637499999998	 1403.3541666666667	 0.0	 112431.0	 48115.0	 14.0	 
50010	50000	10	 sysNum: 	20004	 MissingNum: 	0	 4270.875	 143934	 2	 Protocol_Missing: 0	 0.0	 0.0	 3006.149999999999	 1264.725	 0.0	 100572.0	 43362.0	 13.0	 
50010	50000	10	 sysNum: 	15001	 MissingNum: 	0	 3692.820833333332	 123923	 2	 Protocol_Missing: 0	 0.0	 0.0	 2598.662499999998	 1094.1583333333333	 0.0	 86409.0	 37514.0	 14.0	 
50010	50000	10	 sysNum: 	10000	 MissingNum: 	0	 2941.195833333332	 97961	 2	 Protocol_Missing: 0	 0.0	 0.0	 2090.083333333332	 851.1124999999998	 0.0	 68780.0	 29181.0	 15.0	 
50010	50000	10	 sysNum: 	4999	 MissingNum: 	0	 1843.6541666666658	 60523	 2	 Protocol_Missing: 0	 0.0	 0.0	 1330.933333333333	 512.7208333333333	 0.0	 42944.0	 17579.0	 14.0	 
50010	50000	10	 sysNum: 	45009	 MissingNum: 	0	 5748.195833333337	 194393	 2	 Protocol_Missing: 0	 0.0	 0.0	 4108.241666666665	 1639.9541666666667	 0.0	 138166.0	 56227.0	 14.0	 
50010	50000	10	 sysNum: 	40008	 MissingNum: 	0	 5568.675000000004	 188238	 2	 Protocol_Missing: 0	 0.0	 0.0	 3961.533333333332	 1607.1416666666664	 0.0	 133136.0	 55102.0	 14.0	 
50010	50000	10	 sysNum: 	35007	 MissingNum: 	0	 5372.441666666673	 181510	 2	 Protocol_Missing: 0	 0.0	 0.0	 3810.216666666665	 1562.225	 0.0	 127948.0	 53562.0	 14.0	 
50010	50000	10	 sysNum: 	30006	 MissingNum: 	0	 5113.529166666671	 172441	 2	 Protocol_Missing: 0	 0.0	 0.0	 3612.0874999999987	 1501.4416666666666	 0.0	 120963.0	 51478.0	 15.0	 
50010	50000	10	 sysNum: 	25005	 MissingNum: 	0	 4765.104166666669	 160687	 2	 Protocol_Missing: 0	 0.0	 0.0	 3358.687499999998	 1406.4166666666663	 0.0	 112467.0	 48220.0	 14.0	 
50010	50000	10	 sysNum: 	20004	 MissingNum: 	0	 4310.220833333334	 145091	 2	 Protocol_Missing: 0	 0.0	 0.0	 3033.3624999999993	 1276.8583333333331	 0.0	 101313.0	 43778.0	 14.0	 
50010	50000	10	 sysNum: 	15001	 MissingNum: 	0	 3699.0333333333324	 124136	 2	 Protocol_Missing: 0	 0.0	 0.0	 2603.0083333333323	 1096.025	 0.0	 86558.0	 37578.0	 14.0	 
50010	50000	10	 sysNum: 	10000	 MissingNum: 	0	 2895.929166666665	 96793	 2	 Protocol_Missing: 0	 0.0	 0.0	 2054.8208333333323	 841.1083333333332	 0.0	 67955.0	 28838.0	 13.0	 
50010	50000	10	 sysNum: 	4999	 MissingNum: 	0	 1848.2916666666656	 60490	 2	 Protocol_Missing: 0	 0.0	 0.0	 1335.1624999999995	 513.1291666666666	 0.0	 42897.0	 17593.0	 15.0	 
50010	50000	10	 sysNum: 	45009	 MissingNum: 	0	 5709.404166666669	 193063	 2	 Protocol_Missing: 0	 0.0	 0.0	 4077.4416666666657	 1631.9624999999999	 0.0	 137110.0	 55953.0	 14.0	 
50010	50000	10	 sysNum: 	40008	 MissingNum: 	0	 5612.279166666671	 189733	 2	 Protocol_Missing: 0	 0.0	 0.0	 3998.2541666666652	 1614.0249999999994	 0.0	 134395.0	 55338.0	 14.0	 
50010	50000	10	 sysNum: 	35007	 MissingNum: 	0	 5342.779166666673	 180493	 2	 Protocol_Missing: 0	 0.0	 0.0	 3791.6083333333313	 1551.1708333333331	 0.0	 127310.0	 53183.0	 14.0	 
50010	50000	10	 sysNum: 	30006	 MissingNum: 	0	 5133.683333333335	 173516	 2	 Protocol_Missing: 0	 0.0	 0.0	 3626.4958333333316	 1507.1875000000002	 0.0	 121841.0	 51675.0	 13.0	 
50010	50000	10	 sysNum: 	25005	 MissingNum: 	0	 4740.925000000003	 159858	 2	 Protocol_Missing: 0	 0.0	 0.0	 3343.141666666665	 1397.7833333333335	 0.0	 111934.0	 47924.0	 14.0	 
50010	50000	10	 sysNum: 	20004	 MissingNum: 	0	 4267.2	 143808	 2	 Protocol_Missing: 0	 0.0	 0.0	 3002.299999999999	 1264.9000000000003	 0.0	 100440.0	 43368.0	 13.0	 
50010	50000	10	 sysNum: 	15001	 MissingNum: 	0	 3699.354166666666	 124147	 2	 Protocol_Missing: 0	 0.0	 0.0	 2603.270833333332	 1096.0833333333335	 0.0	 86567.0	 37580.0	 14.0	 
50010	50000	10	 sysNum: 	10000	 MissingNum: 	0	 2944.462499999999	 98265	 2	 Protocol_Missing: 0	 0.0	 0.0	 2085.9999999999986	 858.4624999999999	 0.0	 68832.0	 29433.0	 14.0	 
50010	50000	10	 sysNum: 	4999	 MissingNum: 	0	 1828.5458333333322	 60005	 2	 Protocol_Missing: 0	 0.0	 0.0	 1318.7124999999992	 509.83333333333326	 0.0	 42525.0	 17480.0	 14.0	 
50010	50000	10	 sysNum: 	45009	 MissingNum: 	0	 5722.937500000004	 193527	 2	 Protocol_Missing: 0	 0.0	 0.0	 4086.599999999998	 1636.3374999999999	 0.0	 137424.0	 56103.0	 14.0	 
50010	50000	10	 sysNum: 	40008	 MissingNum: 	0	 5591.2208333333365	 189203	 2	 Protocol_Missing: 0	 0.0	 0.0	 3974.6291666666652	 1616.5916666666665	 0.0	 133777.0	 55426.0	 13.0	 
50010	50000	10	 sysNum: 	35007	 MissingNum: 	0	 5340.562500000004	 180417	 2	 Protocol_Missing: 0	 0.0	 0.0	 3790.0916666666653	 1550.470833333333	 0.0	 127258.0	 53159.0	 14.0	 
50010	50000	10	 sysNum: 	30006	 MissingNum: 	0	 5062.42916666667	 170881	 2	 Protocol_Missing: 0	 0.0	 0.0	 3582.483333333332	 1479.9458333333328	 0.0	 120140.0	 50741.0	 14.0	 
50010	50000	10	 sysNum: 	25005	 MissingNum: 	0	 4777.3541666666715	 160915	 2	 Protocol_Missing: 0	 0.0	 0.0	 3367.9624999999987	 1409.3916666666667	 0.0	 112593.0	 48322.0	 15.0	 
50010	50000	10	 sysNum: 	20004	 MissingNum: 	0	 4241.6500000000015	 142932	 2	 Protocol_Missing: 0	 0.0	 0.0	 2987.0458333333318	 1254.6041666666665	 0.0	 99917.0	 43015.0	 13.0	 
50010	50000	10	 sysNum: 	15001	 MissingNum: 	0	 3686.0249999999983	 123690	 2	 Protocol_Missing: 0	 0.0	 0.0	 2592.829166666666	 1093.1958333333332	 0.0	 86209.0	 37481.0	 14.0	 
50010	50000	10	 sysNum: 	10000	 MissingNum: 	0	 2944.695833333332	 98081	 2	 Protocol_Missing: 0	 0.0	 0.0	 2089.6749999999993	 855.0208333333333	 0.0	 68766.0	 29315.0	 15.0	 
50010	50000	10	 sysNum: 	4999	 MissingNum: 	0	 1856.5749999999994	 60966	 2	 Protocol_Missing: 0	 0.0	 0.0	 1337.3208333333325	 519.2541666666666	 0.0	 43163.0	 17803.0	 14.0	 
50010	50000	10	 sysNum: 	45009	 MissingNum: 	0	 5678.5750000000035	 192006	 2	 Protocol_Missing: 0	 0.0	 0.0	 4062.187499999998	 1616.3874999999996	 0.0	 136587.0	 55419.0	 14.0	 
50010	50000	10	 sysNum: 	40008	 MissingNum: 	0	 5600.320833333337	 189323	 2	 Protocol_Missing: 0	 0.0	 0.0	 3983.116666666665	 1617.2041666666667	 0.0	 133876.0	 55447.0	 14.0	 
50010	50000	10	 sysNum: 	35007	 MissingNum: 	0	 5363.895833333336	 181217	 2	 Protocol_Missing: 0	 0.0	 0.0	 3803.6249999999986	 1560.2708333333333	 0.0	 127722.0	 53495.0	 14.0	 
50010	50000	10	 sysNum: 	30006	 MissingNum: 	0	 5084.0125000000035	 171813	 2	 Protocol_Missing: 0	 0.0	 0.0	 3594.3541666666656	 1489.6583333333333	 0.0	 120739.0	 51074.0	 13.0	 
50010	50000	10	 sysNum: 	25005	 MissingNum: 	0	 4730.97916666667	 159517	 2	 Protocol_Missing: 0	 0.0	 0.0	 3338.5333333333315	 1392.4458333333334	 0.0	 111776.0	 47741.0	 14.0	 
50010	50000	10	 sysNum: 	20004	 MissingNum: 	0	 4255.650000000004	 143412	 2	 Protocol_Missing: 0	 0.0	 0.0	 2996.087499999998	 1259.5624999999995	 0.0	 100227.0	 43185.0	 13.0	 
50010	50000	10	 sysNum: 	15001	 MissingNum: 	0	 3685.120833333332	 123659	 2	 Protocol_Missing: 0	 0.0	 0.0	 2593.5874999999987	 1091.5333333333333	 0.0	 86235.0	 37424.0	 14.0	 
50010	50000	10	 sysNum: 	10000	 MissingNum: 	0	 2912.495833333332	 96977	 2	 Protocol_Missing: 0	 0.0	 0.0	 2067.5083333333323	 844.9875	 0.0	 68006.0	 28971.0	 15.0	 
50010	50000	10	 sysNum: 	4999	 MissingNum: 	0	 1842.691666666665	 60490	 2	 Protocol_Missing: 0	 0.0	 0.0	 1333.5583333333325	 509.1333333333333	 0.0	 43034.0	 17456.0	 14.0	 
50010	50000	10	 sysNum: 	45009	 MissingNum: 	0	 5680.00416666667	 192055	 2	 Protocol_Missing: 0	 0.0	 0.0	 4062.2749999999987	 1617.7291666666663	 0.0	 136590.0	 55465.0	 14.0	 
50010	50000	10	 sysNum: 	40008	 MissingNum: 	0	 5581.770833333336	 188687	 2	 Protocol_Missing: 0	 0.0	 0.0	 3973.287499999999	 1608.4833333333324	 0.0	 133539.0	 55148.0	 14.0	 
50010	50000	10	 sysNum: 	35007	 MissingNum: 	0	 5400.00416666667	 182455	 2	 Protocol_Missing: 0	 0.0	 0.0	 3824.5083333333305	 1575.4958333333332	 0.0	 128438.0	 54017.0	 14.0	 
50010	50000	10	 sysNum: 	30006	 MissingNum: 	0	 5107.433333333338	 172424	 2	 Protocol_Missing: 0	 0.0	 0.0	 3613.429166666666	 1494.0041666666664	 0.0	 121201.0	 51223.0	 14.0	 
50010	50000	10	 sysNum: 	25005	 MissingNum: 	0	 4741.391666666668	 159874	 2	 Protocol_Missing: 0	 0.0	 0.0	 3345.4166666666656	 1395.9750000000001	 0.0	 112012.0	 47862.0	 14.0	 
50010	50000	10	 sysNum: 	20004	 MissingNum: 	0	 4250.954166666667	 143251	 2	 Protocol_Missing: 0	 0.0	 0.0	 2990.0499999999984	 1260.9041666666665	 0.0	 100020.0	 43231.0	 13.0	 
50010	50000	10	 sysNum: 	15001	 MissingNum: 	0	 3662.4291666666654	 123073	 2	 Protocol_Missing: 0	 0.0	 0.0	 2574.7458333333316	 1087.6833333333334	 0.0	 85781.0	 37292.0	 13.0	 
50010	50000	10	 sysNum: 	10000	 MissingNum: 	0	 2945.8041666666654	 98311	 2	 Protocol_Missing: 0	 0.0	 0.0	 2088.8874999999985	 856.9166666666664	 0.0	 68931.0	 29380.0	 14.0	 
50010	50000	10	 sysNum: 	4999	 MissingNum: 	0	 1849.0791666666655	 60709	 2	 Protocol_Missing: 0	 0.0	 0.0	 1335.6291666666662	 513.4499999999999	 0.0	 43105.0	 17604.0	 14.0	 
50010	50000	10	 sysNum: 	45009	 MissingNum: 	0	 5728.712500000005	 193725	 2	 Protocol_Missing: 0	 0.0	 0.0	 4091.966666666664	 1636.7458333333332	 0.0	 137608.0	 56117.0	 14.0	 
50010	50000	10	 sysNum: 	40008	 MissingNum: 	0	 5546.100000000002	 187464	 2	 Protocol_Missing: 0	 0.0	 0.0	 3952.054166666665	 1594.045833333333	 0.0	 132811.0	 54653.0	 14.0	 
50010	50000	10	 sysNum: 	35007	 MissingNum: 	0	 5413.3041666666695	 182911	 2	 Protocol_Missing: 0	 0.0	 0.0	 3834.0458333333318	 1579.2583333333332	 0.0	 128765.0	 54146.0	 14.0	 
50010	50000	10	 sysNum: 	30006	 MissingNum: 	0	 5098.595833333336	 172121	 2	 Protocol_Missing: 0	 0.0	 0.0	 3604.9416666666657	 1493.6541666666662	 0.0	 120910.0	 51211.0	 14.0	 
50010	50000	10	 sysNum: 	25005	 MissingNum: 	0	 4691.895833333334	 158369	 2	 Protocol_Missing: 0	 0.0	 0.0	 3308.666666666665	 1383.2291666666667	 0.0	 110944.0	 47425.0	 13.0	 
50010	50000	10	 sysNum: 	20004	 MissingNum: 	0	 4242.554166666666	 142771	 2	 Protocol_Missing: 0	 0.0	 0.0	 2986.7833333333315	 1255.7708333333337	 0.0	 99716.0	 43055.0	 14.0	 
50010	50000	10	 sysNum: 	15001	 MissingNum: 	0	 3686.083333333332	 123884	 2	 Protocol_Missing: 0	 0.0	 0.0	 2591.5166666666655	 1094.5666666666668	 0.0	 86356.0	 37528.0	 13.0	 
50010	50000	10	 sysNum: 	10000	 MissingNum: 	0	 2950.091666666665	 98266	 2	 Protocol_Missing: 0	 0.0	 0.0	 2094.283333333332	 855.8083333333334	 0.0	 68924.0	 29342.0	 15.0	 
50010	50000	10	 sysNum: 	4999	 MissingNum: 	0	 1859.3458333333326	 61061	 2	 Protocol_Missing: 0	 0.0	 0.0	 1340.9083333333328	 518.4375	 0.0	 43286.0	 17775.0	 14.0	 
50010	50000	10	 sysNum: 	45009	 MissingNum: 	0	 5709.695833333336	 193265	 2	 Protocol_Missing: 0	 0.0	 0.0	 4078.1416666666655	 1631.5541666666668	 0.0	 137326.0	 55939.0	 13.0	 
50010	50000	10	 sysNum: 	40008	 MissingNum: 	0	 5578.854166666668	 188779	 2	 Protocol_Missing: 0	 0.0	 0.0	 3968.358333333332	 1610.4958333333332	 0.0	 133562.0	 55217.0	 13.0	 
50010	50000	10	 sysNum: 	35007	 MissingNum: 	0	 5393.004166666673	 182023	 2	 Protocol_Missing: 0	 0.0	 0.0	 3825.6749999999984	 1567.3291666666667	 0.0	 128286.0	 53737.0	 15.0	 
50010	50000	10	 sysNum: 	30006	 MissingNum: 	0	 5046.15416666667	 170515	 2	 Protocol_Missing: 0	 0.0	 0.0	 3565.508333333332	 1480.645833333333	 0.0	 119750.0	 50765.0	 13.0	 
50010	50000	10	 sysNum: 	25005	 MissingNum: 	0	 4776.420833333338	 160883	 2	 Protocol_Missing: 0	 0.0	 0.0	 3371.1124999999984	 1405.3083333333334	 0.0	 112701.0	 48182.0	 15.0	 
50010	50000	10	 sysNum: 	20004	 MissingNum: 	0	 4266.645833333335	 143597	 2	 Protocol_Missing: 0	 0.0	 0.0	 3001.6583333333315	 1264.9874999999995	 0.0	 100226.0	 43371.0	 14.0	 
50010	50000	10	 sysNum: 	15001	 MissingNum: 	0	 3721.4041666666644	 124903	 2	 Protocol_Missing: 0	 0.0	 0.0	 2616.6874999999986	 1104.7166666666665	 0.0	 87027.0	 37876.0	 14.0	 
50010	50000	10	 sysNum: 	10000	 MissingNum: 	0	 2926.9333333333316	 97472	 2	 Protocol_Missing: 0	 0.0	 0.0	 2077.979166666665	 848.9541666666664	 0.0	 68365.0	 29107.0	 15.0	 
50010	50000	10	 sysNum: 	4999	 MissingNum: 	0	 1847.387499999999	 60459	 2	 Protocol_Missing: 0	 0.0	 0.0	 1335.0749999999994	 512.3124999999999	 0.0	 42894.0	 17565.0	 15.0	 
50010	50000	10	 sysNum: 	45009	 MissingNum: 	0	 5709.870833333337	 192887	 2	 Protocol_Missing: 0	 0.0	 0.0	 4085.5791666666646	 1624.2916666666663	 0.0	 137197.0	 55690.0	 15.0	 
50010	50000	10	 sysNum: 	40008	 MissingNum: 	0	 5569.92916666667	 188473	 2	 Protocol_Missing: 0	 0.0	 0.0	 3964.245833333331	 1605.6833333333334	 0.0	 133421.0	 55052.0	 13.0	 
50010	50000	10	 sysNum: 	35007	 MissingNum: 	0	 5381.512500000004	 181821	 2	 Protocol_Missing: 0	 0.0	 0.0	 3817.770833333331	 1563.7416666666666	 0.0	 128207.0	 53614.0	 14.0	 
50010	50000	10	 sysNum: 	30006	 MissingNum: 	0	 5105.420833333336	 172355	 2	 Protocol_Missing: 0	 0.0	 0.0	 3606.9833333333318	 1498.4374999999993	 0.0	 120980.0	 51375.0	 14.0	 
50010	50000	10	 sysNum: 	25005	 MissingNum: 	0	 4744.97916666667	 159997	 2	 Protocol_Missing: 0	 0.0	 0.0	 3349.091666666665	 1395.8875	 0.0	 112138.0	 47859.0	 14.0	 
50010	50000	10	 sysNum: 	20004	 MissingNum: 	0	 4281.841666666666	 144310	 2	 Protocol_Missing: 0	 0.0	 0.0	 3010.612499999999	 1271.2291666666665	 0.0	 100725.0	 43585.0	 13.0	 
50010	50000	10	 sysNum: 	15001	 MissingNum: 	0	 3681.824999999998	 123354	 2	 Protocol_Missing: 0	 0.0	 0.0	 2594.7541666666657	 1087.0708333333337	 0.0	 86083.0	 37271.0	 15.0	 
50010	50000	10	 sysNum: 	10000	 MissingNum: 	0	 2894.5583333333316	 96554	 2	 Protocol_Missing: 0	 0.0	 0.0	 2055.287499999999	 839.2708333333334	 0.0	 67779.0	 28775.0	 14.0	 
50010	50000	10	 sysNum: 	4999	 MissingNum: 	0	 1871.1583333333322	 61082	 2	 Protocol_Missing: 0	 0.0	 0.0	 1355.3458333333326	 515.8125	 0.0	 43397.0	 17685.0	 16.0	 
50010	50000	10	 sysNum: 	45009	 MissingNum: 	0	 5713.866666666669	 193024	 2	 Protocol_Missing: 0	 0.0	 0.0	 4089.1666666666647	 1624.6999999999998	 0.0	 137320.0	 55704.0	 15.0	 
50010	50000	10	 sysNum: 	40008	 MissingNum: 	0	 5590.258333333338	 189170	 2	 Protocol_Missing: 0	 0.0	 0.0	 3974.337499999999	 1615.9208333333331	 0.0	 133767.0	 55403.0	 13.0	 
50010	50000	10	 sysNum: 	35007	 MissingNum: 	0	 5402.62916666667	 182353	 2	 Protocol_Missing: 0	 0.0	 0.0	 3832.9374999999977	 1569.6916666666664	 0.0	 128535.0	 53818.0	 15.0	 
50010	50000	10	 sysNum: 	30006	 MissingNum: 	0	 5103.64166666667	 172102	 2	 Protocol_Missing: 0	 0.0	 0.0	 3606.6041666666656	 1497.0375	 0.0	 120775.0	 51327.0	 15.0	 
50010	50000	10	 sysNum: 	25005	 MissingNum: 	0	 4701.258333333334	 158498	 2	 Protocol_Missing: 0	 0.0	 0.0	 3317.4458333333314	 1383.8125	 0.0	 111053.0	 47445.0	 14.0	 
50010	50000	10	 sysNum: 	20004	 MissingNum: 	0	 4253.783333333334	 143156	 2	 Protocol_Missing: 0	 0.0	 0.0	 2999.1791666666645	 1254.6041666666663	 0.0	 100141.0	 43015.0	 14.0	 
50010	50000	10	 sysNum: 	15001	 MissingNum: 	0	 3644.695833333332	 122465	 2	 Protocol_Missing: 0	 0.0	 0.0	 2563.7499999999995	 1080.9458333333334	 0.0	 85404.0	 37061.0	 13.0	 
50010	50000	10	 sysNum: 	10000	 MissingNum: 	0	 2916.2291666666665	 97489	 2	 Protocol_Missing: 0	 0.0	 0.0	 2067.0999999999985	 849.1291666666666	 0.0	 68376.0	 29113.0	 13.0	 
50010	50000	10	 sysNum: 	4999	 MissingNum: 	0	 1839.1624999999992	 60561	 2	 Protocol_Missing: 0	 0.0	 0.0	 1324.808333333333	 514.3541666666666	 0.0	 42926.0	 17635.0	 13.0	 
50010	50000	10	 sysNum: 	45009	 MissingNum: 	0	 5709.14166666667	 193054	 2	 Protocol_Missing: 0	 0.0	 0.0	 4078.7249999999985	 1630.4166666666667	 0.0	 137154.0	 55900.0	 14.0	 
50010	50000	10	 sysNum: 	40008	 MissingNum: 	0	 5578.445833333336	 188765	 2	 Protocol_Missing: 0	 0.0	 0.0	 3966.287499999999	 1612.1583333333333	 0.0	 133491.0	 55274.0	 13.0	 
50010	50000	10	 sysNum: 	35007	 MissingNum: 	0	 5406.829166666671	 182689	 2	 Protocol_Missing: 0	 0.0	 0.0	 3833.0249999999983	 1573.8041666666668	 0.0	 128730.0	 53959.0	 14.0	 
50010	50000	10	 sysNum: 	30006	 MissingNum: 	0	 5101.45416666667	 172219	 2	 Protocol_Missing: 0	 0.0	 0.0	 3605.787499999998	 1495.6666666666665	 0.0	 120939.0	 51280.0	 14.0	 
50010	50000	10	 sysNum: 	25005	 MissingNum: 	0	 4733.07916666667	 159589	 2	 Protocol_Missing: 0	 0.0	 0.0	 3340.1083333333318	 1392.9708333333333	 0.0	 111830.0	 47759.0	 14.0	 
50010	50000	10	 sysNum: 	20004	 MissingNum: 	0	 4300.712500000002	 144765	 2	 Protocol_Missing: 0	 0.0	 0.0	 3025.1666666666656	 1275.5458333333338	 0.0	 101032.0	 43733.0	 14.0	 
50010	50000	10	 sysNum: 	15001	 MissingNum: 	0	 3652.5999999999995	 122736	 2	 Protocol_Missing: 0	 0.0	 0.0	 2570.2541666666657	 1082.3458333333333	 0.0	 85627.0	 37109.0	 13.0	 
50010	50000	10	 sysNum: 	10000	 MissingNum: 	0	 2917.2791666666653	 97333	 2	 Protocol_Missing: 0	 0.0	 0.0	 2071.8541666666656	 845.425	 0.0	 68347.0	 28986.0	 14.0	 
50010	50000	10	 sysNum: 	4999	 MissingNum: 	0	 1853.1624999999992	 60849	 2	 Protocol_Missing: 0	 0.0	 0.0	 1335.9791666666663	 517.1833333333333	 0.0	 43117.0	 17732.0	 14.0	 
50010	50000	10	 sysNum: 	45009	 MissingNum: 	0	 5687.704166666669	 192511	 2	 Protocol_Missing: 0	 0.0	 0.0	 4068.808333333332	 1618.8958333333335	 0.0	 137006.0	 55505.0	 13.0	 
50010	50000	10	 sysNum: 	40008	 MissingNum: 	0	 5624.470833333336	 190151	 2	 Protocol_Missing: 0	 0.0	 0.0	 3997.583333333331	 1626.8875000000003	 0.0	 134372.0	 55779.0	 14.0	 
50010	50000	10	 sysNum: 	35007	 MissingNum: 	0	 5368.737500000004	 181575	 2	 Protocol_Missing: 0	 0.0	 0.0	 3806.0458333333313	 1562.691666666667	 0.0	 127997.0	 53578.0	 13.0	 
50010	50000	10	 sysNum: 	30006	 MissingNum: 	0	 5088.416666666668	 171964	 2	 Protocol_Missing: 0	 0.0	 0.0	 3598.0874999999987	 1490.3291666666667	 0.0	 120867.0	 51097.0	 13.0	 
50010	50000	10	 sysNum: 	25005	 MissingNum: 	0	 4743.316666666668	 159940	 2	 Protocol_Missing: 0	 0.0	 0.0	 3348.3041666666654	 1395.0125000000003	 0.0	 112111.0	 47829.0	 14.0	 
50010	50000	10	 sysNum: 	20004	 MissingNum: 	0	 4273.412500000002	 143829	 2	 Protocol_Missing: 0	 0.0	 0.0	 3008.8041666666645	 1264.6083333333331	 0.0	 100471.0	 43358.0	 14.0	 
50010	50000	10	 sysNum: 	15001	 MissingNum: 	0	 3713.529166666665	 124633	 2	 Protocol_Missing: 0	 0.0	 0.0	 2609.2791666666653	 1104.25	 0.0	 86773.0	 37860.0	 14.0	 
50010	50000	10	 sysNum: 	10000	 MissingNum: 	0	 2947.670833333333	 98375	 2	 Protocol_Missing: 0	 0.0	 0.0	 2089.762499999999	 857.9083333333334	 0.0	 68961.0	 29414.0	 14.0	 
50010	50000	10	 sysNum: 	4999	 MissingNum: 	0	 1838.9291666666659	 60361	 2	 Protocol_Missing: 0	 0.0	 0.0	 1326.2958333333324	 512.6333333333332	 0.0	 42785.0	 17576.0	 14.0	 
50010	50000	10	 sysNum: 	45009	 MissingNum: 	0	 5721.770833333337	 193679	 2	 Protocol_Missing: 0	 0.0	 0.0	 4086.8624999999975	 1634.9083333333333	 0.0	 137625.0	 56054.0	 13.0	 
50010	50000	10	 sysNum: 	40008	 MissingNum: 	0	 5635.46666666667	 190336	 2	 Protocol_Missing: 0	 0.0	 0.0	 4006.5958333333324	 1628.8708333333332	 0.0	 134489.0	 55847.0	 15.0	 
50010	50000	10	 sysNum: 	35007	 MissingNum: 	0	 5358.470833333337	 181031	 2	 Protocol_Missing: 0	 0.0	 0.0	 3798.1416666666637	 1560.3291666666664	 0.0	 127534.0	 53497.0	 14.0	 
50010	50000	10	 sysNum: 	30006	 MissingNum: 	0	 5079.0541666666695	 171451	 2	 Protocol_Missing: 0	 0.0	 0.0	 3591.087499999999	 1487.9666666666665	 0.0	 120435.0	 51016.0	 14.0	 
50010	50000	10	 sysNum: 	25005	 MissingNum: 	0	 4728.1791666666695	 159421	 2	 Protocol_Missing: 0	 0.0	 0.0	 3333.3708333333316	 1394.8083333333336	 0.0	 111599.0	 47822.0	 14.0	 
50010	50000	10	 sysNum: 	20004	 MissingNum: 	0	 4268.454166666668	 143851	 2	 Protocol_Missing: 0	 0.0	 0.0	 3003.7874999999985	 1264.6666666666663	 0.0	 100491.0	 43360.0	 13.0	 
50010	50000	10	 sysNum: 	15001	 MissingNum: 	0	 3688.6208333333325	 123587	 2	 Protocol_Missing: 0	 0.0	 0.0	 2595.9499999999994	 1092.6708333333331	 0.0	 86124.0	 37463.0	 15.0	 
50010	50000	10	 sysNum: 	10000	 MissingNum: 	0	 2924.920833333332	 97787	 2	 Protocol_Missing: 0	 0.0	 0.0	 2069.754166666666	 855.1666666666666	 0.0	 68467.0	 29320.0	 13.0	 
50010	50000	10	 sysNum: 	4999	 MissingNum: 	0	 1833.591666666665	 60178	 2	 Protocol_Missing: 0	 0.0	 0.0	 1324.312499999999	 509.27916666666664	 0.0	 42717.0	 17461.0	 14.0	 
50010	50000	10	 sysNum: 	45009	 MissingNum: 	0	 5719.350000000005	 193596	 2	 Protocol_Missing: 0	 0.0	 0.0	 4087.0958333333315	 1632.2541666666668	 0.0	 137633.0	 55963.0	 13.0	 
50010	50000	10	 sysNum: 	40008	 MissingNum: 	0	 5560.508333333338	 187958	 2	 Protocol_Missing: 0	 0.0	 0.0	 3958.820833333331	 1601.6875	 0.0	 133043.0	 54915.0	 14.0	 
50010	50000	10	 sysNum: 	35007	 MissingNum: 	0	 5395.075000000003	 182478	 2	 Protocol_Missing: 0	 0.0	 0.0	 3823.808333333332	 1571.2666666666667	 0.0	 128606.0	 53872.0	 13.0	 
50010	50000	10	 sysNum: 	30006	 MissingNum: 	0	 5094.833333333337	 171992	 2	 Protocol_Missing: 0	 0.0	 0.0	 3601.3249999999985	 1493.5083333333332	 0.0	 120786.0	 51206.0	 14.0	 
50010	50000	10	 sysNum: 	25005	 MissingNum: 	0	 4752.650000000003	 160260	 2	 Protocol_Missing: 0	 0.0	 0.0	 3349.4416666666643	 1403.208333333333	 0.0	 112150.0	 48110.0	 14.0	 
50010	50000	10	 sysNum: 	20004	 MissingNum: 	0	 4291.7875	 144651	 2	 Protocol_Missing: 0	 0.0	 0.0	 3017.408333333332	 1274.3791666666666	 0.0	 100958.0	 43693.0	 13.0	 
50010	50000	10	 sysNum: 	15001	 MissingNum: 	0	 3696.729166666665	 123865	 2	 Protocol_Missing: 0	 0.0	 0.0	 2605.341666666666	 1091.3874999999998	 0.0	 86446.0	 37419.0	 15.0	 
50010	50000	10	 sysNum: 	10000	 MissingNum: 	0	 2908.8791666666657	 97045	 2	 Protocol_Missing: 0	 0.0	 0.0	 2064.912499999999	 843.9666666666667	 0.0	 68109.0	 28936.0	 14.0	 
50010	50000	10	 sysNum: 	4999	 MissingNum: 	0	 1859.3458333333328	 61061	 2	 Protocol_Missing: 0	 0.0	 0.0	 1342.1041666666663	 517.2416666666667	 0.0	 43327.0	 17734.0	 14.0	 
50010	50000	10	 sysNum: 	45009	 MissingNum: 	0	 5739.300000000004	 194088	 2	 Protocol_Missing: 0	 0.0	 0.0	 4105.733333333333	 1633.5666666666664	 0.0	 138080.0	 56008.0	 14.0	 
50010	50000	10	 sysNum: 	40008	 MissingNum: 	0	 5552.925000000002	 187890	 2	 Protocol_Missing: 0	 0.0	 0.0	 3949.9833333333313	 1602.9416666666668	 0.0	 132932.0	 54958.0	 13.0	 
50010	50000	10	 sysNum: 	35007	 MissingNum: 	0	 5381.279166666669	 181813	 2	 Protocol_Missing: 0	 0.0	 0.0	 3819.0249999999983	 1562.2541666666664	 0.0	 128250.0	 53563.0	 14.0	 
50010	50000	10	 sysNum: 	30006	 MissingNum: 	0	 5099.966666666669	 171976	 2	 Protocol_Missing: 0	 0.0	 0.0	 3605.933333333332	 1494.0333333333338	 0.0	 120752.0	 51224.0	 15.0	 
50010	50000	10	 sysNum: 	25005	 MissingNum: 	0	 4688.541666666669	 158254	 2	 Protocol_Missing: 0	 0.0	 0.0	 3306.4208333333313	 1382.1208333333336	 0.0	 110867.0	 47387.0	 13.0	 
50010	50000	10	 sysNum: 	20004	 MissingNum: 	0	 4298.787500000003	 144699	 2	 Protocol_Missing: 0	 0.0	 0.0	 3023.3874999999985	 1275.4	 0.0	 100971.0	 43728.0	 14.0	 
50010	50000	10	 sysNum: 	15001	 MissingNum: 	0	 3692.6749999999993	 123726	 2	 Protocol_Missing: 0	 0.0	 0.0	 2604.2916666666656	 1088.3833333333334	 0.0	 86410.0	 37316.0	 15.0	 
50010	50000	10	 sysNum: 	10000	 MissingNum: 	0	 2947.0583333333325	 98354	 2	 Protocol_Missing: 0	 0.0	 0.0	 2091.104166666666	 855.9541666666667	 0.0	 69007.0	 29347.0	 14.0	 
50010	50000	10	 sysNum: 	4999	 MissingNum: 	0	 1843.0124999999987	 60501	 2	 Protocol_Missing: 0	 0.0	 0.0	 1330.2333333333327	 512.7791666666666	 0.0	 42920.0	 17581.0	 14.0	 
50010	50000	10	 sysNum: 	45009	 MissingNum: 	0	 5737.083333333336	 194012	 2	 Protocol_Missing: 0	 0.0	 0.0	 4097.158333333333	 1639.9249999999997	 0.0	 137786.0	 56226.0	 14.0	 
50010	50000	10	 sysNum: 	40008	 MissingNum: 	0	 5607.46666666667	 189376	 2	 Protocol_Missing: 0	 0.0	 0.0	 3989.7958333333318	 1617.670833333333	 0.0	 133913.0	 55463.0	 15.0	 
50010	50000	10	 sysNum: 	35007	 MissingNum: 	0	 5394.462500000005	 182265	 2	 Protocol_Missing: 0	 0.0	 0.0	 3822.699999999997	 1571.7625	 0.0	 128376.0	 53889.0	 14.0	 
50010	50000	10	 sysNum: 	30006	 MissingNum: 	0	 5111.808333333336	 172382	 2	 Protocol_Missing: 0	 0.0	 0.0	 3615.849999999998	 1495.9583333333335	 0.0	 121092.0	 51290.0	 15.0	 
50010	50000	10	 sysNum: 	25005	 MissingNum: 	0	 4708.754166666668	 158755	 2	 Protocol_Missing: 0	 0.0	 0.0	 3319.924999999998	 1388.8291666666664	 0.0	 111138.0	 47617.0	 14.0	 
50010	50000	10	 sysNum: 	20004	 MissingNum: 	0	 4255.708333333335	 143222	 2	 Protocol_Missing: 0	 0.0	 0.0	 2995.9708333333306	 1259.7375000000004	 0.0	 100031.0	 43191.0	 14.0	 
50010	50000	10	 sysNum: 	15001	 MissingNum: 	0	 3676.049999999999	 123540	 2	 Protocol_Missing: 0	 0.0	 0.0	 2585.595833333332	 1090.4541666666664	 0.0	 86153.0	 37387.0	 13.0	 
50010	50000	10	 sysNum: 	10000	 MissingNum: 	0	 2918.912499999999	 97389	 2	 Protocol_Missing: 0	 0.0	 0.0	 2071.416666666665	 847.4958333333332	 0.0	 68332.0	 29057.0	 14.0	 
50010	50000	10	 sysNum: 	4999	 MissingNum: 	0	 1851.120833333332	 60587	 2	 Protocol_Missing: 0	 0.0	 0.0	 1335.8333333333326	 515.2874999999999	 0.0	 42920.0	 17667.0	 15.0	 
50010	50000	10	 sysNum: 	45009	 MissingNum: 	0	 5704.066666666669	 192880	 2	 Protocol_Missing: 0	 0.0	 0.0	 4077.674999999999	 1626.3916666666662	 0.0	 137118.0	 55762.0	 14.0	 
50010	50000	10	 sysNum: 	40008	 MissingNum: 	0	 5596.266666666669	 189184	 2	 Protocol_Missing: 0	 0.0	 0.0	 3980.899999999998	 1615.3666666666666	 0.0	 133800.0	 55384.0	 14.0	 
50010	50000	10	 sysNum: 	35007	 MissingNum: 	0	 5369.875000000005	 181230	 2	 Protocol_Missing: 0	 0.0	 0.0	 3807.2124999999983	 1562.6624999999995	 0.0	 127653.0	 53577.0	 15.0	 
50010	50000	10	 sysNum: 	30006	 MissingNum: 	0	 5099.295833333337	 172145	 2	 Protocol_Missing: 0	 0.0	 0.0	 3599.487499999999	 1499.8083333333332	 0.0	 120723.0	 51422.0	 14.0	 
50010	50000	10	 sysNum: 	25005	 MissingNum: 	0	 4744.395833333337	 159977	 2	 Protocol_Missing: 0	 0.0	 0.0	 3348.595833333332	 1395.8	 0.0	 112121.0	 47856.0	 14.0	 
50010	50000	10	 sysNum: 	20004	 MissingNum: 	0	 4286.333333333335	 144272	 2	 Protocol_Missing: 0	 0.0	 0.0	 3017.5249999999987	 1268.8083333333334	 0.0	 100770.0	 43502.0	 14.0	 
50010	50000	10	 sysNum: 	15001	 MissingNum: 	0	 3695.445833333332	 124013	 2	 Protocol_Missing: 0	 0.0	 0.0	 2599.799999999999	 1095.6458333333335	 0.0	 86448.0	 37565.0	 14.0	 
50010	50000	10	 sysNum: 	10000	 MissingNum: 	0	 2915.733333333333	 97472	 2	 Protocol_Missing: 0	 0.0	 0.0	 2066.837499999999	 848.8958333333331	 0.0	 68367.0	 29105.0	 13.0	 
50010	50000	10	 sysNum: 	4999	 MissingNum: 	0	 1832.104166666666	 60127	 2	 Protocol_Missing: 0	 0.0	 0.0	 1322.9708333333328	 509.1333333333332	 0.0	 42671.0	 17456.0	 14.0	 
50010	50000	10	 sysNum: 	45009	 MissingNum: 	0	 5696.745833333337	 192629	 2	 Protocol_Missing: 0	 0.0	 0.0	 4073.4458333333314	 1623.3	 0.0	 136973.0	 55656.0	 14.0	 
50010	50000	10	 sysNum: 	40008	 MissingNum: 	0	 5592.766666666672	 189064	 2	 Protocol_Missing: 0	 0.0	 0.0	 3975.5041666666652	 1617.2624999999998	 0.0	 133615.0	 55449.0	 14.0	 
50010	50000	10	 sysNum: 	35007	 MissingNum: 	0	 5407.295833333335	 182897	 2	 Protocol_Missing: 0	 0.0	 0.0	 3828.095833333332	 1579.1999999999998	 0.0	 128753.0	 54144.0	 13.0	 
50010	50000	10	 sysNum: 	30006	 MissingNum: 	0	 5083.225000000003	 171594	 2	 Protocol_Missing: 0	 0.0	 0.0	 3594.2666666666655	 1488.958333333333	 0.0	 120544.0	 51050.0	 14.0	 
50010	50000	10	 sysNum: 	25005	 MissingNum: 	0	 4729.579166666673	 159469	 2	 Protocol_Missing: 0	 0.0	 0.0	 3333.312499999998	 1396.2666666666662	 0.0	 111597.0	 47872.0	 14.0	 
50010	50000	10	 sysNum: 	20004	 MissingNum: 	0	 4286.537500000004	 144279	 2	 Protocol_Missing: 0	 0.0	 0.0	 3017.2916666666647	 1269.2458333333334	 0.0	 100762.0	 43517.0	 14.0	 
50010	50000	10	 sysNum: 	15001	 MissingNum: 	0	 3688.6791666666663	 123973	 2	 Protocol_Missing: 0	 0.0	 0.0	 2593.4999999999995	 1095.1791666666663	 0.0	 86424.0	 37549.0	 13.0	 
50010	50000	10	 sysNum: 	10000	 MissingNum: 	0	 2891.4666666666644	 96448	 2	 Protocol_Missing: 0	 0.0	 0.0	 2049.774999999999	 841.691666666667	 0.0	 67590.0	 28858.0	 14.0	 
50010	50000	10	 sysNum: 	4999	 MissingNum: 	0	 1863.6041666666658	 61015	 2	 Protocol_Missing: 0	 0.0	 0.0	 1345.9833333333327	 517.6208333333333	 0.0	 43268.0	 17747.0	 15.0	 
50010	50000	10	 sysNum: 	45009	 MissingNum: 	0	 5702.870833333336	 193031	 2	 Protocol_Missing: 0	 0.0	 0.0	 4076.508333333332	 1626.3625000000002	 0.0	 137270.0	 55761.0	 13.0	 
50010	50000	10	 sysNum: 	40008	 MissingNum: 	0	 5595.508333333336	 189158	 2	 Protocol_Missing: 0	 0.0	 0.0	 3983.174999999999	 1612.333333333333	 0.0	 133878.0	 55280.0	 14.0	 
50010	50000	10	 sysNum: 	35007	 MissingNum: 	0	 5349.8375000000015	 180735	 2	 Protocol_Missing: 0	 0.0	 0.0	 3791.4624999999987	 1558.375	 0.0	 127305.0	 53430.0	 14.0	 
50010	50000	10	 sysNum: 	30006	 MissingNum: 	0	 5093.112500000003	 171933	 2	 Protocol_Missing: 0	 0.0	 0.0	 3603.891666666665	 1489.220833333333	 0.0	 120874.0	 51059.0	 14.0	 
50010	50000	10	 sysNum: 	25005	 MissingNum: 	0	 4772.395833333335	 160937	 2	 Protocol_Missing: 0	 0.0	 0.0	 3365.9791666666647	 1406.4166666666663	 0.0	 112717.0	 48220.0	 14.0	 
50010	50000	10	 sysNum: 	20004	 MissingNum: 	0	 4251.508333333336	 143078	 2	 Protocol_Missing: 0	 0.0	 0.0	 2995.9416666666652	 1255.5666666666664	 0.0	 100030.0	 43048.0	 14.0	 
50010	50000	10	 sysNum: 	15001	 MissingNum: 	0	 3687.920833333332	 123755	 2	 Protocol_Missing: 0	 0.0	 0.0	 2596.9124999999985	 1091.0083333333334	 0.0	 86349.0	 37406.0	 14.0	 
50010	50000	10	 sysNum: 	10000	 MissingNum: 	0	 2890.358333333332	 96410	 2	 Protocol_Missing: 0	 0.0	 0.0	 2052.1958333333328	 838.1624999999997	 0.0	 67673.0	 28737.0	 14.0	 
50010	50000	10	 sysNum: 	4999	 MissingNum: 	0	 1841.4083333333324	 60254	 2	 Protocol_Missing: 0	 0.0	 0.0	 1329.0374999999995	 512.3708333333333	 0.0	 42687.0	 17567.0	 15.0	 
50010	50000	10	 sysNum: 	45009	 MissingNum: 	0	 5738.279166666671	 194245	 2	 Protocol_Missing: 0	 0.0	 0.0	 4097.333333333332	 1640.9458333333332	 0.0	 137984.0	 56261.0	 13.0	 
50010	50000	10	 sysNum: 	40008	 MissingNum: 	0	 5614.7000000000035	 189816	 2	 Protocol_Missing: 0	 0.0	 0.0	 3996.2416666666654	 1618.4583333333335	 0.0	 134326.0	 55490.0	 14.0	 
50010	50000	10	 sysNum: 	35007	 MissingNum: 	0	 5371.537500000002	 181479	 2	 Protocol_Missing: 0	 0.0	 0.0	 3806.5708333333323	 1564.966666666667	 0.0	 127823.0	 53656.0	 14.0	 
50010	50000	10	 sysNum: 	30006	 MissingNum: 	0	 5065.49166666667	 170794	 2	 Protocol_Missing: 0	 0.0	 0.0	 3580.2958333333313	 1485.195833333333	 0.0	 119873.0	 50921.0	 15.0	 
50010	50000	10	 sysNum: 	25005	 MissingNum: 	0	 4722.229166666669	 159217	 2	 Protocol_Missing: 0	 0.0	 0.0	 3330.7749999999983	 1391.4541666666667	 0.0	 111510.0	 47707.0	 14.0	 
50010	50000	10	 sysNum: 	20004	 MissingNum: 	0	 4247.220833333336	 143123	 2	 Protocol_Missing: 0	 0.0	 0.0	 2987.5416666666656	 1259.6791666666668	 0.0	 99934.0	 43189.0	 13.0	 
50010	50000	10	 sysNum: 	15001	 MissingNum: 	0	 3700.229166666665	 124177	 2	 Protocol_Missing: 0	 0.0	 0.0	 2601.316666666665	 1098.9125000000001	 0.0	 86500.0	 37677.0	 14.0	 
50010	50000	10	 sysNum: 	10000	 MissingNum: 	0	 2915.7041666666655	 97279	 2	 Protocol_Missing: 0	 0.0	 0.0	 2071.4166666666656	 844.2874999999999	 0.0	 68332.0	 28947.0	 14.0	 
50010	50000	10	 sysNum: 	4999	 MissingNum: 	0	 1840.4458333333316	 60221	 2	 Protocol_Missing: 0	 0.0	 0.0	 1331.7499999999986	 508.69583333333327	 0.0	 42780.0	 17441.0	 15.0	 
50010	50000	10	 sysNum: 	45009	 MissingNum: 	0	 5706.545833333338	 193157	 2	 Protocol_Missing: 0	 0.0	 0.0	 4079.162499999998	 1627.3833333333334	 0.0	 137361.0	 55796.0	 13.0	 
50010	50000	10	 sysNum: 	40008	 MissingNum: 	0	 5590.9000000000015	 189000	 2	 Protocol_Missing: 0	 0.0	 0.0	 3978.8291666666655	 1612.0708333333332	 0.0	 133729.0	 55271.0	 14.0	 
50010	50000	10	 sysNum: 	35007	 MissingNum: 	0	 5390.145833333335	 182117	 2	 Protocol_Missing: 0	 0.0	 0.0	 3820.8041666666654	 1569.3416666666667	 0.0	 128311.0	 53806.0	 14.0	 
50010	50000	10	 sysNum: 	30006	 MissingNum: 	0	 5056.654166666669	 170875	 2	 Protocol_Missing: 0	 0.0	 0.0	 3575.0166666666655	 1481.6374999999998	 0.0	 120076.0	 50799.0	 13.0	 
50010	50000	10	 sysNum: 	25005	 MissingNum: 	0	 4723.220833333335	 159251	 2	 Protocol_Missing: 0	 0.0	 0.0	 3331.766666666664	 1391.4541666666667	 0.0	 111544.0	 47707.0	 14.0	 
50010	50000	10	 sysNum: 	20004	 MissingNum: 	0	 4274.870833333334	 144071	 2	 Protocol_Missing: 0	 0.0	 0.0	 3009.2124999999987	 1265.658333333333	 0.0	 100677.0	 43394.0	 13.0	 
50010	50000	10	 sysNum: 	15001	 MissingNum: 	0	 3688.824999999998	 123978	 2	 Protocol_Missing: 0	 0.0	 0.0	 2592.537499999998	 1096.2875	 0.0	 86391.0	 37587.0	 13.0	 
50010	50000	10	 sysNum: 	10000	 MissingNum: 	0	 2898.758333333332	 96890	 2	 Protocol_Missing: 0	 0.0	 0.0	 2054.9083333333324	 843.85	 0.0	 67958.0	 28932.0	 13.0	 
50010	50000	10	 sysNum: 	4999	 MissingNum: 	0	 1826.9124999999992	 59949	 2	 Protocol_Missing: 0	 0.0	 0.0	 1320.229166666666	 506.6833333333332	 0.0	 42577.0	 17372.0	 14.0	 
50010	50000	10	 sysNum: 	45009	 MissingNum: 	0	 5714.800000000005	 193440	 2	 Protocol_Missing: 0	 0.0	 0.0	 4086.4833333333318	 1628.3166666666662	 0.0	 137612.0	 55828.0	 13.0	 
50010	50000	10	 sysNum: 	40008	 MissingNum: 	0	 5583.170833333338	 188927	 2	 Protocol_Missing: 0	 0.0	 0.0	 3972.4416666666657	 1610.7291666666665	 0.0	 133702.0	 55225.0	 13.0	 
50010	50000	10	 sysNum: 	35007	 MissingNum: 	0	 5382.825000000005	 182058	 2	 Protocol_Missing: 0	 0.0	 0.0	 3812.6374999999985	 1570.1875	 0.0	 128223.0	 53835.0	 13.0	 
50010	50000	10	 sysNum: 	30006	 MissingNum: 	0	 5086.375000000002	 171510	 2	 Protocol_Missing: 0	 0.0	 0.0	 3599.2833333333324	 1487.0916666666665	 0.0	 120524.0	 50986.0	 15.0	 
50010	50000	10	 sysNum: 	25005	 MissingNum: 	0	 4733.195833333336	 159593	 2	 Protocol_Missing: 0	 0.0	 0.0	 3338.2708333333317	 1394.9250000000004	 0.0	 111767.0	 47826.0	 14.0	 
50010	50000	10	 sysNum: 	20004	 MissingNum: 	0	 4247.5125000000035	 142749	 2	 Protocol_Missing: 0	 0.0	 0.0	 2993.5499999999984	 1253.9624999999999	 0.0	 99756.0	 42993.0	 15.0	 
50010	50000	10	 sysNum: 	15001	 MissingNum: 	0	 3700.3749999999986	 124182	 2	 Protocol_Missing: 0	 0.0	 0.0	 2605.079166666665	 1095.2958333333333	 0.0	 86629.0	 37553.0	 14.0	 
50010	50000	10	 sysNum: 	10000	 MissingNum: 	0	 2923.2291666666642	 97537	 2	 Protocol_Missing: 0	 0.0	 0.0	 2072.145833333332	 851.0833333333331	 0.0	 68357.0	 29180.0	 14.0	 
50010	50000	10	 sysNum: 	4999	 MissingNum: 	0	 1860.8624999999995	 61113	 2	 Protocol_Missing: 0	 0.0	 0.0	 1344.5249999999994	 516.3375	 0.0	 43410.0	 17703.0	 14.0	 
50010	50000	10	 sysNum: 	45009	 MissingNum: 	0	 5717.0750000000035	 193326	 2	 Protocol_Missing: 0	 0.0	 0.0	 4085.4333333333316	 1631.6416666666662	 0.0	 137384.0	 55942.0	 14.0	 
50010	50000	10	 sysNum: 	40008	 MissingNum: 	0	 5566.925000000002	 188370	 2	 Protocol_Missing: 0	 0.0	 0.0	 3960.687499999998	 1606.2374999999997	 0.0	 133299.0	 55071.0	 13.0	 
50010	50000	10	 sysNum: 	35007	 MissingNum: 	0	 5388.950000000003	 182076	 2	 Protocol_Missing: 0	 0.0	 0.0	 3821.1249999999986	 1567.8249999999994	 0.0	 128322.0	 53754.0	 14.0	 
50010	50000	10	 sysNum: 	30006	 MissingNum: 	0	 5076.050000000002	 171348	 2	 Protocol_Missing: 0	 0.0	 0.0	 3589.687499999999	 1486.3624999999997	 0.0	 120387.0	 50961.0	 14.0	 
50010	50000	10	 sysNum: 	25005	 MissingNum: 	0	 4702.862500000001	 158361	 2	 Protocol_Missing: 0	 0.0	 0.0	 3319.166666666665	 1383.6958333333332	 0.0	 110920.0	 47441.0	 15.0	 
50010	50000	10	 sysNum: 	20004	 MissingNum: 	0	 4280.470833333336	 143879	 2	 Protocol_Missing: 0	 0.0	 0.0	 3015.5124999999985	 1264.9583333333333	 0.0	 100509.0	 43370.0	 15.0	 
50010	50000	10	 sysNum: 	15001	 MissingNum: 	0	 3691.099999999998	 123864	 2	 Protocol_Missing: 0	 0.0	 0.0	 2595.308333333332	 1095.7916666666667	 0.0	 86294.0	 37570.0	 14.0	 
50010	50000	10	 sysNum: 	10000	 MissingNum: 	0	 2920.3999999999996	 97248	 2	 Protocol_Missing: 0	 0.0	 0.0	 2073.545833333332	 846.8541666666663	 0.0	 68213.0	 29035.0	 15.0	 
50010	50000	10	 sysNum: 	4999	 MissingNum: 	0	 1845.0541666666652	 60571	 2	 Protocol_Missing: 0	 0.0	 0.0	 1332.7708333333326	 512.2833333333333	 0.0	 43007.0	 17564.0	 14.0	 
50010	50000	10	 sysNum: 	45009	 MissingNum: 	0	 5687.004166666672	 192487	 2	 Protocol_Missing: 0	 0.0	 0.0	 4063.7624999999994	 1623.2416666666666	 0.0	 136833.0	 55654.0	 13.0	 
50010	50000	10	 sysNum: 	40008	 MissingNum: 	0	 5603.237500000003	 189423	 2	 Protocol_Missing: 0	 0.0	 0.0	 3983.4083333333315	 1619.8291666666667	 0.0	 133886.0	 55537.0	 14.0	 
50010	50000	10	 sysNum: 	35007	 MissingNum: 	0	 5364.187500000005	 181227	 2	 Protocol_Missing: 0	 0.0	 0.0	 3805.404166666665	 1558.7833333333333	 0.0	 127783.0	 53444.0	 14.0	 
50010	50000	10	 sysNum: 	30006	 MissingNum: 	0	 5069.283333333337	 171308	 2	 Protocol_Missing: 0	 0.0	 0.0	 3582.862499999998	 1486.4208333333333	 0.0	 120345.0	 50963.0	 13.0	 
50010	50000	10	 sysNum: 	25005	 MissingNum: 	0	 4757.404166666671	 160231	 2	 Protocol_Missing: 0	 0.0	 0.0	 3355.683333333332	 1401.720833333333	 0.0	 112172.0	 48059.0	 15.0	 
50010	50000	10	 sysNum: 	20004	 MissingNum: 	0	 4230.275000000001	 142542	 2	 Protocol_Missing: 0	 0.0	 0.0	 2980.0458333333318	 1250.2291666666665	 0.0	 99677.0	 42865.0	 13.0	 
50010	50000	10	 sysNum: 	15001	 MissingNum: 	0	 3685.120833333332	 123851	 2	 Protocol_Missing: 0	 0.0	 0.0	 2590.8749999999986	 1094.2458333333332	 0.0	 86334.0	 37517.0	 13.0	 
50010	50000	10	 sysNum: 	10000	 MissingNum: 	0	 2913.8666666666663	 97024	 2	 Protocol_Missing: 0	 0.0	 0.0	 2067.5083333333328	 846.3583333333332	 0.0	 68006.0	 29018.0	 15.0	 
50010	50000	10	 sysNum: 	4999	 MissingNum: 	0	 1856.808333333332	 60782	 2	 Protocol_Missing: 0	 0.0	 0.0	 1338.1083333333324	 518.7000000000002	 0.0	 42998.0	 17784.0	 15.0	 
50010	50000	10	 sysNum: 	45009	 MissingNum: 	0	 5718.358333333337	 193562	 2	 Protocol_Missing: 0	 0.0	 0.0	 4083.799999999999	 1634.5583333333332	 0.0	 137520.0	 56042.0	 13.0	 
50010	50000	10	 sysNum: 	40008	 MissingNum: 	0	 5566.283333333335	 188156	 2	 Protocol_Missing: 0	 0.0	 0.0	 3963.3416666666653	 1602.9416666666664	 0.0	 133198.0	 54958.0	 14.0	 
50010	50000	10	 sysNum: 	35007	 MissingNum: 	0	 5407.062500000003	 182697	 2	 Protocol_Missing: 0	 0.0	 0.0	 3831.624999999998	 1575.4374999999998	 0.0	 128682.0	 54015.0	 14.0	 
50010	50000	10	 sysNum: 	30006	 MissingNum: 	0	 5104.516666666669	 172324	 2	 Protocol_Missing: 0	 0.0	 0.0	 3609.7249999999995	 1494.7916666666663	 0.0	 121074.0	 51250.0	 14.0	 
50010	50000	10	 sysNum: 	25005	 MissingNum: 	0	 4682.358333333335	 158042	 2	 Protocol_Missing: 0	 0.0	 0.0	 3305.195833333332	 1377.1625	 0.0	 110825.0	 47217.0	 13.0	 
50010	50000	10	 sysNum: 	20004	 MissingNum: 	0	 4277.495833333334	 143777	 2	 Protocol_Missing: 0	 0.0	 0.0	 3013.120833333332	 1264.375	 0.0	 100427.0	 43350.0	 15.0	 
50010	50000	10	 sysNum: 	15001	 MissingNum: 	0	 3652.483333333331	 122732	 2	 Protocol_Missing: 0	 0.0	 0.0	 2570.108333333332	 1082.3750000000002	 0.0	 85622.0	 37110.0	 13.0	 
50010	50000	10	 sysNum: 	10000	 MissingNum: 	0	 2923.1999999999985	 97536	 2	 Protocol_Missing: 0	 0.0	 0.0	 2075.762499999999	 847.4375	 0.0	 68481.0	 29055.0	 14.0	 
50010	50000	10	 sysNum: 	4999	 MissingNum: 	0	 1841.4666666666653	 60256	 2	 Protocol_Missing: 0	 0.0	 0.0	 1331.2541666666657	 510.2124999999999	 0.0	 42763.0	 17493.0	 15.0	 
50010	50000	10	 sysNum: 	45009	 MissingNum: 	0	 5695.7833333333365	 192788	 2	 Protocol_Missing: 0	 0.0	 0.0	 4072.308333333332	 1623.475	 0.0	 137126.0	 55662.0	 13.0	 
50010	50000	10	 sysNum: 	40008	 MissingNum: 	0	 5546.916666666669	 187492	 2	 Protocol_Missing: 0	 0.0	 0.0	 3947.3874999999985	 1599.5291666666665	 0.0	 132651.0	 54841.0	 14.0	 
50010	50000	10	 sysNum: 	35007	 MissingNum: 	0	 5364.275000000002	 181230	 2	 Protocol_Missing: 0	 0.0	 0.0	 3805.958333333331	 1558.3166666666666	 0.0	 127802.0	 53428.0	 14.0	 
50010	50000	10	 sysNum: 	30006	 MissingNum: 	0	 5094.308333333337	 171782	 2	 Protocol_Missing: 0	 0.0	 0.0	 3602.1999999999985	 1492.1083333333338	 0.0	 120624.0	 51158.0	 15.0	 
50010	50000	10	 sysNum: 	25005	 MissingNum: 	0	 4713.012500000002	 158901	 2	 Protocol_Missing: 0	 0.0	 0.0	 3325.554166666666	 1387.4583333333335	 0.0	 111331.0	 47570.0	 14.0	 
50010	50000	10	 sysNum: 	20004	 MissingNum: 	0	 4274.375	 143862	 2	 Protocol_Missing: 0	 0.0	 0.0	 3012.274999999999	 1262.0999999999997	 0.0	 100590.0	 43272.0	 14.0	 
50010	50000	10	 sysNum: 	15001	 MissingNum: 	0	 3663.8583333333318	 123122	 2	 Protocol_Missing: 0	 0.0	 0.0	 2576.583333333332	 1087.2749999999999	 0.0	 85844.0	 37278.0	 13.0	 
50010	50000	10	 sysNum: 	10000	 MissingNum: 	0	 2930.024999999999	 97770	 2	 Protocol_Missing: 0	 0.0	 0.0	 2078.3874999999985	 851.6375000000002	 0.0	 68571.0	 29199.0	 14.0	 
50010	50000	10	 sysNum: 	4999	 MissingNum: 	0	 1859.8416666666649	 60886	 2	 Protocol_Missing: 0	 0.0	 0.0	 1344.1166666666654	 515.725	 0.0	 43204.0	 17682.0	 15.0	 
50010	50000	10	 sysNum: 	45009	 MissingNum: 	0	 5749.216666666672	 194620	 2	 Protocol_Missing: 0	 0.0	 0.0	 4104.654166666665	 1644.5624999999998	 0.0	 138235.0	 56385.0	 13.0	 
50010	50000	10	 sysNum: 	40008	 MissingNum: 	0	 5613.737500000002	 189591	 2	 Protocol_Missing: 0	 0.0	 0.0	 3994.4041666666644	 1619.3333333333333	 0.0	 134071.0	 55520.0	 15.0	 
50010	50000	10	 sysNum: 	35007	 MissingNum: 	0	 5389.154166666669	 182275	 2	 Protocol_Missing: 0	 0.0	 0.0	 3816.866666666665	 1572.2875000000001	 0.0	 128368.0	 53907.0	 13.0	 
50010	50000	10	 sysNum: 	30006	 MissingNum: 	0	 5088.8250000000035	 171786	 2	 Protocol_Missing: 0	 0.0	 0.0	 3598.1749999999993	 1490.6499999999999	 0.0	 120678.0	 51108.0	 14.0	 
50010	50000	10	 sysNum: 	25005	 MissingNum: 	0	 4745.766666666669	 160024	 2	 Protocol_Missing: 0	 0.0	 0.0	 3347.6041666666647	 1398.1625000000004	 0.0	 112087.0	 47937.0	 14.0	 
50010	50000	10	 sysNum: 	20004	 MissingNum: 	0	 4293.945833333334	 144533	 2	 Protocol_Missing: 0	 0.0	 0.0	 3022.3083333333325	 1271.6374999999998	 0.0	 100934.0	 43599.0	 14.0	 
50010	50000	10	 sysNum: 	15001	 MissingNum: 	0	 3696.758333333333	 124250	 2	 Protocol_Missing: 0	 0.0	 0.0	 2600.470833333333	 1096.2875000000001	 0.0	 86663.0	 37587.0	 13.0	 
50010	50000	10	 sysNum: 	10000	 MissingNum: 	0	 2905.3499999999985	 96924	 2	 Protocol_Missing: 0	 0.0	 0.0	 2062.6374999999994	 842.7124999999999	 0.0	 68031.0	 28893.0	 14.0	 
50010	50000	10	 sysNum: 	4999	 MissingNum: 	0	 1814.895833333332	 59729	 2	 Protocol_Missing: 0	 0.0	 0.0	 1308.766666666666	 506.1291666666666	 0.0	 42376.0	 17353.0	 13.0	 
50010	50000	10	 sysNum: 	45009	 MissingNum: 	0	 5714.100000000002	 193416	 2	 Protocol_Missing: 0	 0.0	 0.0	 4083.2458333333316	 1630.8541666666667	 0.0	 137501.0	 55915.0	 13.0	 
50010	50000	10	 sysNum: 	40008	 MissingNum: 	0	 5619.308333333336	 189974	 2	 Protocol_Missing: 0	 0.0	 0.0	 3994.8124999999977	 1624.4958333333334	 0.0	 134277.0	 55697.0	 14.0	 
50010	50000	10	 sysNum: 	35007	 MissingNum: 	0	 5398.25416666667	 182395	 2	 Protocol_Missing: 0	 0.0	 0.0	 3821.2999999999975	 1576.9541666666667	 0.0	 128328.0	 54067.0	 14.0	 
50010	50000	10	 sysNum: 	30006	 MissingNum: 	0	 5109.708333333338	 172502	 2	 Protocol_Missing: 0	 0.0	 0.0	 3615.7916666666656	 1493.9166666666665	 0.0	 121282.0	 51220.0	 14.0	 
50010	50000	10	 sysNum: 	25005	 MissingNum: 	0	 4747.137500000003	 160071	 2	 Protocol_Missing: 0	 0.0	 0.0	 3346.991666666665	 1400.1458333333333	 0.0	 112066.0	 48005.0	 14.0	 
50010	50000	10	 sysNum: 	20004	 MissingNum: 	0	 4260.7541666666675	 143395	 2	 Protocol_Missing: 0	 0.0	 0.0	 3001.133333333332	 1259.6208333333332	 0.0	 100208.0	 43187.0	 14.0	 
50010	50000	10	 sysNum: 	15001	 MissingNum: 	0	 3702.5624999999986	 124257	 2	 Protocol_Missing: 0	 0.0	 0.0	 2604.4666666666653	 1098.095833333333	 0.0	 86608.0	 37649.0	 14.0	 
50010	50000	10	 sysNum: 	10000	 MissingNum: 	0	 2924.979166666666	 97597	 2	 Protocol_Missing: 0	 0.0	 0.0	 2077.0458333333327	 847.9333333333334	 0.0	 68525.0	 29072.0	 14.0	 
50010	50000	10	 sysNum: 	4999	 MissingNum: 	0	 1831.9291666666657	 60121	 2	 Protocol_Missing: 0	 0.0	 0.0	 1321.5708333333325	 510.3583333333333	 0.0	 42623.0	 17498.0	 14.0	 
50010	50000	10	 sysNum: 	45009	 MissingNum: 	0	 5718.06666666667	 193168	 2	 Protocol_Missing: 0	 0.0	 0.0	 4093.2791666666644	 1624.7875000000004	 0.0	 137461.0	 55707.0	 15.0	 
50010	50000	10	 sysNum: 	40008	 MissingNum: 	0	 5586.845833333337	 188669	 2	 Protocol_Missing: 0	 0.0	 0.0	 3973.6083333333313	 1613.2375000000002	 0.0	 133358.0	 55311.0	 15.0	 
50010	50000	10	 sysNum: 	35007	 MissingNum: 	0	 5389.883333333337	 182300	 2	 Protocol_Missing: 0	 0.0	 0.0	 3815.5249999999983	 1574.3583333333331	 0.0	 128322.0	 53978.0	 13.0	 
50010	50000	10	 sysNum: 	30006	 MissingNum: 	0	 5117.000000000002	 172752	 2	 Protocol_Missing: 0	 0.0	 0.0	 3620.516666666665	 1496.4833333333333	 0.0	 121444.0	 51308.0	 14.0	 
50010	50000	10	 sysNum: 	25005	 MissingNum: 	0	 4738.095833333337	 159761	 2	 Protocol_Missing: 0	 0.0	 0.0	 3342.091666666665	 1396.004166666666	 0.0	 111898.0	 47863.0	 14.0	 
50010	50000	10	 sysNum: 	20004	 MissingNum: 	0	 4275.891666666669	 143722	 2	 Protocol_Missing: 0	 0.0	 0.0	 3013.4999999999986	 1262.3916666666664	 0.0	 100440.0	 43282.0	 15.0	 
50010	50000	10	 sysNum: 	15001	 MissingNum: 	0	 3693.7833333333315	 124148	 2	 Protocol_Missing: 0	 0.0	 0.0	 2600.470833333332	 1093.3125	 0.0	 86663.0	 37485.0	 13.0	 
50010	50000	10	 sysNum: 	10000	 MissingNum: 	0	 2923.3458333333324	 97541	 2	 Protocol_Missing: 0	 0.0	 0.0	 2073.7791666666653	 849.5666666666666	 0.0	 68413.0	 29128.0	 14.0	 
50010	50000	10	 sysNum: 	4999	 MissingNum: 	0	 1847.066666666666	 60640	 2	 Protocol_Missing: 0	 0.0	 0.0	 1332.099999999999	 514.9666666666666	 0.0	 42984.0	 17656.0	 14.0	 
50010	50000	10	 sysNum: 	45009	 MissingNum: 	0	 5695.345833333337	 192581	 2	 Protocol_Missing: 0	 0.0	 0.0	 4072.220833333331	 1623.125	 0.0	 136931.0	 55650.0	 14.0	 
50010	50000	10	 sysNum: 	40008	 MissingNum: 	0	 5587.370833333333	 189071	 2	 Protocol_Missing: 0	 0.0	 0.0	 3973.229166666665	 1614.1416666666667	 0.0	 133729.0	 55342.0	 13.0	 
50010	50000	10	 sysNum: 	35007	 MissingNum: 	0	 5365.5	 181464	 2	 Protocol_Missing: 0	 0.0	 0.0	 3804.1208333333325	 1561.3791666666668	 0.0	 127931.0	 53533.0	 13.0	 
50010	50000	10	 sysNum: 	30006	 MissingNum: 	0	 5079.841666666671	 171670	 2	 Protocol_Missing: 0	 0.0	 0.0	 3587.6166666666654	 1492.2250000000001	 0.0	 120508.0	 51162.0	 13.0	 
50010	50000	10	 sysNum: 	25005	 MissingNum: 	0	 4698.750000000004	 158412	 2	 Protocol_Missing: 0	 0.0	 0.0	 3316.220833333331	 1382.5291666666665	 0.0	 111011.0	 47401.0	 14.0	 
50010	50000	10	 sysNum: 	20004	 MissingNum: 	0	 4271.983333333335	 143780	 2	 Protocol_Missing: 0	 0.0	 0.0	 3011.8958333333317	 1260.0875000000003	 0.0	 100577.0	 43203.0	 14.0	 
50010	50000	10	 sysNum: 	15001	 MissingNum: 	0	 3689.204166666665	 123799	 2	 Protocol_Missing: 0	 0.0	 0.0	 2593.179166666665	 1096.0249999999996	 0.0	 86221.0	 37578.0	 14.0	 
50010	50000	10	 sysNum: 	10000	 MissingNum: 	0	 2913.9833333333318	 97220	 2	 Protocol_Missing: 0	 0.0	 0.0	 2069.2291666666656	 844.7541666666667	 0.0	 68257.0	 28963.0	 14.0	 
50010	50000	10	 sysNum: 	4999	 MissingNum: 	0	 1852.1999999999985	 60624	 2	 Protocol_Missing: 0	 0.0	 0.0	 1334.9583333333321	 517.2416666666668	 0.0	 42890.0	 17734.0	 15.0	 
50010	50000	10	 sysNum: 	45009	 MissingNum: 	0	 5708.587500000002	 193035	 2	 Protocol_Missing: 0	 0.0	 0.0	 4079.8624999999993	 1628.725	 0.0	 137193.0	 55842.0	 14.0	 
50010	50000	10	 sysNum: 	40008	 MissingNum: 	0	 5550.766666666671	 187816	 2	 Protocol_Missing: 0	 0.0	 0.0	 3948.2333333333318	 1602.533333333333	 0.0	 132872.0	 54944.0	 13.0	 
50010	50000	10	 sysNum: 	35007	 MissingNum: 	0	 5364.275000000003	 181230	 2	 Protocol_Missing: 0	 0.0	 0.0	 3807.970833333332	 1556.3041666666672	 0.0	 127871.0	 53359.0	 14.0	 
50010	50000	10	 sysNum: 	30006	 MissingNum: 	0	 5096.816666666671	 172060	 2	 Protocol_Missing: 0	 0.0	 0.0	 3602.7541666666657	 1494.0624999999998	 0.0	 120835.0	 51225.0	 14.0	 
50010	50000	10	 sysNum: 	25005	 MissingNum: 	0	 4724.125000000002	 159282	 2	 Protocol_Missing: 0	 0.0	 0.0	 3334.8291666666646	 1389.2958333333338	 0.0	 111649.0	 47633.0	 14.0	 
50010	50000	10	 sysNum: 	20004	 MissingNum: 	0	 4260.112500000002	 143373	 2	 Protocol_Missing: 0	 0.0	 0.0	 2999.091666666665	 1261.0208333333335	 0.0	 100138.0	 43235.0	 14.0	 
50010	50000	10	 sysNum: 	15001	 MissingNum: 	0	 3676.458333333332	 123362	 2	 Protocol_Missing: 0	 0.0	 0.0	 2588.9499999999985	 1087.508333333333	 0.0	 86076.0	 37286.0	 14.0	 
50010	50000	10	 sysNum: 	10000	 MissingNum: 	0	 2949.0416666666656	 98230	 2	 Protocol_Missing: 0	 0.0	 0.0	 2094.3124999999986	 854.7291666666665	 0.0	 68925.0	 29305.0	 15.0	 
50010	50000	10	 sysNum: 	4999	 MissingNum: 	0	 1849.0499999999995	 60516	 2	 Protocol_Missing: 0	 0.0	 0.0	 1337.3208333333325	 511.72916666666663	 0.0	 42971.0	 17545.0	 15.0	 
50010	50000	10	 sysNum: 	45009	 MissingNum: 	0	 5712.933333333337	 193376	 2	 Protocol_Missing: 0	 0.0	 0.0	 4081.583333333332	 1631.35	 0.0	 137444.0	 55932.0	 13.0	 
50010	50000	10	 sysNum: 	40008	 MissingNum: 	0	 5584.395833333336	 188585	 2	 Protocol_Missing: 0	 0.0	 0.0	 3974.016666666665	 1610.3791666666662	 0.0	 133372.0	 55213.0	 15.0	 
50010	50000	10	 sysNum: 	35007	 MissingNum: 	0	 5392.4500000000035	 182004	 2	 Protocol_Missing: 0	 0.0	 0.0	 3826.841666666664	 1565.608333333333	 0.0	 128326.0	 53678.0	 15.0	 
50010	50000	10	 sysNum: 	30006	 MissingNum: 	0	 5101.89166666667	 172234	 2	 Protocol_Missing: 0	 0.0	 0.0	 3609.0249999999987	 1492.8666666666663	 0.0	 121050.0	 51184.0	 14.0	 
50010	50000	10	 sysNum: 	25005	 MissingNum: 	0	 4728.120833333336	 159419	 2	 Protocol_Missing: 0	 0.0	 0.0	 3334.9166666666647	 1393.2041666666667	 0.0	 111652.0	 47767.0	 14.0	 
50010	50000	10	 sysNum: 	20004	 MissingNum: 	0	 4240.745833333333	 142709	 2	 Protocol_Missing: 0	 0.0	 0.0	 2986.6083333333318	 1254.1375000000003	 0.0	 99710.0	 42999.0	 14.0	 
50010	50000	10	 sysNum: 	15001	 MissingNum: 	0	 3645.862499999999	 122505	 2	 Protocol_Missing: 0	 0.0	 0.0	 2567.716666666665	 1078.1458333333335	 0.0	 85540.0	 36965.0	 13.0	 
50010	50000	10	 sysNum: 	10000	 MissingNum: 	0	 2938.3083333333325	 97862	 2	 Protocol_Missing: 0	 0.0	 0.0	 2086.437499999999	 851.8708333333333	 0.0	 68655.0	 29207.0	 15.0	 
50010	50000	10	 sysNum: 	4999	 MissingNum: 	0	 1840.5624999999989	 60417	 2	 Protocol_Missing: 0	 0.0	 0.0	 1327.6083333333324	 512.9541666666667	 0.0	 42830.0	 17587.0	 14.0	 
