50010	50000	10	 sysNum: 	45009	 MissingNum: 	0	 9139.86250000081	 226105	 2	 Protocol_Missing: 5001	 0.0	 0.0	 0.0	 0.0	 0.0	 0.0	 0.0	 0.0	 
50010	50000	10	 sysNum: 	40008	 MissingNum: 	0	 9047.462500000784	 224874	 2	 Protocol_Missing: 10002	 0.0	 0.0	 0.0	 0.0	 0.0	 0.0	 0.0	 0.0	 
50010	50000	10	 sysNum: 	35007	 MissingNum: 	0	 9177.054166667465	 227179	 2	 Protocol_Missing: 15003	 0.0	 0.0	 0.0	 0.0	 0.0	 0.0	 0.0	 0.0	 
50010	50000	10	 sysNum: 	30006	 MissingNum: 	0	 9088.454166667472	 226485	 2	 Protocol_Missing: 20004	 0.0	 0.0	 0.0	 0.0	 0.0	 0.0	 0.0	 0.0	 
50010	50000	10	 sysNum: 	25005	 MissingNum: 	0	 9152.83333333415	 228015	 2	 Protocol_Missing: 25005	 0.0	 0.0	 0.0	 0.0	 0.0	 0.0	 0.0	 0.0	 
50010	50000	10	 sysNum: 	20004	 MissingNum: 	0	 9134.620833334151	 227174	 2	 Protocol_Missing: 30006	 0.0	 0.0	 0.0	 0.0	 0.0	 0.0	 0.0	 0.0	 
50010	50000	10	 sysNum: 	15001	 MissingNum: 	0	 9215.8541666675	 227365	 2	 Protocol_Missing: 35009	 0.0	 0.0	 0.0	 0.0	 0.0	 0.0	 0.0	 0.0	 
50010	50000	10	 sysNum: 	10000	 MissingNum: 	0	 9169.520833334145	 227386	 2	 Protocol_Missing: 40010	 0.0	 0.0	 0.0	 0.0	 0.0	 0.0	 0.0	 0.0	 
50010	50000	10	 sysNum: 	4999	 MissingNum: 	0	 8933.408333334099	 223289	 2	 Protocol_Missing: 45001	 0.0	 0.0	 0.0	 0.0	 0.0	 0.0	 0.0	 0.0	 
50010	50000	10	 sysNum: 	45009	 MissingNum: 	0	 9061.983333334147	 227593	 2	 Protocol_Missing: 5001	 0.0	 0.0	 0.0	 0.0	 0.0	 0.0	 0.0	 0.0	 
50010	50000	10	 sysNum: 	40008	 MissingNum: 	0	 9166.195833334134	 227432	 2	 Protocol_Missing: 10002	 0.0	 0.0	 0.0	 0.0	 0.0	 0.0	 0.0	 0.0	 
50010	50000	10	 sysNum: 	35007	 MissingNum: 	0	 9076.066666667457	 226744	 2	 Protocol_Missing: 15003	 0.0	 0.0	 0.0	 0.0	 0.0	 0.0	 0.0	 0.0	 
50010	50000	10	 sysNum: 	30006	 MissingNum: 	0	 9168.316666667486	 227323	 2	 Protocol_Missing: 20004	 0.0	 0.0	 0.0	 0.0	 0.0	 0.0	 0.0	 0.0	 
50010	50000	10	 sysNum: 	25005	 MissingNum: 	0	 9264.433333334151	 227149	 2	 Protocol_Missing: 25005	 0.0	 0.0	 0.0	 0.0	 0.0	 0.0	 0.0	 0.0	 
50010	50000	10	 sysNum: 	20004	 MissingNum: 	0	 9114.49583333415	 226412	 2	 Protocol_Missing: 30006	 0.0	 0.0	 0.0	 0.0	 0.0	 0.0	 0.0	 0.0	 
50010	50000	10	 sysNum: 	15001	 MissingNum: 	0	 9009.9500000008	 226517	 2	 Protocol_Missing: 35009	 0.0	 0.0	 0.0	 0.0	 0.0	 0.0	 0.0	 0.0	 
50010	50000	10	 sysNum: 	10000	 MissingNum: 	0	 9049.42083333413	 226623	 2	 Protocol_Missing: 40010	 0.0	 0.0	 0.0	 0.0	 0.0	 0.0	 0.0	 0.0	 
50010	50000	10	 sysNum: 	4999	 MissingNum: 	0	 9079.616666667464	 226718	 2	 Protocol_Missing: 45001	 0.0	 0.0	 0.0	 0.0	 0.0	 0.0	 0.0	 0.0	 
50010	50000	10	 sysNum: 	45009	 MissingNum: 	0	 9162.133333334157	 228248	 2	 Protocol_Missing: 5001	 0.0	 0.0	 0.0	 0.0	 0.0	 0.0	 0.0	 0.0	 
50010	50000	10	 sysNum: 	40008	 MissingNum: 	0	 9388.800000000825	 227433	 2	 Protocol_Missing: 10002	 0.0	 0.0	 0.0	 0.0	 0.0	 0.0	 0.0	 0.0	 
50010	50000	10	 sysNum: 	35007	 MissingNum: 	0	 9024.225000000788	 226429	 2	 Protocol_Missing: 15003	 0.0	 0.0	 0.0	 0.0	 0.0	 0.0	 0.0	 0.0	 
50010	50000	10	 sysNum: 	30006	 MissingNum: 	0	 9133.837500000804	 226207	 2	 Protocol_Missing: 20004	 0.0	 0.0	 0.0	 0.0	 0.0	 0.0	 0.0	 0.0	 
50010	50000	10	 sysNum: 	25005	 MissingNum: 	0	 9050.283333334139	 226175	 2	 Protocol_Missing: 25005	 0.0	 0.0	 0.0	 0.0	 0.0	 0.0	 0.0	 0.0	 
50010	50000	10	 sysNum: 	20004	 MissingNum: 	0	 9204.745833334162	 228958	 2	 Protocol_Missing: 30006	 0.0	 0.0	 0.0	 0.0	 0.0	 0.0	 0.0	 0.0	 
50010	50000	10	 sysNum: 	15001	 MissingNum: 	0	 9168.050000000805	 226402	 2	 Protocol_Missing: 35009	 0.0	 0.0	 0.0	 0.0	 0.0	 0.0	 0.0	 0.0	 
50010	50000	10	 sysNum: 	10000	 MissingNum: 	0	 9039.375000000795	 225873	 2	 Protocol_Missing: 40010	 0.0	 0.0	 0.0	 0.0	 0.0	 0.0	 0.0	 0.0	 
50010	50000	10	 sysNum: 	4999	 MissingNum: 	0	 9102.220833334144	 225489	 2	 Protocol_Missing: 45001	 0.0	 0.0	 0.0	 0.0	 0.0	 0.0	 0.0	 0.0	 
50010	50000	10	 sysNum: 	45009	 MissingNum: 	0	 9097.295833334145	 226753	 2	 Protocol_Missing: 5001	 0.0	 0.0	 0.0	 0.0	 0.0	 0.0	 0.0	 0.0	 
50010	50000	10	 sysNum: 	40008	 MissingNum: 	0	 9028.283333334124	 225726	 2	 Protocol_Missing: 10002	 0.0	 0.0	 0.0	 0.0	 0.0	 0.0	 0.0	 0.0	 
50010	50000	10	 sysNum: 	35007	 MissingNum: 	0	 9201.562500000833	 228915	 2	 Protocol_Missing: 15003	 0.0	 0.0	 0.0	 0.0	 0.0	 0.0	 0.0	 0.0	 
50010	50000	10	 sysNum: 	30006	 MissingNum: 	0	 9140.095833334148	 225938	 2	 Protocol_Missing: 20004	 0.0	 0.0	 0.0	 0.0	 0.0	 0.0	 0.0	 0.0	 
50010	50000	10	 sysNum: 	25005	 MissingNum: 	0	 9127.587500000809	 226478	 2	 Protocol_Missing: 25005	 0.0	 0.0	 0.0	 0.0	 0.0	 0.0	 0.0	 0.0	 
50010	50000	10	 sysNum: 	20004	 MissingNum: 	0	 9129.533333334148	 226588	 2	 Protocol_Missing: 30006	 0.0	 0.0	 0.0	 0.0	 0.0	 0.0	 0.0	 0.0	 
50010	50000	10	 sysNum: 	15001	 MissingNum: 	0	 9094.000000000808	 226465	 2	 Protocol_Missing: 35009	 0.0	 0.0	 0.0	 0.0	 0.0	 0.0	 0.0	 0.0	 
50010	50000	10	 sysNum: 	10000	 MissingNum: 	0	 9111.058333334155	 226787	 2	 Protocol_Missing: 40010	 0.0	 0.0	 0.0	 0.0	 0.0	 0.0	 0.0	 0.0	 
50010	50000	10	 sysNum: 	4999	 MissingNum: 	0	 9108.875000000795	 226628	 2	 Protocol_Missing: 45001	 0.0	 0.0	 0.0	 0.0	 0.0	 0.0	 0.0	 0.0	 
50010	50000	10	 sysNum: 	45009	 MissingNum: 	0	 8986.429166667467	 225686	 2	 Protocol_Missing: 5001	 0.0	 0.0	 0.0	 0.0	 0.0	 0.0	 0.0	 0.0	 
50010	50000	10	 sysNum: 	40008	 MissingNum: 	0	 9168.125000000828	 228687	 2	 Protocol_Missing: 10002	 0.0	 0.0	 0.0	 0.0	 0.0	 0.0	 0.0	 0.0	 
50010	50000	10	 sysNum: 	35007	 MissingNum: 	0	 9188.604166667494	 226649	 2	 Protocol_Missing: 15003	 0.0	 0.0	 0.0	 0.0	 0.0	 0.0	 0.0	 0.0	 
50010	50000	10	 sysNum: 	30006	 MissingNum: 	0	 9086.70000000082	 228591	 2	 Protocol_Missing: 20004	 0.0	 0.0	 0.0	 0.0	 0.0	 0.0	 0.0	 0.0	 
50010	50000	10	 sysNum: 	25005	 MissingNum: 	0	 9071.583333334127	 225231	 2	 Protocol_Missing: 25005	 0.0	 0.0	 0.0	 0.0	 0.0	 0.0	 0.0	 0.0	 
50010	50000	10	 sysNum: 	20004	 MissingNum: 	0	 9220.100000000839	 227549	 2	 Protocol_Missing: 30006	 0.0	 0.0	 0.0	 0.0	 0.0	 0.0	 0.0	 0.0	 
50010	50000	10	 sysNum: 	15001	 MissingNum: 	0	 9184.775000000822	 228783	 2	 Protocol_Missing: 35009	 0.0	 0.0	 0.0	 0.0	 0.0	 0.0	 0.0	 0.0	 
50010	50000	10	 sysNum: 	10000	 MissingNum: 	0	 9107.808333334146	 227834	 2	 Protocol_Missing: 40010	 0.0	 0.0	 0.0	 0.0	 0.0	 0.0	 0.0	 0.0	 
50010	50000	10	 sysNum: 	4999	 MissingNum: 	0	 9298.045833334152	 227060	 2	 Protocol_Missing: 45001	 0.0	 0.0	 0.0	 0.0	 0.0	 0.0	 0.0	 0.0	 
50010	50000	10	 sysNum: 	45009	 MissingNum: 	0	 9100.49583333415	 226528	 2	 Protocol_Missing: 5001	 0.0	 0.0	 0.0	 0.0	 0.0	 0.0	 0.0	 0.0	 
50010	50000	10	 sysNum: 	40008	 MissingNum: 	0	 9071.366666667465	 224918	 2	 Protocol_Missing: 10002	 0.0	 0.0	 0.0	 0.0	 0.0	 0.0	 0.0	 0.0	 
50010	50000	10	 sysNum: 	35007	 MissingNum: 	0	 9097.987500000787	 225552	 2	 Protocol_Missing: 15003	 0.0	 0.0	 0.0	 0.0	 0.0	 0.0	 0.0	 0.0	 
50010	50000	10	 sysNum: 	30006	 MissingNum: 	0	 9073.679166667456	 223848	 2	 Protocol_Missing: 20004	 0.0	 0.0	 0.0	 0.0	 0.0	 0.0	 0.0	 0.0	 
50010	50000	10	 sysNum: 	25005	 MissingNum: 	0	 9004.950000000792	 224874	 2	 Protocol_Missing: 25005	 0.0	 0.0	 0.0	 0.0	 0.0	 0.0	 0.0	 0.0	 
50010	50000	10	 sysNum: 	20004	 MissingNum: 	0	 9162.01250000081	 227138	 2	 Protocol_Missing: 30006	 0.0	 0.0	 0.0	 0.0	 0.0	 0.0	 0.0	 0.0	 
50010	50000	10	 sysNum: 	15001	 MissingNum: 	0	 9099.245833334135	 227783	 2	 Protocol_Missing: 35009	 0.0	 0.0	 0.0	 0.0	 0.0	 0.0	 0.0	 0.0	 
50010	50000	10	 sysNum: 	10000	 MissingNum: 	0	 9177.875000000831	 228382	 2	 Protocol_Missing: 40010	 0.0	 0.0	 0.0	 0.0	 0.0	 0.0	 0.0	 0.0	 
50010	50000	10	 sysNum: 	4999	 MissingNum: 	0	 9093.583333334138	 226939	 2	 Protocol_Missing: 45001	 0.0	 0.0	 0.0	 0.0	 0.0	 0.0	 0.0	 0.0	 
50010	50000	10	 sysNum: 	45009	 MissingNum: 	0	 8999.137500000763	 223200	 2	 Protocol_Missing: 5001	 0.0	 0.0	 0.0	 0.0	 0.0	 0.0	 0.0	 0.0	 
50010	50000	10	 sysNum: 	40008	 MissingNum: 	0	 9050.38333333412	 223664	 2	 Protocol_Missing: 10002	 0.0	 0.0	 0.0	 0.0	 0.0	 0.0	 0.0	 0.0	 
50010	50000	10	 sysNum: 	35007	 MissingNum: 	0	 9134.150000000793	 227399	 2	 Protocol_Missing: 15003	 0.0	 0.0	 0.0	 0.0	 0.0	 0.0	 0.0	 0.0	 
50010	50000	10	 sysNum: 	30006	 MissingNum: 	0	 9213.770833334147	 228352	 2	 Protocol_Missing: 20004	 0.0	 0.0	 0.0	 0.0	 0.0	 0.0	 0.0	 0.0	 
50010	50000	10	 sysNum: 	25005	 MissingNum: 	0	 9122.158333334162	 228716	 2	 Protocol_Missing: 25005	 0.0	 0.0	 0.0	 0.0	 0.0	 0.0	 0.0	 0.0	 
50010	50000	10	 sysNum: 	20004	 MissingNum: 	0	 9171.262500000812	 227962	 2	 Protocol_Missing: 30006	 0.0	 0.0	 0.0	 0.0	 0.0	 0.0	 0.0	 0.0	 
50010	50000	10	 sysNum: 	15001	 MissingNum: 	0	 9201.566666667482	 227975	 2	 Protocol_Missing: 35009	 0.0	 0.0	 0.0	 0.0	 0.0	 0.0	 0.0	 0.0	 
50010	50000	10	 sysNum: 	10000	 MissingNum: 	0	 9175.187500000791	 227273	 2	 Protocol_Missing: 40010	 0.0	 0.0	 0.0	 0.0	 0.0	 0.0	 0.0	 0.0	 
50010	50000	10	 sysNum: 	4999	 MissingNum: 	0	 9232.966666667475	 228279	 2	 Protocol_Missing: 45001	 0.0	 0.0	 0.0	 0.0	 0.0	 0.0	 0.0	 0.0	 
50010	50000	10	 sysNum: 	45009	 MissingNum: 	0	 8983.31666666745	 224573	 2	 Protocol_Missing: 5001	 0.0	 0.0	 0.0	 0.0	 0.0	 0.0	 0.0	 0.0	 
50010	50000	10	 sysNum: 	40008	 MissingNum: 	0	 9064.62083333416	 226433	 2	 Protocol_Missing: 10002	 0.0	 0.0	 0.0	 0.0	 0.0	 0.0	 0.0	 0.0	 
50010	50000	10	 sysNum: 	35007	 MissingNum: 	0	 9094.687500000797	 225748	 2	 Protocol_Missing: 15003	 0.0	 0.0	 0.0	 0.0	 0.0	 0.0	 0.0	 0.0	 
50010	50000	10	 sysNum: 	30006	 MissingNum: 	0	 9202.329166667481	 228511	 2	 Protocol_Missing: 20004	 0.0	 0.0	 0.0	 0.0	 0.0	 0.0	 0.0	 0.0	 
50010	50000	10	 sysNum: 	25005	 MissingNum: 	0	 9153.32916666747	 226146	 2	 Protocol_Missing: 25005	 0.0	 0.0	 0.0	 0.0	 0.0	 0.0	 0.0	 0.0	 
50010	50000	10	 sysNum: 	20004	 MissingNum: 	0	 9023.483333334116	 225362	 2	 Protocol_Missing: 30006	 0.0	 0.0	 0.0	 0.0	 0.0	 0.0	 0.0	 0.0	 
50010	50000	10	 sysNum: 	15001	 MissingNum: 	0	 9124.57500000081	 225960	 2	 Protocol_Missing: 35009	 0.0	 0.0	 0.0	 0.0	 0.0	 0.0	 0.0	 0.0	 
50010	50000	10	 sysNum: 	10000	 MissingNum: 	0	 9144.30416666748	 227451	 2	 Protocol_Missing: 40010	 0.0	 0.0	 0.0	 0.0	 0.0	 0.0	 0.0	 0.0	 
50010	50000	10	 sysNum: 	4999	 MissingNum: 	0	 9133.637500000812	 226165	 2	 Protocol_Missing: 45001	 0.0	 0.0	 0.0	 0.0	 0.0	 0.0	 0.0	 0.0	 
50010	50000	10	 sysNum: 	45009	 MissingNum: 	0	 8995.19166666746	 225088	 2	 Protocol_Missing: 5001	 0.0	 0.0	 0.0	 0.0	 0.0	 0.0	 0.0	 0.0	 
50010	50000	10	 sysNum: 	40008	 MissingNum: 	0	 9023.941666667459	 226032	 2	 Protocol_Missing: 10002	 0.0	 0.0	 0.0	 0.0	 0.0	 0.0	 0.0	 0.0	 
50010	50000	10	 sysNum: 	35007	 MissingNum: 	0	 9051.612500000805	 227262	 2	 Protocol_Missing: 15003	 0.0	 0.0	 0.0	 0.0	 0.0	 0.0	 0.0	 0.0	 
50010	50000	10	 sysNum: 	30006	 MissingNum: 	0	 9087.200000000805	 224602	 2	 Protocol_Missing: 20004	 0.0	 0.0	 0.0	 0.0	 0.0	 0.0	 0.0	 0.0	 
50010	50000	10	 sysNum: 	25005	 MissingNum: 	0	 9061.262500000808	 225628	 2	 Protocol_Missing: 25005	 0.0	 0.0	 0.0	 0.0	 0.0	 0.0	 0.0	 0.0	 
50010	50000	10	 sysNum: 	20004	 MissingNum: 	0	 9111.991666667473	 224844	 2	 Protocol_Missing: 30006	 0.0	 0.0	 0.0	 0.0	 0.0	 0.0	 0.0	 0.0	 
50010	50000	10	 sysNum: 	15001	 MissingNum: 	0	 9158.66250000082	 228055	 2	 Protocol_Missing: 35009	 0.0	 0.0	 0.0	 0.0	 0.0	 0.0	 0.0	 0.0	 
50010	50000	10	 sysNum: 	10000	 MissingNum: 	0	 9036.625000000788	 226470	 2	 Protocol_Missing: 40010	 0.0	 0.0	 0.0	 0.0	 0.0	 0.0	 0.0	 0.0	 
50010	50000	10	 sysNum: 	4999	 MissingNum: 	0	 9080.179166667458	 225750	 2	 Protocol_Missing: 45001	 0.0	 0.0	 0.0	 0.0	 0.0	 0.0	 0.0	 0.0	 
50010	50000	10	 sysNum: 	45009	 MissingNum: 	0	 9176.99583333415	 227701	 2	 Protocol_Missing: 5001	 0.0	 0.0	 0.0	 0.0	 0.0	 0.0	 0.0	 0.0	 
50010	50000	10	 sysNum: 	40008	 MissingNum: 	0	 9162.587500000818	 227061	 2	 Protocol_Missing: 10002	 0.0	 0.0	 0.0	 0.0	 0.0	 0.0	 0.0	 0.0	 
50010	50000	10	 sysNum: 	35007	 MissingNum: 	0	 9118.09166666747	 226891	 2	 Protocol_Missing: 15003	 0.0	 0.0	 0.0	 0.0	 0.0	 0.0	 0.0	 0.0	 
50010	50000	10	 sysNum: 	30006	 MissingNum: 	0	 9128.97083333415	 227300	 2	 Protocol_Missing: 20004	 0.0	 0.0	 0.0	 0.0	 0.0	 0.0	 0.0	 0.0	 
50010	50000	10	 sysNum: 	25005	 MissingNum: 	0	 9092.591666667464	 225151	 2	 Protocol_Missing: 25005	 0.0	 0.0	 0.0	 0.0	 0.0	 0.0	 0.0	 0.0	 
50010	50000	10	 sysNum: 	20004	 MissingNum: 	0	 9225.512500000823	 227799	 2	 Protocol_Missing: 30006	 0.0	 0.0	 0.0	 0.0	 0.0	 0.0	 0.0	 0.0	 
50010	50000	10	 sysNum: 	15001	 MissingNum: 	0	 9224.675000000821	 226941	 2	 Protocol_Missing: 35009	 0.0	 0.0	 0.0	 0.0	 0.0	 0.0	 0.0	 0.0	 
50010	50000	10	 sysNum: 	10000	 MissingNum: 	0	 8951.775000000782	 224338	 2	 Protocol_Missing: 40010	 0.0	 0.0	 0.0	 0.0	 0.0	 0.0	 0.0	 0.0	 
50010	50000	10	 sysNum: 	4999	 MissingNum: 	0	 9131.329166667489	 226189	 2	 Protocol_Missing: 45001	 0.0	 0.0	 0.0	 0.0	 0.0	 0.0	 0.0	 0.0	 
50010	50000	10	 sysNum: 	45009	 MissingNum: 	0	 9067.541666667485	 228332	 2	 Protocol_Missing: 5001	 0.0	 0.0	 0.0	 0.0	 0.0	 0.0	 0.0	 0.0	 
50010	50000	10	 sysNum: 	40008	 MissingNum: 	0	 9121.991666667474	 226847	 2	 Protocol_Missing: 10002	 0.0	 0.0	 0.0	 0.0	 0.0	 0.0	 0.0	 0.0	 
50010	50000	10	 sysNum: 	35007	 MissingNum: 	0	 9186.25000000082	 226588	 2	 Protocol_Missing: 15003	 0.0	 0.0	 0.0	 0.0	 0.0	 0.0	 0.0	 0.0	 
50010	50000	10	 sysNum: 	30006	 MissingNum: 	0	 9019.825000000796	 225347	 2	 Protocol_Missing: 20004	 0.0	 0.0	 0.0	 0.0	 0.0	 0.0	 0.0	 0.0	 
50010	50000	10	 sysNum: 	25005	 MissingNum: 	0	 9062.36666666747	 227116	 2	 Protocol_Missing: 25005	 0.0	 0.0	 0.0	 0.0	 0.0	 0.0	 0.0	 0.0	 
50010	50000	10	 sysNum: 	20004	 MissingNum: 	0	 9028.216666667451	 224724	 2	 Protocol_Missing: 30006	 0.0	 0.0	 0.0	 0.0	 0.0	 0.0	 0.0	 0.0	 
50010	50000	10	 sysNum: 	15001	 MissingNum: 	0	 9108.9875000008	 225942	 2	 Protocol_Missing: 35009	 0.0	 0.0	 0.0	 0.0	 0.0	 0.0	 0.0	 0.0	 
50010	50000	10	 sysNum: 	10000	 MissingNum: 	0	 9096.5000000008	 225655	 2	 Protocol_Missing: 40010	 0.0	 0.0	 0.0	 0.0	 0.0	 0.0	 0.0	 0.0	 
50010	50000	10	 sysNum: 	4999	 MissingNum: 	0	 9154.82916666747	 226165	 2	 Protocol_Missing: 45001	 0.0	 0.0	 0.0	 0.0	 0.0	 0.0	 0.0	 0.0	 
50010	50000	10	 sysNum: 	45009	 MissingNum: 	0	 9172.783333334151	 228421	 2	 Protocol_Missing: 5001	 0.0	 0.0	 0.0	 0.0	 0.0	 0.0	 0.0	 0.0	 
50010	50000	10	 sysNum: 	40008	 MissingNum: 	0	 9039.133333334114	 224977	 2	 Protocol_Missing: 10002	 0.0	 0.0	 0.0	 0.0	 0.0	 0.0	 0.0	 0.0	 
50010	50000	10	 sysNum: 	35007	 MissingNum: 	0	 9219.833333334154	 229463	 2	 Protocol_Missing: 15003	 0.0	 0.0	 0.0	 0.0	 0.0	 0.0	 0.0	 0.0	 
50010	50000	10	 sysNum: 	30006	 MissingNum: 	0	 9189.45833333415	 226612	 2	 Protocol_Missing: 20004	 0.0	 0.0	 0.0	 0.0	 0.0	 0.0	 0.0	 0.0	 
50010	50000	10	 sysNum: 	25005	 MissingNum: 	0	 9179.983333334152	 228511	 2	 Protocol_Missing: 25005	 0.0	 0.0	 0.0	 0.0	 0.0	 0.0	 0.0	 0.0	 
50010	50000	10	 sysNum: 	20004	 MissingNum: 	0	 9160.741666667494	 227801	 2	 Protocol_Missing: 30006	 0.0	 0.0	 0.0	 0.0	 0.0	 0.0	 0.0	 0.0	 
50010	50000	10	 sysNum: 	15001	 MissingNum: 	0	 9159.320833334155	 228110	 2	 Protocol_Missing: 35009	 0.0	 0.0	 0.0	 0.0	 0.0	 0.0	 0.0	 0.0	 
50010	50000	10	 sysNum: 	10000	 MissingNum: 	0	 9187.97500000082	 228518	 2	 Protocol_Missing: 40010	 0.0	 0.0	 0.0	 0.0	 0.0	 0.0	 0.0	 0.0	 
50010	50000	10	 sysNum: 	4999	 MissingNum: 	0	 9161.991666667464	 225214	 2	 Protocol_Missing: 45001	 0.0	 0.0	 0.0	 0.0	 0.0	 0.0	 0.0	 0.0	 
50010	50000	10	 sysNum: 	45009	 MissingNum: 	0	 9037.208333334136	 225086	 2	 Protocol_Missing: 5001	 0.0	 0.0	 0.0	 0.0	 0.0	 0.0	 0.0	 0.0	 
50010	50000	10	 sysNum: 	40008	 MissingNum: 	0	 9354.870833334156	 229305	 2	 Protocol_Missing: 10002	 0.0	 0.0	 0.0	 0.0	 0.0	 0.0	 0.0	 0.0	 
50010	50000	10	 sysNum: 	35007	 MissingNum: 	0	 9170.837500000813	 227534	 2	 Protocol_Missing: 15003	 0.0	 0.0	 0.0	 0.0	 0.0	 0.0	 0.0	 0.0	 
50010	50000	10	 sysNum: 	30006	 MissingNum: 	0	 9084.833333334143	 225498	 2	 Protocol_Missing: 20004	 0.0	 0.0	 0.0	 0.0	 0.0	 0.0	 0.0	 0.0	 
50010	50000	10	 sysNum: 	25005	 MissingNum: 	0	 9123.470833334151	 227257	 2	 Protocol_Missing: 25005	 0.0	 0.0	 0.0	 0.0	 0.0	 0.0	 0.0	 0.0	 
50010	50000	10	 sysNum: 	20004	 MissingNum: 	0	 9062.816666667466	 226302	 2	 Protocol_Missing: 30006	 0.0	 0.0	 0.0	 0.0	 0.0	 0.0	 0.0	 0.0	 
50010	50000	10	 sysNum: 	15001	 MissingNum: 	0	 9061.820833334119	 226334	 2	 Protocol_Missing: 35009	 0.0	 0.0	 0.0	 0.0	 0.0	 0.0	 0.0	 0.0	 
50010	50000	10	 sysNum: 	10000	 MissingNum: 	0	 9114.291666667472	 227311	 2	 Protocol_Missing: 40010	 0.0	 0.0	 0.0	 0.0	 0.0	 0.0	 0.0	 0.0	 
50010	50000	10	 sysNum: 	4999	 MissingNum: 	0	 9097.920833334132	 226576	 2	 Protocol_Missing: 45001	 0.0	 0.0	 0.0	 0.0	 0.0	 0.0	 0.0	 0.0	 
50010	50000	10	 sysNum: 	45009	 MissingNum: 	0	 9303.65833333415	 226064	 2	 Protocol_Missing: 5001	 0.0	 0.0	 0.0	 0.0	 0.0	 0.0	 0.0	 0.0	 
50010	50000	10	 sysNum: 	40008	 MissingNum: 	0	 9222.595833334151	 228223	 2	 Protocol_Missing: 10002	 0.0	 0.0	 0.0	 0.0	 0.0	 0.0	 0.0	 0.0	 
50010	50000	10	 sysNum: 	35007	 MissingNum: 	0	 9230.650000000838	 227576	 2	 Protocol_Missing: 15003	 0.0	 0.0	 0.0	 0.0	 0.0	 0.0	 0.0	 0.0	 
50010	50000	10	 sysNum: 	30006	 MissingNum: 	0	 9133.84166666748	 227324	 2	 Protocol_Missing: 20004	 0.0	 0.0	 0.0	 0.0	 0.0	 0.0	 0.0	 0.0	 
50010	50000	10	 sysNum: 	25005	 MissingNum: 	0	 9209.633333334146	 227508	 2	 Protocol_Missing: 25005	 0.0	 0.0	 0.0	 0.0	 0.0	 0.0	 0.0	 0.0	 
50010	50000	10	 sysNum: 	20004	 MissingNum: 	0	 9156.670833334154	 225835	 2	 Protocol_Missing: 30006	 0.0	 0.0	 0.0	 0.0	 0.0	 0.0	 0.0	 0.0	 
50010	50000	10	 sysNum: 	15001	 MissingNum: 	0	 9127.283333334133	 225918	 2	 Protocol_Missing: 35009	 0.0	 0.0	 0.0	 0.0	 0.0	 0.0	 0.0	 0.0	 
50010	50000	10	 sysNum: 	10000	 MissingNum: 	0	 9181.487500000807	 227853	 2	 Protocol_Missing: 40010	 0.0	 0.0	 0.0	 0.0	 0.0	 0.0	 0.0	 0.0	 
50010	50000	10	 sysNum: 	4999	 MissingNum: 	0	 9315.204166667496	 230077	 2	 Protocol_Missing: 45001	 0.0	 0.0	 0.0	 0.0	 0.0	 0.0	 0.0	 0.0	 
50010	50000	10	 sysNum: 	45009	 MissingNum: 	0	 9027.733333334116	 224557	 2	 Protocol_Missing: 5001	 0.0	 0.0	 0.0	 0.0	 0.0	 0.0	 0.0	 0.0	 
50010	50000	10	 sysNum: 	40008	 MissingNum: 	0	 9049.916666667468	 225402	 2	 Protocol_Missing: 10002	 0.0	 0.0	 0.0	 0.0	 0.0	 0.0	 0.0	 0.0	 
50010	50000	10	 sysNum: 	35007	 MissingNum: 	0	 9118.158333334148	 226129	 2	 Protocol_Missing: 15003	 0.0	 0.0	 0.0	 0.0	 0.0	 0.0	 0.0	 0.0	 
50010	50000	10	 sysNum: 	30006	 MissingNum: 	0	 9152.162500000812	 226877	 2	 Protocol_Missing: 20004	 0.0	 0.0	 0.0	 0.0	 0.0	 0.0	 0.0	 0.0	 
50010	50000	10	 sysNum: 	25005	 MissingNum: 	0	 9166.325000000828	 229209	 2	 Protocol_Missing: 25005	 0.0	 0.0	 0.0	 0.0	 0.0	 0.0	 0.0	 0.0	 
50010	50000	10	 sysNum: 	20004	 MissingNum: 	0	 9099.695833334128	 226158	 2	 Protocol_Missing: 30006	 0.0	 0.0	 0.0	 0.0	 0.0	 0.0	 0.0	 0.0	 
50010	50000	10	 sysNum: 	15001	 MissingNum: 	0	 9046.820833334137	 225394	 2	 Protocol_Missing: 35009	 0.0	 0.0	 0.0	 0.0	 0.0	 0.0	 0.0	 0.0	 
50010	50000	10	 sysNum: 	10000	 MissingNum: 	0	 9109.450000000814	 226692	 2	 Protocol_Missing: 40010	 0.0	 0.0	 0.0	 0.0	 0.0	 0.0	 0.0	 0.0	 
50010	50000	10	 sysNum: 	4999	 MissingNum: 	0	 9082.491666667462	 225714	 2	 Protocol_Missing: 45001	 0.0	 0.0	 0.0	 0.0	 0.0	 0.0	 0.0	 0.0	 
50010	50000	10	 sysNum: 	45009	 MissingNum: 	0	 9192.187500000793	 226102	 2	 Protocol_Missing: 5001	 0.0	 0.0	 0.0	 0.0	 0.0	 0.0	 0.0	 0.0	 
50010	50000	10	 sysNum: 	40008	 MissingNum: 	0	 9174.595833334146	 225548	 2	 Protocol_Missing: 10002	 0.0	 0.0	 0.0	 0.0	 0.0	 0.0	 0.0	 0.0	 
50010	50000	10	 sysNum: 	35007	 MissingNum: 	0	 9124.575000000808	 225140	 2	 Protocol_Missing: 15003	 0.0	 0.0	 0.0	 0.0	 0.0	 0.0	 0.0	 0.0	 
50010	50000	10	 sysNum: 	30006	 MissingNum: 	0	 9116.45833333413	 225450	 2	 Protocol_Missing: 20004	 0.0	 0.0	 0.0	 0.0	 0.0	 0.0	 0.0	 0.0	 
50010	50000	10	 sysNum: 	25005	 MissingNum: 	0	 9084.754166667455	 224764	 2	 Protocol_Missing: 25005	 0.0	 0.0	 0.0	 0.0	 0.0	 0.0	 0.0	 0.0	 
50010	50000	10	 sysNum: 	20004	 MissingNum: 	0	 9138.091666667473	 227499	 2	 Protocol_Missing: 30006	 0.0	 0.0	 0.0	 0.0	 0.0	 0.0	 0.0	 0.0	 
50010	50000	10	 sysNum: 	15001	 MissingNum: 	0	 9070.012500000823	 226372	 2	 Protocol_Missing: 35009	 0.0	 0.0	 0.0	 0.0	 0.0	 0.0	 0.0	 0.0	 
50010	50000	10	 sysNum: 	10000	 MissingNum: 	0	 9215.375000000831	 228734	 2	 Protocol_Missing: 40010	 0.0	 0.0	 0.0	 0.0	 0.0	 0.0	 0.0	 0.0	 
50010	50000	10	 sysNum: 	4999	 MissingNum: 	0	 9271.775000000824	 228133	 2	 Protocol_Missing: 45001	 0.0	 0.0	 0.0	 0.0	 0.0	 0.0	 0.0	 0.0	 
50010	50000	10	 sysNum: 	45009	 MissingNum: 	0	 9045.920833334136	 225345	 2	 Protocol_Missing: 5001	 0.0	 0.0	 0.0	 0.0	 0.0	 0.0	 0.0	 0.0	 
50010	50000	10	 sysNum: 	40008	 MissingNum: 	0	 9170.258333334163	 226296	 2	 Protocol_Missing: 10002	 0.0	 0.0	 0.0	 0.0	 0.0	 0.0	 0.0	 0.0	 
50010	50000	10	 sysNum: 	35007	 MissingNum: 	0	 9118.233333334138	 226488	 2	 Protocol_Missing: 15003	 0.0	 0.0	 0.0	 0.0	 0.0	 0.0	 0.0	 0.0	 
50010	50000	10	 sysNum: 	30006	 MissingNum: 	0	 8940.895833334112	 224561	 2	 Protocol_Missing: 20004	 0.0	 0.0	 0.0	 0.0	 0.0	 0.0	 0.0	 0.0	 
50010	50000	10	 sysNum: 	25005	 MissingNum: 	0	 9210.779166667468	 226154	 2	 Protocol_Missing: 25005	 0.0	 0.0	 0.0	 0.0	 0.0	 0.0	 0.0	 0.0	 
50010	50000	10	 sysNum: 	20004	 MissingNum: 	0	 9044.970833334142	 226913	 2	 Protocol_Missing: 30006	 0.0	 0.0	 0.0	 0.0	 0.0	 0.0	 0.0	 0.0	 
50010	50000	10	 sysNum: 	15001	 MissingNum: 	0	 9099.758333334144	 226163	 2	 Protocol_Missing: 35009	 0.0	 0.0	 0.0	 0.0	 0.0	 0.0	 0.0	 0.0	 
50010	50000	10	 sysNum: 	10000	 MissingNum: 	0	 9052.9500000008	 226154	 2	 Protocol_Missing: 40010	 0.0	 0.0	 0.0	 0.0	 0.0	 0.0	 0.0	 0.0	 
50010	50000	10	 sysNum: 	4999	 MissingNum: 	0	 9101.883333334159	 225935	 2	 Protocol_Missing: 45001	 0.0	 0.0	 0.0	 0.0	 0.0	 0.0	 0.0	 0.0	 
50010	50000	10	 sysNum: 	45009	 MissingNum: 	0	 9300.533333334179	 225574	 2	 Protocol_Missing: 5001	 0.0	 0.0	 0.0	 0.0	 0.0	 0.0	 0.0	 0.0	 
50010	50000	10	 sysNum: 	40008	 MissingNum: 	0	 9243.150000000818	 227456	 2	 Protocol_Missing: 10002	 0.0	 0.0	 0.0	 0.0	 0.0	 0.0	 0.0	 0.0	 
50010	50000	10	 sysNum: 	35007	 MissingNum: 	0	 9094.587500000818	 228222	 2	 Protocol_Missing: 15003	 0.0	 0.0	 0.0	 0.0	 0.0	 0.0	 0.0	 0.0	 
50010	50000	10	 sysNum: 	30006	 MissingNum: 	0	 9056.183333334138	 225895	 2	 Protocol_Missing: 20004	 0.0	 0.0	 0.0	 0.0	 0.0	 0.0	 0.0	 0.0	 
50010	50000	10	 sysNum: 	25005	 MissingNum: 	0	 9093.604166667483	 227594	 2	 Protocol_Missing: 25005	 0.0	 0.0	 0.0	 0.0	 0.0	 0.0	 0.0	 0.0	 
50010	50000	10	 sysNum: 	20004	 MissingNum: 	0	 9036.687500000808	 225913	 2	 Protocol_Missing: 30006	 0.0	 0.0	 0.0	 0.0	 0.0	 0.0	 0.0	 0.0	 
50010	50000	10	 sysNum: 	15001	 MissingNum: 	0	 9081.41250000081	 226353	 2	 Protocol_Missing: 35009	 0.0	 0.0	 0.0	 0.0	 0.0	 0.0	 0.0	 0.0	 
50010	50000	10	 sysNum: 	10000	 MissingNum: 	0	 9047.350000000806	 225976	 2	 Protocol_Missing: 40010	 0.0	 0.0	 0.0	 0.0	 0.0	 0.0	 0.0	 0.0	 
50010	50000	10	 sysNum: 	4999	 MissingNum: 	0	 9192.912500000813	 226681	 2	 Protocol_Missing: 45001	 0.0	 0.0	 0.0	 0.0	 0.0	 0.0	 0.0	 0.0	 
50010	50000	10	 sysNum: 	45009	 MissingNum: 	0	 9129.737500000814	 227016	 2	 Protocol_Missing: 5001	 0.0	 0.0	 0.0	 0.0	 0.0	 0.0	 0.0	 0.0	 
50010	50000	10	 sysNum: 	40008	 MissingNum: 	0	 9075.895833334125	 225217	 2	 Protocol_Missing: 10002	 0.0	 0.0	 0.0	 0.0	 0.0	 0.0	 0.0	 0.0	 
50010	50000	10	 sysNum: 	35007	 MissingNum: 	0	 9187.654166667491	 225925	 2	 Protocol_Missing: 15003	 0.0	 0.0	 0.0	 0.0	 0.0	 0.0	 0.0	 0.0	 
50010	50000	10	 sysNum: 	30006	 MissingNum: 	0	 9166.016666667498	 227581	 2	 Protocol_Missing: 20004	 0.0	 0.0	 0.0	 0.0	 0.0	 0.0	 0.0	 0.0	 
50010	50000	10	 sysNum: 	25005	 MissingNum: 	0	 9039.67083333414	 225476	 2	 Protocol_Missing: 25005	 0.0	 0.0	 0.0	 0.0	 0.0	 0.0	 0.0	 0.0	 
50010	50000	10	 sysNum: 	20004	 MissingNum: 	0	 9081.30416666745	 226642	 2	 Protocol_Missing: 30006	 0.0	 0.0	 0.0	 0.0	 0.0	 0.0	 0.0	 0.0	 
50010	50000	10	 sysNum: 	15001	 MissingNum: 	0	 9255.670833334148	 228750	 2	 Protocol_Missing: 35009	 0.0	 0.0	 0.0	 0.0	 0.0	 0.0	 0.0	 0.0	 
50010	50000	10	 sysNum: 	10000	 MissingNum: 	0	 9076.516666667456	 225560	 2	 Protocol_Missing: 40010	 0.0	 0.0	 0.0	 0.0	 0.0	 0.0	 0.0	 0.0	 
50010	50000	10	 sysNum: 	4999	 MissingNum: 	0	 9050.862500000805	 225717	 2	 Protocol_Missing: 45001	 0.0	 0.0	 0.0	 0.0	 0.0	 0.0	 0.0	 0.0	 
50010	50000	10	 sysNum: 	45009	 MissingNum: 	0	 9110.845833334148	 227525	 2	 Protocol_Missing: 5001	 0.0	 0.0	 0.0	 0.0	 0.0	 0.0	 0.0	 0.0	 
50010	50000	10	 sysNum: 	40008	 MissingNum: 	0	 9204.691666667486	 226810	 2	 Protocol_Missing: 10002	 0.0	 0.0	 0.0	 0.0	 0.0	 0.0	 0.0	 0.0	 
50010	50000	10	 sysNum: 	35007	 MissingNum: 	0	 9134.379166667462	 226479	 2	 Protocol_Missing: 15003	 0.0	 0.0	 0.0	 0.0	 0.0	 0.0	 0.0	 0.0	 
50010	50000	10	 sysNum: 	30006	 MissingNum: 	0	 9084.137500000808	 226420	 2	 Protocol_Missing: 20004	 0.0	 0.0	 0.0	 0.0	 0.0	 0.0	 0.0	 0.0	 
50010	50000	10	 sysNum: 	25005	 MissingNum: 	0	 9014.970833334124	 224287	 2	 Protocol_Missing: 25005	 0.0	 0.0	 0.0	 0.0	 0.0	 0.0	 0.0	 0.0	 
50010	50000	10	 sysNum: 	20004	 MissingNum: 	0	 9270.225000000832	 228584	 2	 Protocol_Missing: 30006	 0.0	 0.0	 0.0	 0.0	 0.0	 0.0	 0.0	 0.0	 
50010	50000	10	 sysNum: 	15001	 MissingNum: 	0	 9052.387500000805	 226313	 2	 Protocol_Missing: 35009	 0.0	 0.0	 0.0	 0.0	 0.0	 0.0	 0.0	 0.0	 
50010	50000	10	 sysNum: 	10000	 MissingNum: 	0	 9076.058333334115	 226074	 2	 Protocol_Missing: 40010	 0.0	 0.0	 0.0	 0.0	 0.0	 0.0	 0.0	 0.0	 
50010	50000	10	 sysNum: 	4999	 MissingNum: 	0	 9128.004166667482	 229050	 2	 Protocol_Missing: 45001	 0.0	 0.0	 0.0	 0.0	 0.0	 0.0	 0.0	 0.0	 
50010	50000	10	 sysNum: 	45009	 MissingNum: 	0	 9201.233333334158	 228306	 2	 Protocol_Missing: 5001	 0.0	 0.0	 0.0	 0.0	 0.0	 0.0	 0.0	 0.0	 
50010	50000	10	 sysNum: 	40008	 MissingNum: 	0	 9098.975000000797	 225880	 2	 Protocol_Missing: 10002	 0.0	 0.0	 0.0	 0.0	 0.0	 0.0	 0.0	 0.0	 
50010	50000	10	 sysNum: 	35007	 MissingNum: 	0	 9146.19166666746	 226640	 2	 Protocol_Missing: 15003	 0.0	 0.0	 0.0	 0.0	 0.0	 0.0	 0.0	 0.0	 
50010	50000	10	 sysNum: 	30006	 MissingNum: 	0	 9064.691666667464	 226913	 2	 Protocol_Missing: 20004	 0.0	 0.0	 0.0	 0.0	 0.0	 0.0	 0.0	 0.0	 
50010	50000	10	 sysNum: 	25005	 MissingNum: 	0	 9108.995833334133	 226721	 2	 Protocol_Missing: 25005	 0.0	 0.0	 0.0	 0.0	 0.0	 0.0	 0.0	 0.0	 
50010	50000	10	 sysNum: 	20004	 MissingNum: 	0	 9220.845833334157	 229006	 2	 Protocol_Missing: 30006	 0.0	 0.0	 0.0	 0.0	 0.0	 0.0	 0.0	 0.0	 
50010	50000	10	 sysNum: 	15001	 MissingNum: 	0	 9091.000000000808	 226783	 2	 Protocol_Missing: 35009	 0.0	 0.0	 0.0	 0.0	 0.0	 0.0	 0.0	 0.0	 
50010	50000	10	 sysNum: 	10000	 MissingNum: 	0	 9111.937500000828	 225226	 2	 Protocol_Missing: 40010	 0.0	 0.0	 0.0	 0.0	 0.0	 0.0	 0.0	 0.0	 
50010	50000	10	 sysNum: 	4999	 MissingNum: 	0	 9167.466666667488	 227835	 2	 Protocol_Missing: 45001	 0.0	 0.0	 0.0	 0.0	 0.0	 0.0	 0.0	 0.0	 
50010	50000	10	 sysNum: 	45009	 MissingNum: 	0	 9092.725000000804	 225939	 2	 Protocol_Missing: 5001	 0.0	 0.0	 0.0	 0.0	 0.0	 0.0	 0.0	 0.0	 
50010	50000	10	 sysNum: 	40008	 MissingNum: 	0	 9030.195833334115	 225489	 2	 Protocol_Missing: 10002	 0.0	 0.0	 0.0	 0.0	 0.0	 0.0	 0.0	 0.0	 
50010	50000	10	 sysNum: 	35007	 MissingNum: 	0	 9163.71250000081	 227328	 2	 Protocol_Missing: 15003	 0.0	 0.0	 0.0	 0.0	 0.0	 0.0	 0.0	 0.0	 
50010	50000	10	 sysNum: 	30006	 MissingNum: 	0	 9134.45416666745	 226790	 2	 Protocol_Missing: 20004	 0.0	 0.0	 0.0	 0.0	 0.0	 0.0	 0.0	 0.0	 
50010	50000	10	 sysNum: 	25005	 MissingNum: 	0	 9162.36666666748	 226703	 2	 Protocol_Missing: 25005	 0.0	 0.0	 0.0	 0.0	 0.0	 0.0	 0.0	 0.0	 
50010	50000	10	 sysNum: 	20004	 MissingNum: 	0	 9191.975000000815	 228047	 2	 Protocol_Missing: 30006	 0.0	 0.0	 0.0	 0.0	 0.0	 0.0	 0.0	 0.0	 
50010	50000	10	 sysNum: 	15001	 MissingNum: 	0	 9004.066666667462	 225223	 2	 Protocol_Missing: 35009	 0.0	 0.0	 0.0	 0.0	 0.0	 0.0	 0.0	 0.0	 
50010	50000	10	 sysNum: 	10000	 MissingNum: 	0	 9082.045833334132	 226986	 2	 Protocol_Missing: 40010	 0.0	 0.0	 0.0	 0.0	 0.0	 0.0	 0.0	 0.0	 
50010	50000	10	 sysNum: 	4999	 MissingNum: 	0	 9053.6625000008	 226386	 2	 Protocol_Missing: 45001	 0.0	 0.0	 0.0	 0.0	 0.0	 0.0	 0.0	 0.0	 
50010	50000	10	 sysNum: 	45009	 MissingNum: 	0	 9269.15833333416	 228907	 2	 Protocol_Missing: 5001	 0.0	 0.0	 0.0	 0.0	 0.0	 0.0	 0.0	 0.0	 
50010	50000	10	 sysNum: 	40008	 MissingNum: 	0	 9008.47916666745	 226778	 2	 Protocol_Missing: 10002	 0.0	 0.0	 0.0	 0.0	 0.0	 0.0	 0.0	 0.0	 
50010	50000	10	 sysNum: 	35007	 MissingNum: 	0	 9205.362500000829	 228721	 2	 Protocol_Missing: 15003	 0.0	 0.0	 0.0	 0.0	 0.0	 0.0	 0.0	 0.0	 
50010	50000	10	 sysNum: 	30006	 MissingNum: 	0	 9249.804166667487	 228145	 2	 Protocol_Missing: 20004	 0.0	 0.0	 0.0	 0.0	 0.0	 0.0	 0.0	 0.0	 
50010	50000	10	 sysNum: 	25005	 MissingNum: 	0	 9128.541666667476	 226522	 2	 Protocol_Missing: 25005	 0.0	 0.0	 0.0	 0.0	 0.0	 0.0	 0.0	 0.0	 
50010	50000	10	 sysNum: 	20004	 MissingNum: 	0	 9109.954166667478	 226660	 2	 Protocol_Missing: 30006	 0.0	 0.0	 0.0	 0.0	 0.0	 0.0	 0.0	 0.0	 
50010	50000	10	 sysNum: 	15001	 MissingNum: 	0	 9129.258333334146	 225717	 2	 Protocol_Missing: 35009	 0.0	 0.0	 0.0	 0.0	 0.0	 0.0	 0.0	 0.0	 
50010	50000	10	 sysNum: 	10000	 MissingNum: 	0	 9037.304166667456	 225048	 2	 Protocol_Missing: 40010	 0.0	 0.0	 0.0	 0.0	 0.0	 0.0	 0.0	 0.0	 
50010	50000	10	 sysNum: 	4999	 MissingNum: 	0	 9170.712500000818	 226338	 2	 Protocol_Missing: 45001	 0.0	 0.0	 0.0	 0.0	 0.0	 0.0	 0.0	 0.0	 
50010	50000	10	 sysNum: 	45009	 MissingNum: 	0	 9052.779166667473	 225798	 2	 Protocol_Missing: 5001	 0.0	 0.0	 0.0	 0.0	 0.0	 0.0	 0.0	 0.0	 
50010	50000	10	 sysNum: 	40008	 MissingNum: 	0	 9098.437500000811	 226253	 2	 Protocol_Missing: 10002	 0.0	 0.0	 0.0	 0.0	 0.0	 0.0	 0.0	 0.0	 
50010	50000	10	 sysNum: 	35007	 MissingNum: 	0	 9134.541666667483	 227927	 2	 Protocol_Missing: 15003	 0.0	 0.0	 0.0	 0.0	 0.0	 0.0	 0.0	 0.0	 
50010	50000	10	 sysNum: 	30006	 MissingNum: 	0	 9105.391666667487	 227602	 2	 Protocol_Missing: 20004	 0.0	 0.0	 0.0	 0.0	 0.0	 0.0	 0.0	 0.0	 
50010	50000	10	 sysNum: 	25005	 MissingNum: 	0	 9151.804166667473	 226209	 2	 Protocol_Missing: 25005	 0.0	 0.0	 0.0	 0.0	 0.0	 0.0	 0.0	 0.0	 
50010	50000	10	 sysNum: 	20004	 MissingNum: 	0	 9130.60416666747	 228213	 2	 Protocol_Missing: 30006	 0.0	 0.0	 0.0	 0.0	 0.0	 0.0	 0.0	 0.0	 
50010	50000	10	 sysNum: 	15001	 MissingNum: 	0	 9237.408333334142	 226932	 2	 Protocol_Missing: 35009	 0.0	 0.0	 0.0	 0.0	 0.0	 0.0	 0.0	 0.0	 
50010	50000	10	 sysNum: 	10000	 MissingNum: 	0	 9313.695833334157	 226150	 2	 Protocol_Missing: 40010	 0.0	 0.0	 0.0	 0.0	 0.0	 0.0	 0.0	 0.0	 
50010	50000	10	 sysNum: 	4999	 MissingNum: 	0	 9143.366666667484	 226210	 2	 Protocol_Missing: 45001	 0.0	 0.0	 0.0	 0.0	 0.0	 0.0	 0.0	 0.0	 
50010	50000	10	 sysNum: 	45009	 MissingNum: 	0	 9189.195833334154	 229079	 2	 Protocol_Missing: 5001	 0.0	 0.0	 0.0	 0.0	 0.0	 0.0	 0.0	 0.0	 
50010	50000	10	 sysNum: 	40008	 MissingNum: 	0	 9061.875000000797	 226242	 2	 Protocol_Missing: 10002	 0.0	 0.0	 0.0	 0.0	 0.0	 0.0	 0.0	 0.0	 
50010	50000	10	 sysNum: 	35007	 MissingNum: 	0	 9172.645833334122	 225515	 2	 Protocol_Missing: 15003	 0.0	 0.0	 0.0	 0.0	 0.0	 0.0	 0.0	 0.0	 
50010	50000	10	 sysNum: 	30006	 MissingNum: 	0	 9204.750000000828	 227542	 2	 Protocol_Missing: 20004	 0.0	 0.0	 0.0	 0.0	 0.0	 0.0	 0.0	 0.0	 
50010	50000	10	 sysNum: 	25005	 MissingNum: 	0	 9180.51666666748	 227605	 2	 Protocol_Missing: 25005	 0.0	 0.0	 0.0	 0.0	 0.0	 0.0	 0.0	 0.0	 
50010	50000	10	 sysNum: 	20004	 MissingNum: 	0	 9130.691666667477	 227984	 2	 Protocol_Missing: 30006	 0.0	 0.0	 0.0	 0.0	 0.0	 0.0	 0.0	 0.0	 
50010	50000	10	 sysNum: 	15001	 MissingNum: 	0	 9122.591666667464	 226004	 2	 Protocol_Missing: 35009	 0.0	 0.0	 0.0	 0.0	 0.0	 0.0	 0.0	 0.0	 
50010	50000	10	 sysNum: 	10000	 MissingNum: 	0	 9090.237500000816	 227316	 2	 Protocol_Missing: 40010	 0.0	 0.0	 0.0	 0.0	 0.0	 0.0	 0.0	 0.0	 
50010	50000	10	 sysNum: 	4999	 MissingNum: 	0	 9187.437500000806	 226764	 2	 Protocol_Missing: 45001	 0.0	 0.0	 0.0	 0.0	 0.0	 0.0	 0.0	 0.0	 
50010	50000	10	 sysNum: 	45009	 MissingNum: 	0	 9131.604166667483	 226851	 2	 Protocol_Missing: 5001	 0.0	 0.0	 0.0	 0.0	 0.0	 0.0	 0.0	 0.0	 
50010	50000	10	 sysNum: 	40008	 MissingNum: 	0	 9121.233333334136	 226640	 2	 Protocol_Missing: 10002	 0.0	 0.0	 0.0	 0.0	 0.0	 0.0	 0.0	 0.0	 
50010	50000	10	 sysNum: 	35007	 MissingNum: 	0	 9179.308333334153	 225760	 2	 Protocol_Missing: 15003	 0.0	 0.0	 0.0	 0.0	 0.0	 0.0	 0.0	 0.0	 
50010	50000	10	 sysNum: 	30006	 MissingNum: 	0	 9102.225000000824	 225962	 2	 Protocol_Missing: 20004	 0.0	 0.0	 0.0	 0.0	 0.0	 0.0	 0.0	 0.0	 
50010	50000	10	 sysNum: 	25005	 MissingNum: 	0	 9109.51666666746	 225914	 2	 Protocol_Missing: 25005	 0.0	 0.0	 0.0	 0.0	 0.0	 0.0	 0.0	 0.0	 
50010	50000	10	 sysNum: 	20004	 MissingNum: 	0	 9165.666666667468	 226784	 2	 Protocol_Missing: 30006	 0.0	 0.0	 0.0	 0.0	 0.0	 0.0	 0.0	 0.0	 
50010	50000	10	 sysNum: 	15001	 MissingNum: 	0	 9162.475000000823	 227272	 2	 Protocol_Missing: 35009	 0.0	 0.0	 0.0	 0.0	 0.0	 0.0	 0.0	 0.0	 
50010	50000	10	 sysNum: 	10000	 MissingNum: 	0	 9081.658333334151	 228261	 2	 Protocol_Missing: 40010	 0.0	 0.0	 0.0	 0.0	 0.0	 0.0	 0.0	 0.0	 
50010	50000	10	 sysNum: 	4999	 MissingNum: 	0	 9204.50000000082	 227785	 2	 Protocol_Missing: 45001	 0.0	 0.0	 0.0	 0.0	 0.0	 0.0	 0.0	 0.0	 
50010	50000	10	 sysNum: 	45009	 MissingNum: 	0	 9157.01666666747	 226787	 2	 Protocol_Missing: 5001	 0.0	 0.0	 0.0	 0.0	 0.0	 0.0	 0.0	 0.0	 
50010	50000	10	 sysNum: 	40008	 MissingNum: 	0	 9071.070833334148	 226725	 2	 Protocol_Missing: 10002	 0.0	 0.0	 0.0	 0.0	 0.0	 0.0	 0.0	 0.0	 
50010	50000	10	 sysNum: 	35007	 MissingNum: 	0	 9116.475000000817	 228263	 2	 Protocol_Missing: 15003	 0.0	 0.0	 0.0	 0.0	 0.0	 0.0	 0.0	 0.0	 
50010	50000	10	 sysNum: 	30006	 MissingNum: 	0	 9137.491666667474	 225987	 2	 Protocol_Missing: 20004	 0.0	 0.0	 0.0	 0.0	 0.0	 0.0	 0.0	 0.0	 
50010	50000	10	 sysNum: 	25005	 MissingNum: 	0	 9211.583333334147	 225530	 2	 Protocol_Missing: 25005	 0.0	 0.0	 0.0	 0.0	 0.0	 0.0	 0.0	 0.0	 
50010	50000	10	 sysNum: 	20004	 MissingNum: 	0	 9143.441666667468	 227501	 2	 Protocol_Missing: 30006	 0.0	 0.0	 0.0	 0.0	 0.0	 0.0	 0.0	 0.0	 
50010	50000	10	 sysNum: 	15001	 MissingNum: 	0	 9171.845833334146	 227128	 2	 Protocol_Missing: 35009	 0.0	 0.0	 0.0	 0.0	 0.0	 0.0	 0.0	 0.0	 
50010	50000	10	 sysNum: 	10000	 MissingNum: 	0	 9148.862500000803	 226463	 2	 Protocol_Missing: 40010	 0.0	 0.0	 0.0	 0.0	 0.0	 0.0	 0.0	 0.0	 
50010	50000	10	 sysNum: 	4999	 MissingNum: 	0	 9117.704166667474	 226525	 2	 Protocol_Missing: 45001	 0.0	 0.0	 0.0	 0.0	 0.0	 0.0	 0.0	 0.0	 
50010	50000	10	 sysNum: 	45009	 MissingNum: 	0	 9118.600000000813	 227425	 2	 Protocol_Missing: 5001	 0.0	 0.0	 0.0	 0.0	 0.0	 0.0	 0.0	 0.0	 
50010	50000	10	 sysNum: 	40008	 MissingNum: 	0	 9040.391666667472	 225934	 2	 Protocol_Missing: 10002	 0.0	 0.0	 0.0	 0.0	 0.0	 0.0	 0.0	 0.0	 
50010	50000	10	 sysNum: 	35007	 MissingNum: 	0	 9270.137500000836	 230206	 2	 Protocol_Missing: 15003	 0.0	 0.0	 0.0	 0.0	 0.0	 0.0	 0.0	 0.0	 
50010	50000	10	 sysNum: 	30006	 MissingNum: 	0	 9228.791666667494	 226609	 2	 Protocol_Missing: 20004	 0.0	 0.0	 0.0	 0.0	 0.0	 0.0	 0.0	 0.0	 
50010	50000	10	 sysNum: 	25005	 MissingNum: 	0	 9212.13750000083	 225895	 2	 Protocol_Missing: 25005	 0.0	 0.0	 0.0	 0.0	 0.0	 0.0	 0.0	 0.0	 
50010	50000	10	 sysNum: 	20004	 MissingNum: 	0	 9097.466666667486	 227986	 2	 Protocol_Missing: 30006	 0.0	 0.0	 0.0	 0.0	 0.0	 0.0	 0.0	 0.0	 
50010	50000	10	 sysNum: 	15001	 MissingNum: 	0	 9125.462500000802	 226384	 2	 Protocol_Missing: 35009	 0.0	 0.0	 0.0	 0.0	 0.0	 0.0	 0.0	 0.0	 
50010	50000	10	 sysNum: 	10000	 MissingNum: 	0	 9012.683333334147	 226468	 2	 Protocol_Missing: 40010	 0.0	 0.0	 0.0	 0.0	 0.0	 0.0	 0.0	 0.0	 
50010	50000	10	 sysNum: 	4999	 MissingNum: 	0	 9139.458333334123	 224698	 2	 Protocol_Missing: 45001	 0.0	 0.0	 0.0	 0.0	 0.0	 0.0	 0.0	 0.0	 
50010	50000	10	 sysNum: 	45009	 MissingNum: 	0	 8972.341666667462	 224974	 2	 Protocol_Missing: 5001	 0.0	 0.0	 0.0	 0.0	 0.0	 0.0	 0.0	 0.0	 
50010	50000	10	 sysNum: 	40008	 MissingNum: 	0	 9247.954166667476	 228734	 2	 Protocol_Missing: 10002	 0.0	 0.0	 0.0	 0.0	 0.0	 0.0	 0.0	 0.0	 
50010	50000	10	 sysNum: 	35007	 MissingNum: 	0	 8987.641666667445	 224829	 2	 Protocol_Missing: 15003	 0.0	 0.0	 0.0	 0.0	 0.0	 0.0	 0.0	 0.0	 
50010	50000	10	 sysNum: 	30006	 MissingNum: 	0	 9095.266666667456	 226396	 2	 Protocol_Missing: 20004	 0.0	 0.0	 0.0	 0.0	 0.0	 0.0	 0.0	 0.0	 
50010	50000	10	 sysNum: 	25005	 MissingNum: 	0	 9192.445833334144	 227633	 2	 Protocol_Missing: 25005	 0.0	 0.0	 0.0	 0.0	 0.0	 0.0	 0.0	 0.0	 
50010	50000	10	 sysNum: 	20004	 MissingNum: 	0	 9349.087500000822	 225726	 2	 Protocol_Missing: 30006	 0.0	 0.0	 0.0	 0.0	 0.0	 0.0	 0.0	 0.0	 
50010	50000	10	 sysNum: 	15001	 MissingNum: 	0	 9022.587500000813	 226090	 2	 Protocol_Missing: 35009	 0.0	 0.0	 0.0	 0.0	 0.0	 0.0	 0.0	 0.0	 
50010	50000	10	 sysNum: 	10000	 MissingNum: 	0	 9051.28333333413	 226350	 2	 Protocol_Missing: 40010	 0.0	 0.0	 0.0	 0.0	 0.0	 0.0	 0.0	 0.0	 
50010	50000	10	 sysNum: 	4999	 MissingNum: 	0	 9325.550000000814	 227770	 2	 Protocol_Missing: 45001	 0.0	 0.0	 0.0	 0.0	 0.0	 0.0	 0.0	 0.0	 
50010	50000	10	 sysNum: 	45009	 MissingNum: 	0	 9132.81666666748	 226797	 2	 Protocol_Missing: 5001	 0.0	 0.0	 0.0	 0.0	 0.0	 0.0	 0.0	 0.0	 
50010	50000	10	 sysNum: 	40008	 MissingNum: 	0	 9036.012500000794	 224420	 2	 Protocol_Missing: 10002	 0.0	 0.0	 0.0	 0.0	 0.0	 0.0	 0.0	 0.0	 
50010	50000	10	 sysNum: 	35007	 MissingNum: 	0	 9153.337500000827	 227444	 2	 Protocol_Missing: 15003	 0.0	 0.0	 0.0	 0.0	 0.0	 0.0	 0.0	 0.0	 
50010	50000	10	 sysNum: 	30006	 MissingNum: 	0	 9158.900000000818	 228174	 2	 Protocol_Missing: 20004	 0.0	 0.0	 0.0	 0.0	 0.0	 0.0	 0.0	 0.0	 
50010	50000	10	 sysNum: 	25005	 MissingNum: 	0	 8988.479166667466	 225188	 2	 Protocol_Missing: 25005	 0.0	 0.0	 0.0	 0.0	 0.0	 0.0	 0.0	 0.0	 
50010	50000	10	 sysNum: 	20004	 MissingNum: 	0	 9045.250000000806	 226692	 2	 Protocol_Missing: 30006	 0.0	 0.0	 0.0	 0.0	 0.0	 0.0	 0.0	 0.0	 
50010	50000	10	 sysNum: 	15001	 MissingNum: 	0	 9185.575000000817	 228032	 2	 Protocol_Missing: 35009	 0.0	 0.0	 0.0	 0.0	 0.0	 0.0	 0.0	 0.0	 
50010	50000	10	 sysNum: 	10000	 MissingNum: 	0	 9117.420833334145	 227047	 2	 Protocol_Missing: 40010	 0.0	 0.0	 0.0	 0.0	 0.0	 0.0	 0.0	 0.0	 
50010	50000	10	 sysNum: 	4999	 MissingNum: 	0	 9198.52083333417	 228127	 2	 Protocol_Missing: 45001	 0.0	 0.0	 0.0	 0.0	 0.0	 0.0	 0.0	 0.0	 
50010	50000	10	 sysNum: 	45009	 MissingNum: 	0	 9169.920833334152	 228529	 2	 Protocol_Missing: 5001	 0.0	 0.0	 0.0	 0.0	 0.0	 0.0	 0.0	 0.0	 
50010	50000	10	 sysNum: 	40008	 MissingNum: 	0	 9189.933333334133	 225341	 2	 Protocol_Missing: 10002	 0.0	 0.0	 0.0	 0.0	 0.0	 0.0	 0.0	 0.0	 
50010	50000	10	 sysNum: 	35007	 MissingNum: 	0	 9169.950000000807	 227782	 2	 Protocol_Missing: 15003	 0.0	 0.0	 0.0	 0.0	 0.0	 0.0	 0.0	 0.0	 
50010	50000	10	 sysNum: 	30006	 MissingNum: 	0	 9194.39583333415	 226528	 2	 Protocol_Missing: 20004	 0.0	 0.0	 0.0	 0.0	 0.0	 0.0	 0.0	 0.0	 
50010	50000	10	 sysNum: 	25005	 MissingNum: 	0	 9020.737500000792	 224073	 2	 Protocol_Missing: 25005	 0.0	 0.0	 0.0	 0.0	 0.0	 0.0	 0.0	 0.0	 
50010	50000	10	 sysNum: 	20004	 MissingNum: 	0	 9065.266666667487	 228062	 2	 Protocol_Missing: 30006	 0.0	 0.0	 0.0	 0.0	 0.0	 0.0	 0.0	 0.0	 
50010	50000	10	 sysNum: 	15001	 MissingNum: 	0	 9196.108333334147	 228433	 2	 Protocol_Missing: 35009	 0.0	 0.0	 0.0	 0.0	 0.0	 0.0	 0.0	 0.0	 
50010	50000	10	 sysNum: 	10000	 MissingNum: 	0	 9117.400000000809	 227396	 2	 Protocol_Missing: 40010	 0.0	 0.0	 0.0	 0.0	 0.0	 0.0	 0.0	 0.0	 
50010	50000	10	 sysNum: 	4999	 MissingNum: 	0	 9103.56666666748	 227074	 2	 Protocol_Missing: 45001	 0.0	 0.0	 0.0	 0.0	 0.0	 0.0	 0.0	 0.0	 
50010	50000	10	 sysNum: 	45009	 MissingNum: 	0	 9022.975000000804	 226294	 2	 Protocol_Missing: 5001	 0.0	 0.0	 0.0	 0.0	 0.0	 0.0	 0.0	 0.0	 
50010	50000	10	 sysNum: 	40008	 MissingNum: 	0	 9109.97500000082	 226604	 2	 Protocol_Missing: 10002	 0.0	 0.0	 0.0	 0.0	 0.0	 0.0	 0.0	 0.0	 
50010	50000	10	 sysNum: 	35007	 MissingNum: 	0	 9150.495833334151	 227568	 2	 Protocol_Missing: 15003	 0.0	 0.0	 0.0	 0.0	 0.0	 0.0	 0.0	 0.0	 
50010	50000	10	 sysNum: 	30006	 MissingNum: 	0	 9150.34166666749	 227658	 2	 Protocol_Missing: 20004	 0.0	 0.0	 0.0	 0.0	 0.0	 0.0	 0.0	 0.0	 
50010	50000	10	 sysNum: 	25005	 MissingNum: 	0	 9143.654166667455	 226255	 2	 Protocol_Missing: 25005	 0.0	 0.0	 0.0	 0.0	 0.0	 0.0	 0.0	 0.0	 
50010	50000	10	 sysNum: 	20004	 MissingNum: 	0	 9134.283333334151	 226138	 2	 Protocol_Missing: 30006	 0.0	 0.0	 0.0	 0.0	 0.0	 0.0	 0.0	 0.0	 
50010	50000	10	 sysNum: 	15001	 MissingNum: 	0	 9087.983333334121	 224629	 2	 Protocol_Missing: 35009	 0.0	 0.0	 0.0	 0.0	 0.0	 0.0	 0.0	 0.0	 
50010	50000	10	 sysNum: 	10000	 MissingNum: 	0	 9145.270833334136	 226392	 2	 Protocol_Missing: 40010	 0.0	 0.0	 0.0	 0.0	 0.0	 0.0	 0.0	 0.0	 
50010	50000	10	 sysNum: 	4999	 MissingNum: 	0	 9177.316666667495	 228271	 2	 Protocol_Missing: 45001	 0.0	 0.0	 0.0	 0.0	 0.0	 0.0	 0.0	 0.0	 
50010	50000	10	 sysNum: 	45009	 MissingNum: 	0	 9211.075000000817	 228370	 2	 Protocol_Missing: 5001	 0.0	 0.0	 0.0	 0.0	 0.0	 0.0	 0.0	 0.0	 
50010	50000	10	 sysNum: 	40008	 MissingNum: 	0	 9144.525000000804	 225408	 2	 Protocol_Missing: 10002	 0.0	 0.0	 0.0	 0.0	 0.0	 0.0	 0.0	 0.0	 
50010	50000	10	 sysNum: 	35007	 MissingNum: 	0	 9049.800000000794	 226129	 2	 Protocol_Missing: 15003	 0.0	 0.0	 0.0	 0.0	 0.0	 0.0	 0.0	 0.0	 
50010	50000	10	 sysNum: 	30006	 MissingNum: 	0	 9142.383333334134	 225763	 2	 Protocol_Missing: 20004	 0.0	 0.0	 0.0	 0.0	 0.0	 0.0	 0.0	 0.0	 
50010	50000	10	 sysNum: 	25005	 MissingNum: 	0	 9125.558333334147	 226988	 2	 Protocol_Missing: 25005	 0.0	 0.0	 0.0	 0.0	 0.0	 0.0	 0.0	 0.0	 
50010	50000	10	 sysNum: 	20004	 MissingNum: 	0	 9192.075000000823	 227026	 2	 Protocol_Missing: 30006	 0.0	 0.0	 0.0	 0.0	 0.0	 0.0	 0.0	 0.0	 
50010	50000	10	 sysNum: 	15001	 MissingNum: 	0	 9211.754166667508	 226369	 2	 Protocol_Missing: 35009	 0.0	 0.0	 0.0	 0.0	 0.0	 0.0	 0.0	 0.0	 
50010	50000	10	 sysNum: 	10000	 MissingNum: 	0	 9188.645833334142	 227131	 2	 Protocol_Missing: 40010	 0.0	 0.0	 0.0	 0.0	 0.0	 0.0	 0.0	 0.0	 
50010	50000	10	 sysNum: 	4999	 MissingNum: 	0	 9027.787500000806	 226150	 2	 Protocol_Missing: 45001	 0.0	 0.0	 0.0	 0.0	 0.0	 0.0	 0.0	 0.0	 
50010	50000	10	 sysNum: 	45009	 MissingNum: 	0	 9163.366666667505	 226948	 2	 Protocol_Missing: 5001	 0.0	 0.0	 0.0	 0.0	 0.0	 0.0	 0.0	 0.0	 
50010	50000	10	 sysNum: 	40008	 MissingNum: 	0	 9098.283333334155	 225753	 2	 Protocol_Missing: 10002	 0.0	 0.0	 0.0	 0.0	 0.0	 0.0	 0.0	 0.0	 
50010	50000	10	 sysNum: 	35007	 MissingNum: 	0	 9092.200000000817	 226655	 2	 Protocol_Missing: 15003	 0.0	 0.0	 0.0	 0.0	 0.0	 0.0	 0.0	 0.0	 
50010	50000	10	 sysNum: 	30006	 MissingNum: 	0	 9107.900000000776	 225430	 2	 Protocol_Missing: 20004	 0.0	 0.0	 0.0	 0.0	 0.0	 0.0	 0.0	 0.0	 
50010	50000	10	 sysNum: 	25005	 MissingNum: 	0	 9116.55000000081	 226662	 2	 Protocol_Missing: 25005	 0.0	 0.0	 0.0	 0.0	 0.0	 0.0	 0.0	 0.0	 
50010	50000	10	 sysNum: 	20004	 MissingNum: 	0	 9083.82500000081	 227062	 2	 Protocol_Missing: 30006	 0.0	 0.0	 0.0	 0.0	 0.0	 0.0	 0.0	 0.0	 
50010	50000	10	 sysNum: 	15001	 MissingNum: 	0	 9219.25000000082	 228277	 2	 Protocol_Missing: 35009	 0.0	 0.0	 0.0	 0.0	 0.0	 0.0	 0.0	 0.0	 
50010	50000	10	 sysNum: 	10000	 MissingNum: 	0	 9161.516666667492	 225614	 2	 Protocol_Missing: 40010	 0.0	 0.0	 0.0	 0.0	 0.0	 0.0	 0.0	 0.0	 
50010	50000	10	 sysNum: 	4999	 MissingNum: 	0	 9201.345833334142	 226700	 2	 Protocol_Missing: 45001	 0.0	 0.0	 0.0	 0.0	 0.0	 0.0	 0.0	 0.0	 
50010	50000	10	 sysNum: 	45009	 MissingNum: 	0	 9121.516666667472	 226648	 2	 Protocol_Missing: 5001	 0.0	 0.0	 0.0	 0.0	 0.0	 0.0	 0.0	 0.0	 
50010	50000	10	 sysNum: 	40008	 MissingNum: 	0	 9039.654166667475	 225786	 2	 Protocol_Missing: 10002	 0.0	 0.0	 0.0	 0.0	 0.0	 0.0	 0.0	 0.0	 
50010	50000	10	 sysNum: 	35007	 MissingNum: 	0	 9106.27500000081	 225184	 2	 Protocol_Missing: 15003	 0.0	 0.0	 0.0	 0.0	 0.0	 0.0	 0.0	 0.0	 
50010	50000	10	 sysNum: 	30006	 MissingNum: 	0	 9065.129166667468	 226455	 2	 Protocol_Missing: 20004	 0.0	 0.0	 0.0	 0.0	 0.0	 0.0	 0.0	 0.0	 
50010	50000	10	 sysNum: 	25005	 MissingNum: 	0	 9176.795833334161	 228955	 2	 Protocol_Missing: 25005	 0.0	 0.0	 0.0	 0.0	 0.0	 0.0	 0.0	 0.0	 
50010	50000	10	 sysNum: 	20004	 MissingNum: 	0	 9051.758333334134	 226479	 2	 Protocol_Missing: 30006	 0.0	 0.0	 0.0	 0.0	 0.0	 0.0	 0.0	 0.0	 
50010	50000	10	 sysNum: 	15001	 MissingNum: 	0	 9041.74583333414	 225498	 2	 Protocol_Missing: 35009	 0.0	 0.0	 0.0	 0.0	 0.0	 0.0	 0.0	 0.0	 
50010	50000	10	 sysNum: 	10000	 MissingNum: 	0	 9167.820833334132	 226131	 2	 Protocol_Missing: 40010	 0.0	 0.0	 0.0	 0.0	 0.0	 0.0	 0.0	 0.0	 
50010	50000	10	 sysNum: 	4999	 MissingNum: 	0	 9286.108333334161	 229138	 2	 Protocol_Missing: 45001	 0.0	 0.0	 0.0	 0.0	 0.0	 0.0	 0.0	 0.0	 
50010	50000	10	 sysNum: 	45009	 MissingNum: 	0	 9219.62916666749	 227603	 2	 Protocol_Missing: 5001	 0.0	 0.0	 0.0	 0.0	 0.0	 0.0	 0.0	 0.0	 
50010	50000	10	 sysNum: 	40008	 MissingNum: 	0	 9104.508333334152	 227111	 2	 Protocol_Missing: 10002	 0.0	 0.0	 0.0	 0.0	 0.0	 0.0	 0.0	 0.0	 
50010	50000	10	 sysNum: 	35007	 MissingNum: 	0	 8962.295833334121	 224361	 2	 Protocol_Missing: 15003	 0.0	 0.0	 0.0	 0.0	 0.0	 0.0	 0.0	 0.0	 
50010	50000	10	 sysNum: 	30006	 MissingNum: 	0	 9188.025000000831	 227174	 2	 Protocol_Missing: 20004	 0.0	 0.0	 0.0	 0.0	 0.0	 0.0	 0.0	 0.0	 
50010	50000	10	 sysNum: 	25005	 MissingNum: 	0	 9188.379166667495	 227395	 2	 Protocol_Missing: 25005	 0.0	 0.0	 0.0	 0.0	 0.0	 0.0	 0.0	 0.0	 
50010	50000	10	 sysNum: 	20004	 MissingNum: 	0	 9131.02500000082	 227676	 2	 Protocol_Missing: 30006	 0.0	 0.0	 0.0	 0.0	 0.0	 0.0	 0.0	 0.0	 
50010	50000	10	 sysNum: 	15001	 MissingNum: 	0	 9123.045833334154	 226897	 2	 Protocol_Missing: 35009	 0.0	 0.0	 0.0	 0.0	 0.0	 0.0	 0.0	 0.0	 
50010	50000	10	 sysNum: 	10000	 MissingNum: 	0	 9218.350000000817	 227842	 2	 Protocol_Missing: 40010	 0.0	 0.0	 0.0	 0.0	 0.0	 0.0	 0.0	 0.0	 
50010	50000	10	 sysNum: 	4999	 MissingNum: 	0	 9133.783333334153	 226890	 2	 Protocol_Missing: 45001	 0.0	 0.0	 0.0	 0.0	 0.0	 0.0	 0.0	 0.0	 
50010	50000	10	 sysNum: 	45009	 MissingNum: 	0	 9127.27500000081	 226191	 2	 Protocol_Missing: 5001	 0.0	 0.0	 0.0	 0.0	 0.0	 0.0	 0.0	 0.0	 
50010	50000	10	 sysNum: 	40008	 MissingNum: 	0	 9059.645833334123	 225462	 2	 Protocol_Missing: 10002	 0.0	 0.0	 0.0	 0.0	 0.0	 0.0	 0.0	 0.0	 
50010	50000	10	 sysNum: 	35007	 MissingNum: 	0	 9151.162500000803	 225975	 2	 Protocol_Missing: 15003	 0.0	 0.0	 0.0	 0.0	 0.0	 0.0	 0.0	 0.0	 
50010	50000	10	 sysNum: 	30006	 MissingNum: 	0	 9194.32083333415	 227247	 2	 Protocol_Missing: 20004	 0.0	 0.0	 0.0	 0.0	 0.0	 0.0	 0.0	 0.0	 
50010	50000	10	 sysNum: 	25005	 MissingNum: 	0	 9203.862500000812	 226651	 2	 Protocol_Missing: 25005	 0.0	 0.0	 0.0	 0.0	 0.0	 0.0	 0.0	 0.0	 
50010	50000	10	 sysNum: 	20004	 MissingNum: 	0	 9088.587500000807	 225797	 2	 Protocol_Missing: 30006	 0.0	 0.0	 0.0	 0.0	 0.0	 0.0	 0.0	 0.0	 
50010	50000	10	 sysNum: 	15001	 MissingNum: 	0	 9084.625000000795	 225417	 2	 Protocol_Missing: 35009	 0.0	 0.0	 0.0	 0.0	 0.0	 0.0	 0.0	 0.0	 
50010	50000	10	 sysNum: 	10000	 MissingNum: 	0	 9100.162500000812	 228203	 2	 Protocol_Missing: 40010	 0.0	 0.0	 0.0	 0.0	 0.0	 0.0	 0.0	 0.0	 
50010	50000	10	 sysNum: 	4999	 MissingNum: 	0	 9098.225000000806	 226762	 2	 Protocol_Missing: 45001	 0.0	 0.0	 0.0	 0.0	 0.0	 0.0	 0.0	 0.0	 
50010	50000	10	 sysNum: 	45009	 MissingNum: 	0	 9171.7000000008	 227338	 2	 Protocol_Missing: 5001	 0.0	 0.0	 0.0	 0.0	 0.0	 0.0	 0.0	 0.0	 
50010	50000	10	 sysNum: 	40008	 MissingNum: 	0	 9239.383333334148	 227410	 2	 Protocol_Missing: 10002	 0.0	 0.0	 0.0	 0.0	 0.0	 0.0	 0.0	 0.0	 
50010	50000	10	 sysNum: 	35007	 MissingNum: 	0	 9241.412500000826	 227338	 2	 Protocol_Missing: 15003	 0.0	 0.0	 0.0	 0.0	 0.0	 0.0	 0.0	 0.0	 
50010	50000	10	 sysNum: 	30006	 MissingNum: 	0	 9167.029166667477	 227731	 2	 Protocol_Missing: 20004	 0.0	 0.0	 0.0	 0.0	 0.0	 0.0	 0.0	 0.0	 
50010	50000	10	 sysNum: 	25005	 MissingNum: 	0	 8995.100000000806	 226080	 2	 Protocol_Missing: 25005	 0.0	 0.0	 0.0	 0.0	 0.0	 0.0	 0.0	 0.0	 
50010	50000	10	 sysNum: 	20004	 MissingNum: 	0	 9203.45000000081	 228382	 2	 Protocol_Missing: 30006	 0.0	 0.0	 0.0	 0.0	 0.0	 0.0	 0.0	 0.0	 
50010	50000	10	 sysNum: 	15001	 MissingNum: 	0	 9160.866666667478	 225380	 2	 Protocol_Missing: 35009	 0.0	 0.0	 0.0	 0.0	 0.0	 0.0	 0.0	 0.0	 
50010	50000	10	 sysNum: 	10000	 MissingNum: 	0	 9102.454166667458	 226492	 2	 Protocol_Missing: 40010	 0.0	 0.0	 0.0	 0.0	 0.0	 0.0	 0.0	 0.0	 
50010	50000	10	 sysNum: 	4999	 MissingNum: 	0	 9000.929166667454	 225017	 2	 Protocol_Missing: 45001	 0.0	 0.0	 0.0	 0.0	 0.0	 0.0	 0.0	 0.0	 
50010	50000	10	 sysNum: 	45009	 MissingNum: 	0	 9273.791666667485	 224516	 2	 Protocol_Missing: 5001	 0.0	 0.0	 0.0	 0.0	 0.0	 0.0	 0.0	 0.0	 
50010	50000	10	 sysNum: 	40008	 MissingNum: 	0	 9060.99583333414	 225249	 2	 Protocol_Missing: 10002	 0.0	 0.0	 0.0	 0.0	 0.0	 0.0	 0.0	 0.0	 
50010	50000	10	 sysNum: 	35007	 MissingNum: 	0	 9107.45416666747	 226742	 2	 Protocol_Missing: 15003	 0.0	 0.0	 0.0	 0.0	 0.0	 0.0	 0.0	 0.0	 
50010	50000	10	 sysNum: 	30006	 MissingNum: 	0	 9137.125000000817	 227097	 2	 Protocol_Missing: 20004	 0.0	 0.0	 0.0	 0.0	 0.0	 0.0	 0.0	 0.0	 
50010	50000	10	 sysNum: 	25005	 MissingNum: 	0	 9301.050000000832	 228644	 2	 Protocol_Missing: 25005	 0.0	 0.0	 0.0	 0.0	 0.0	 0.0	 0.0	 0.0	 
50010	50000	10	 sysNum: 	20004	 MissingNum: 	0	 9015.575000000803	 225415	 2	 Protocol_Missing: 30006	 0.0	 0.0	 0.0	 0.0	 0.0	 0.0	 0.0	 0.0	 
50010	50000	10	 sysNum: 	15001	 MissingNum: 	0	 9005.300000000798	 225832	 2	 Protocol_Missing: 35009	 0.0	 0.0	 0.0	 0.0	 0.0	 0.0	 0.0	 0.0	 
50010	50000	10	 sysNum: 	10000	 MissingNum: 	0	 9042.195833334115	 224910	 2	 Protocol_Missing: 40010	 0.0	 0.0	 0.0	 0.0	 0.0	 0.0	 0.0	 0.0	 
50010	50000	10	 sysNum: 	4999	 MissingNum: 	0	 9047.591666667473	 226723	 2	 Protocol_Missing: 45001	 0.0	 0.0	 0.0	 0.0	 0.0	 0.0	 0.0	 0.0	 
50010	50000	10	 sysNum: 	45009	 MissingNum: 	0	 9153.741666667476	 226598	 2	 Protocol_Missing: 5001	 0.0	 0.0	 0.0	 0.0	 0.0	 0.0	 0.0	 0.0	 
50010	50000	10	 sysNum: 	40008	 MissingNum: 	0	 9167.587500000833	 228154	 2	 Protocol_Missing: 10002	 0.0	 0.0	 0.0	 0.0	 0.0	 0.0	 0.0	 0.0	 
50010	50000	10	 sysNum: 	35007	 MissingNum: 	0	 9186.170833334148	 227258	 2	 Protocol_Missing: 15003	 0.0	 0.0	 0.0	 0.0	 0.0	 0.0	 0.0	 0.0	 
50010	50000	10	 sysNum: 	30006	 MissingNum: 	0	 9060.862500000794	 225845	 2	 Protocol_Missing: 20004	 0.0	 0.0	 0.0	 0.0	 0.0	 0.0	 0.0	 0.0	 
50010	50000	10	 sysNum: 	25005	 MissingNum: 	0	 9087.141666667474	 228411	 2	 Protocol_Missing: 25005	 0.0	 0.0	 0.0	 0.0	 0.0	 0.0	 0.0	 0.0	 
50010	50000	10	 sysNum: 	20004	 MissingNum: 	0	 9099.28750000081	 226525	 2	 Protocol_Missing: 30006	 0.0	 0.0	 0.0	 0.0	 0.0	 0.0	 0.0	 0.0	 
50010	50000	10	 sysNum: 	15001	 MissingNum: 	0	 9093.245833334147	 225935	 2	 Protocol_Missing: 35009	 0.0	 0.0	 0.0	 0.0	 0.0	 0.0	 0.0	 0.0	 
50010	50000	10	 sysNum: 	10000	 MissingNum: 	0	 9101.74166666747	 228294	 2	 Protocol_Missing: 40010	 0.0	 0.0	 0.0	 0.0	 0.0	 0.0	 0.0	 0.0	 
50010	50000	10	 sysNum: 	4999	 MissingNum: 	0	 9176.22083333416	 227178	 2	 Protocol_Missing: 45001	 0.0	 0.0	 0.0	 0.0	 0.0	 0.0	 0.0	 0.0	 
50010	50000	10	 sysNum: 	45009	 MissingNum: 	0	 9151.500000000817	 226329	 2	 Protocol_Missing: 5001	 0.0	 0.0	 0.0	 0.0	 0.0	 0.0	 0.0	 0.0	 
50010	50000	10	 sysNum: 	40008	 MissingNum: 	0	 9167.07083333416	 228107	 2	 Protocol_Missing: 10002	 0.0	 0.0	 0.0	 0.0	 0.0	 0.0	 0.0	 0.0	 
50010	50000	10	 sysNum: 	35007	 MissingNum: 	0	 9097.362500000812	 226216	 2	 Protocol_Missing: 15003	 0.0	 0.0	 0.0	 0.0	 0.0	 0.0	 0.0	 0.0	 
50010	50000	10	 sysNum: 	30006	 MissingNum: 	0	 9058.841666667466	 226909	 2	 Protocol_Missing: 20004	 0.0	 0.0	 0.0	 0.0	 0.0	 0.0	 0.0	 0.0	 
50010	50000	10	 sysNum: 	25005	 MissingNum: 	0	 9135.575000000788	 227497	 2	 Protocol_Missing: 25005	 0.0	 0.0	 0.0	 0.0	 0.0	 0.0	 0.0	 0.0	 
50010	50000	10	 sysNum: 	20004	 MissingNum: 	0	 9004.879166667457	 224758	 2	 Protocol_Missing: 30006	 0.0	 0.0	 0.0	 0.0	 0.0	 0.0	 0.0	 0.0	 
50010	50000	10	 sysNum: 	15001	 MissingNum: 	0	 9193.145833334162	 226938	 2	 Protocol_Missing: 35009	 0.0	 0.0	 0.0	 0.0	 0.0	 0.0	 0.0	 0.0	 
50010	50000	10	 sysNum: 	10000	 MissingNum: 	0	 9160.166666667486	 227629	 2	 Protocol_Missing: 40010	 0.0	 0.0	 0.0	 0.0	 0.0	 0.0	 0.0	 0.0	 
50010	50000	10	 sysNum: 	4999	 MissingNum: 	0	 9256.266666667485	 228167	 2	 Protocol_Missing: 45001	 0.0	 0.0	 0.0	 0.0	 0.0	 0.0	 0.0	 0.0	 
50010	50000	10	 sysNum: 	45009	 MissingNum: 	0	 9096.795833334138	 227183	 2	 Protocol_Missing: 5001	 0.0	 0.0	 0.0	 0.0	 0.0	 0.0	 0.0	 0.0	 
50010	50000	10	 sysNum: 	40008	 MissingNum: 	0	 9187.187500000793	 226399	 2	 Protocol_Missing: 10002	 0.0	 0.0	 0.0	 0.0	 0.0	 0.0	 0.0	 0.0	 
50010	50000	10	 sysNum: 	35007	 MissingNum: 	0	 9138.850000000817	 227774	 2	 Protocol_Missing: 15003	 0.0	 0.0	 0.0	 0.0	 0.0	 0.0	 0.0	 0.0	 
50010	50000	10	 sysNum: 	30006	 MissingNum: 	0	 9177.74583333414	 226917	 2	 Protocol_Missing: 20004	 0.0	 0.0	 0.0	 0.0	 0.0	 0.0	 0.0	 0.0	 
50010	50000	10	 sysNum: 	25005	 MissingNum: 	0	 9121.900000000815	 227432	 2	 Protocol_Missing: 25005	 0.0	 0.0	 0.0	 0.0	 0.0	 0.0	 0.0	 0.0	 
50010	50000	10	 sysNum: 	20004	 MissingNum: 	0	 9062.43750000079	 225363	 2	 Protocol_Missing: 30006	 0.0	 0.0	 0.0	 0.0	 0.0	 0.0	 0.0	 0.0	 
50010	50000	10	 sysNum: 	15001	 MissingNum: 	0	 9116.695833334126	 225903	 2	 Protocol_Missing: 35009	 0.0	 0.0	 0.0	 0.0	 0.0	 0.0	 0.0	 0.0	 
50010	50000	10	 sysNum: 	10000	 MissingNum: 	0	 9064.275000000789	 226338	 2	 Protocol_Missing: 40010	 0.0	 0.0	 0.0	 0.0	 0.0	 0.0	 0.0	 0.0	 
50010	50000	10	 sysNum: 	4999	 MissingNum: 	0	 9192.662500000826	 226209	 2	 Protocol_Missing: 45001	 0.0	 0.0	 0.0	 0.0	 0.0	 0.0	 0.0	 0.0	 
50010	50000	10	 sysNum: 	45009	 MissingNum: 	0	 8925.36250000078	 224491	 2	 Protocol_Missing: 5001	 0.0	 0.0	 0.0	 0.0	 0.0	 0.0	 0.0	 0.0	 
50010	50000	10	 sysNum: 	40008	 MissingNum: 	0	 9200.270833334172	 227697	 2	 Protocol_Missing: 10002	 0.0	 0.0	 0.0	 0.0	 0.0	 0.0	 0.0	 0.0	 
50010	50000	10	 sysNum: 	35007	 MissingNum: 	0	 9144.725000000795	 226482	 2	 Protocol_Missing: 15003	 0.0	 0.0	 0.0	 0.0	 0.0	 0.0	 0.0	 0.0	 
50010	50000	10	 sysNum: 	30006	 MissingNum: 	0	 9132.14166666749	 228453	 2	 Protocol_Missing: 20004	 0.0	 0.0	 0.0	 0.0	 0.0	 0.0	 0.0	 0.0	 
50010	50000	10	 sysNum: 	25005	 MissingNum: 	0	 9200.83750000082	 229191	 2	 Protocol_Missing: 25005	 0.0	 0.0	 0.0	 0.0	 0.0	 0.0	 0.0	 0.0	 
50010	50000	10	 sysNum: 	20004	 MissingNum: 	0	 9068.758333334137	 224647	 2	 Protocol_Missing: 30006	 0.0	 0.0	 0.0	 0.0	 0.0	 0.0	 0.0	 0.0	 
50010	50000	10	 sysNum: 	15001	 MissingNum: 	0	 8990.675000000785	 223973	 2	 Protocol_Missing: 35009	 0.0	 0.0	 0.0	 0.0	 0.0	 0.0	 0.0	 0.0	 
50010	50000	10	 sysNum: 	10000	 MissingNum: 	0	 9196.050000000829	 227325	 2	 Protocol_Missing: 40010	 0.0	 0.0	 0.0	 0.0	 0.0	 0.0	 0.0	 0.0	 
50010	50000	10	 sysNum: 	4999	 MissingNum: 	0	 9174.808333334144	 226208	 2	 Protocol_Missing: 45001	 0.0	 0.0	 0.0	 0.0	 0.0	 0.0	 0.0	 0.0	 
50010	50000	10	 sysNum: 	45009	 MissingNum: 	0	 9046.537500000783	 224549	 2	 Protocol_Missing: 5001	 0.0	 0.0	 0.0	 0.0	 0.0	 0.0	 0.0	 0.0	 
50010	50000	10	 sysNum: 	40008	 MissingNum: 	0	 9164.304166667469	 226837	 2	 Protocol_Missing: 10002	 0.0	 0.0	 0.0	 0.0	 0.0	 0.0	 0.0	 0.0	 
50010	50000	10	 sysNum: 	35007	 MissingNum: 	0	 9295.062500000831	 228832	 2	 Protocol_Missing: 15003	 0.0	 0.0	 0.0	 0.0	 0.0	 0.0	 0.0	 0.0	 
50010	50000	10	 sysNum: 	30006	 MissingNum: 	0	 9232.300000000818	 227832	 2	 Protocol_Missing: 20004	 0.0	 0.0	 0.0	 0.0	 0.0	 0.0	 0.0	 0.0	 
50010	50000	10	 sysNum: 	25005	 MissingNum: 	0	 9100.00833333413	 224869	 2	 Protocol_Missing: 25005	 0.0	 0.0	 0.0	 0.0	 0.0	 0.0	 0.0	 0.0	 
50010	50000	10	 sysNum: 	20004	 MissingNum: 	0	 9027.54166666748	 225243	 2	 Protocol_Missing: 30006	 0.0	 0.0	 0.0	 0.0	 0.0	 0.0	 0.0	 0.0	 
50010	50000	10	 sysNum: 	15001	 MissingNum: 	0	 9027.40000000081	 224905	 2	 Protocol_Missing: 35009	 0.0	 0.0	 0.0	 0.0	 0.0	 0.0	 0.0	 0.0	 
50010	50000	10	 sysNum: 	10000	 MissingNum: 	0	 9065.600000000806	 225858	 2	 Protocol_Missing: 40010	 0.0	 0.0	 0.0	 0.0	 0.0	 0.0	 0.0	 0.0	 
50010	50000	10	 sysNum: 	4999	 MissingNum: 	0	 9359.929166667482	 227652	 2	 Protocol_Missing: 45001	 0.0	 0.0	 0.0	 0.0	 0.0	 0.0	 0.0	 0.0	 
50010	50000	10	 sysNum: 	45009	 MissingNum: 	0	 9286.10833333417	 226849	 2	 Protocol_Missing: 5001	 0.0	 0.0	 0.0	 0.0	 0.0	 0.0	 0.0	 0.0	 
50010	50000	10	 sysNum: 	40008	 MissingNum: 	0	 9149.49166666747	 226910	 2	 Protocol_Missing: 10002	 0.0	 0.0	 0.0	 0.0	 0.0	 0.0	 0.0	 0.0	 
50010	50000	10	 sysNum: 	35007	 MissingNum: 	0	 9041.441666667451	 224348	 2	 Protocol_Missing: 15003	 0.0	 0.0	 0.0	 0.0	 0.0	 0.0	 0.0	 0.0	 
50010	50000	10	 sysNum: 	30006	 MissingNum: 	0	 9128.60416666747	 226126	 2	 Protocol_Missing: 20004	 0.0	 0.0	 0.0	 0.0	 0.0	 0.0	 0.0	 0.0	 
50010	50000	10	 sysNum: 	25005	 MissingNum: 	0	 9123.50833333414	 227002	 2	 Protocol_Missing: 25005	 0.0	 0.0	 0.0	 0.0	 0.0	 0.0	 0.0	 0.0	 
50010	50000	10	 sysNum: 	20004	 MissingNum: 	0	 9079.650000000793	 225223	 2	 Protocol_Missing: 30006	 0.0	 0.0	 0.0	 0.0	 0.0	 0.0	 0.0	 0.0	 
50010	50000	10	 sysNum: 	15001	 MissingNum: 	0	 9172.941666667488	 228047	 2	 Protocol_Missing: 35009	 0.0	 0.0	 0.0	 0.0	 0.0	 0.0	 0.0	 0.0	 
50010	50000	10	 sysNum: 	10000	 MissingNum: 	0	 9069.433333334147	 225601	 2	 Protocol_Missing: 40010	 0.0	 0.0	 0.0	 0.0	 0.0	 0.0	 0.0	 0.0	 
50010	50000	10	 sysNum: 	4999	 MissingNum: 	0	 9039.258333334123	 225892	 2	 Protocol_Missing: 45001	 0.0	 0.0	 0.0	 0.0	 0.0	 0.0	 0.0	 0.0	 
50010	50000	10	 sysNum: 	45009	 MissingNum: 	0	 9186.650000000815	 227737	 2	 Protocol_Missing: 5001	 0.0	 0.0	 0.0	 0.0	 0.0	 0.0	 0.0	 0.0	 
50010	50000	10	 sysNum: 	40008	 MissingNum: 	0	 9148.11666666749	 226617	 2	 Protocol_Missing: 10002	 0.0	 0.0	 0.0	 0.0	 0.0	 0.0	 0.0	 0.0	 
50010	50000	10	 sysNum: 	35007	 MissingNum: 	0	 9021.62500000079	 225510	 2	 Protocol_Missing: 15003	 0.0	 0.0	 0.0	 0.0	 0.0	 0.0	 0.0	 0.0	 
50010	50000	10	 sysNum: 	30006	 MissingNum: 	0	 9080.975000000817	 228020	 2	 Protocol_Missing: 20004	 0.0	 0.0	 0.0	 0.0	 0.0	 0.0	 0.0	 0.0	 
50010	50000	10	 sysNum: 	25005	 MissingNum: 	0	 9226.804166667482	 227335	 2	 Protocol_Missing: 25005	 0.0	 0.0	 0.0	 0.0	 0.0	 0.0	 0.0	 0.0	 
50010	50000	10	 sysNum: 	20004	 MissingNum: 	0	 9118.52083333413	 226900	 2	 Protocol_Missing: 30006	 0.0	 0.0	 0.0	 0.0	 0.0	 0.0	 0.0	 0.0	 
50010	50000	10	 sysNum: 	15001	 MissingNum: 	0	 9134.154166667466	 227768	 2	 Protocol_Missing: 35009	 0.0	 0.0	 0.0	 0.0	 0.0	 0.0	 0.0	 0.0	 
50010	50000	10	 sysNum: 	10000	 MissingNum: 	0	 9034.041666667456	 225231	 2	 Protocol_Missing: 40010	 0.0	 0.0	 0.0	 0.0	 0.0	 0.0	 0.0	 0.0	 
50010	50000	10	 sysNum: 	4999	 MissingNum: 	0	 9165.445833334148	 227546	 2	 Protocol_Missing: 45001	 0.0	 0.0	 0.0	 0.0	 0.0	 0.0	 0.0	 0.0	 
50010	50000	10	 sysNum: 	45009	 MissingNum: 	0	 9191.641666667489	 226842	 2	 Protocol_Missing: 5001	 0.0	 0.0	 0.0	 0.0	 0.0	 0.0	 0.0	 0.0	 
50010	50000	10	 sysNum: 	40008	 MissingNum: 	0	 9151.837500000815	 227194	 2	 Protocol_Missing: 10002	 0.0	 0.0	 0.0	 0.0	 0.0	 0.0	 0.0	 0.0	 
50010	50000	10	 sysNum: 	35007	 MissingNum: 	0	 9297.654166667484	 229641	 2	 Protocol_Missing: 15003	 0.0	 0.0	 0.0	 0.0	 0.0	 0.0	 0.0	 0.0	 
50010	50000	10	 sysNum: 	30006	 MissingNum: 	0	 9075.50416666747	 227823	 2	 Protocol_Missing: 20004	 0.0	 0.0	 0.0	 0.0	 0.0	 0.0	 0.0	 0.0	 
50010	50000	10	 sysNum: 	25005	 MissingNum: 	0	 9092.608333334134	 225830	 2	 Protocol_Missing: 25005	 0.0	 0.0	 0.0	 0.0	 0.0	 0.0	 0.0	 0.0	 
50010	50000	10	 sysNum: 	20004	 MissingNum: 	0	 9084.858333334132	 226635	 2	 Protocol_Missing: 30006	 0.0	 0.0	 0.0	 0.0	 0.0	 0.0	 0.0	 0.0	 
50010	50000	10	 sysNum: 	15001	 MissingNum: 	0	 9112.237500000814	 227164	 2	 Protocol_Missing: 35009	 0.0	 0.0	 0.0	 0.0	 0.0	 0.0	 0.0	 0.0	 
50010	50000	10	 sysNum: 	10000	 MissingNum: 	0	 9064.795833334132	 225754	 2	 Protocol_Missing: 40010	 0.0	 0.0	 0.0	 0.0	 0.0	 0.0	 0.0	 0.0	 
50010	50000	10	 sysNum: 	4999	 MissingNum: 	0	 9004.745833334118	 224517	 2	 Protocol_Missing: 45001	 0.0	 0.0	 0.0	 0.0	 0.0	 0.0	 0.0	 0.0	 
50010	50000	10	 sysNum: 	45009	 MissingNum: 	0	 9060.083333334123	 225597	 2	 Protocol_Missing: 5001	 0.0	 0.0	 0.0	 0.0	 0.0	 0.0	 0.0	 0.0	 
50010	50000	10	 sysNum: 	40008	 MissingNum: 	0	 9219.550000000825	 228043	 2	 Protocol_Missing: 10002	 0.0	 0.0	 0.0	 0.0	 0.0	 0.0	 0.0	 0.0	 
50010	50000	10	 sysNum: 	35007	 MissingNum: 	0	 9185.487500000821	 227330	 2	 Protocol_Missing: 15003	 0.0	 0.0	 0.0	 0.0	 0.0	 0.0	 0.0	 0.0	 
50010	50000	10	 sysNum: 	30006	 MissingNum: 	0	 9174.02500000083	 229298	 2	 Protocol_Missing: 20004	 0.0	 0.0	 0.0	 0.0	 0.0	 0.0	 0.0	 0.0	 
50010	50000	10	 sysNum: 	25005	 MissingNum: 	0	 9031.054166667473	 225697	 2	 Protocol_Missing: 25005	 0.0	 0.0	 0.0	 0.0	 0.0	 0.0	 0.0	 0.0	 
50010	50000	10	 sysNum: 	20004	 MissingNum: 	0	 9079.625000000806	 225433	 2	 Protocol_Missing: 30006	 0.0	 0.0	 0.0	 0.0	 0.0	 0.0	 0.0	 0.0	 
50010	50000	10	 sysNum: 	15001	 MissingNum: 	0	 9141.687500000811	 226358	 2	 Protocol_Missing: 35009	 0.0	 0.0	 0.0	 0.0	 0.0	 0.0	 0.0	 0.0	 
50010	50000	10	 sysNum: 	10000	 MissingNum: 	0	 9142.575000000812	 226430	 2	 Protocol_Missing: 40010	 0.0	 0.0	 0.0	 0.0	 0.0	 0.0	 0.0	 0.0	 
50010	50000	10	 sysNum: 	4999	 MissingNum: 	0	 9124.550000000825	 227225	 2	 Protocol_Missing: 45001	 0.0	 0.0	 0.0	 0.0	 0.0	 0.0	 0.0	 0.0	 
50010	50000	10	 sysNum: 	45009	 MissingNum: 	0	 9180.875000000819	 227413	 2	 Protocol_Missing: 5001	 0.0	 0.0	 0.0	 0.0	 0.0	 0.0	 0.0	 0.0	 
50010	50000	10	 sysNum: 	40008	 MissingNum: 	0	 9126.745833334147	 227216	 2	 Protocol_Missing: 10002	 0.0	 0.0	 0.0	 0.0	 0.0	 0.0	 0.0	 0.0	 
50010	50000	10	 sysNum: 	35007	 MissingNum: 	0	 9066.837500000807	 227592	 2	 Protocol_Missing: 15003	 0.0	 0.0	 0.0	 0.0	 0.0	 0.0	 0.0	 0.0	 
50010	50000	10	 sysNum: 	30006	 MissingNum: 	0	 9137.52083333415	 227891	 2	 Protocol_Missing: 20004	 0.0	 0.0	 0.0	 0.0	 0.0	 0.0	 0.0	 0.0	 
50010	50000	10	 sysNum: 	25005	 MissingNum: 	0	 9232.487500000825	 226923	 2	 Protocol_Missing: 25005	 0.0	 0.0	 0.0	 0.0	 0.0	 0.0	 0.0	 0.0	 
50010	50000	10	 sysNum: 	20004	 MissingNum: 	0	 9177.29166666747	 226545	 2	 Protocol_Missing: 30006	 0.0	 0.0	 0.0	 0.0	 0.0	 0.0	 0.0	 0.0	 
50010	50000	10	 sysNum: 	15001	 MissingNum: 	0	 9134.608333334147	 227289	 2	 Protocol_Missing: 35009	 0.0	 0.0	 0.0	 0.0	 0.0	 0.0	 0.0	 0.0	 
50010	50000	10	 sysNum: 	10000	 MissingNum: 	0	 9093.541666667465	 227211	 2	 Protocol_Missing: 40010	 0.0	 0.0	 0.0	 0.0	 0.0	 0.0	 0.0	 0.0	 
50010	50000	10	 sysNum: 	4999	 MissingNum: 	0	 9048.20833333414	 225243	 2	 Protocol_Missing: 45001	 0.0	 0.0	 0.0	 0.0	 0.0	 0.0	 0.0	 0.0	 
50010	50000	10	 sysNum: 	45009	 MissingNum: 	0	 9221.358333334152	 226864	 2	 Protocol_Missing: 5001	 0.0	 0.0	 0.0	 0.0	 0.0	 0.0	 0.0	 0.0	 
50010	50000	10	 sysNum: 	40008	 MissingNum: 	0	 9248.191666667488	 226351	 2	 Protocol_Missing: 10002	 0.0	 0.0	 0.0	 0.0	 0.0	 0.0	 0.0	 0.0	 
50010	50000	10	 sysNum: 	35007	 MissingNum: 	0	 9178.679166667482	 226407	 2	 Protocol_Missing: 15003	 0.0	 0.0	 0.0	 0.0	 0.0	 0.0	 0.0	 0.0	 
50010	50000	10	 sysNum: 	30006	 MissingNum: 	0	 9345.308333334133	 227828	 2	 Protocol_Missing: 20004	 0.0	 0.0	 0.0	 0.0	 0.0	 0.0	 0.0	 0.0	 
50010	50000	10	 sysNum: 	25005	 MissingNum: 	0	 9064.750000000806	 227459	 2	 Protocol_Missing: 25005	 0.0	 0.0	 0.0	 0.0	 0.0	 0.0	 0.0	 0.0	 
50010	50000	10	 sysNum: 	20004	 MissingNum: 	0	 9127.58750000082	 227979	 2	 Protocol_Missing: 30006	 0.0	 0.0	 0.0	 0.0	 0.0	 0.0	 0.0	 0.0	 
50010	50000	10	 sysNum: 	15001	 MissingNum: 	0	 9191.325000000807	 227968	 2	 Protocol_Missing: 35009	 0.0	 0.0	 0.0	 0.0	 0.0	 0.0	 0.0	 0.0	 
50010	50000	10	 sysNum: 	10000	 MissingNum: 	0	 9126.929166667467	 225740	 2	 Protocol_Missing: 40010	 0.0	 0.0	 0.0	 0.0	 0.0	 0.0	 0.0	 0.0	 
50010	50000	10	 sysNum: 	4999	 MissingNum: 	0	 9279.412500000828	 228532	 2	 Protocol_Missing: 45001	 0.0	 0.0	 0.0	 0.0	 0.0	 0.0	 0.0	 0.0	 
