50010	50000	10	 sysNum: 	45009	 MissingNum: 	0	 46475.83333330571	 236376	 2	 Protocol_Missing: 0	 4100.83333333333	 0.0	 0.0	 0.0	 0.0	 0.0	 0.0	 0.0	 
50010	50000	10	 sysNum: 	40008	 MissingNum: 	0	 46357.699999972356	 236241	 2	 Protocol_Missing: 0	 4108.124999999999	 0.0	 0.0	 0.0	 0.0	 0.0	 0.0	 0.0	 
50010	50000	10	 sysNum: 	35007	 MissingNum: 	0	 46205.38749997242	 235099	 2	 Protocol_Missing: 0	 4080.387499999998	 0.0	 0.0	 0.0	 0.0	 0.0	 0.0	 0.0	 
50010	50000	10	 sysNum: 	30006	 MissingNum: 	0	 46101.12499997237	 236386	 2	 Protocol_Missing: 0	 4101.124999999999	 0.0	 0.0	 0.0	 0.0	 0.0	 0.0	 0.0	 
50010	50000	10	 sysNum: 	25005	 MissingNum: 	0	 45983.824999972356	 236650	 2	 Protocol_Missing: 0	 4108.824999999998	 0.0	 0.0	 0.0	 0.0	 0.0	 0.0	 0.0	 
50010	50000	10	 sysNum: 	20004	 MissingNum: 	0	 45837.3999999724	 235929	 2	 Protocol_Missing: 0	 4087.824999999998	 0.0	 0.0	 0.0	 0.0	 0.0	 0.0	 0.0	 
50010	50000	10	 sysNum: 	15001	 MissingNum: 	0	 45701.391666639094	 235566	 2	 Protocol_Missing: 0	 4077.2666666666646	 0.0	 0.0	 0.0	 0.0	 0.0	 0.0	 0.0	 
50010	50000	10	 sysNum: 	10000	 MissingNum: 	0	 29609.56249999977	 197085	 2	 Protocol_Missing: 0	 4048.7124999999983	 0.0	 0.0	 0.0	 0.0	 0.0	 0.0	 0.0	 
50010	50000	10	 sysNum: 	4999	 MissingNum: 	0	 26337.71250000091	 190863	 2	 Protocol_Missing: 0	 4091.7624999999975	 0.0	 0.0	 0.0	 0.0	 0.0	 0.0	 0.0	 
50010	50000	10	 sysNum: 	45009	 MissingNum: 	0	 46443.39999997245	 235264	 2	 Protocol_Missing: 0	 4068.399999999997	 0.0	 0.0	 0.0	 0.0	 0.0	 0.0	 0.0	 
50010	50000	10	 sysNum: 	40008	 MissingNum: 	0	 46343.162499972386	 235921	 2	 Protocol_Missing: 0	 4093.162499999997	 0.0	 0.0	 0.0	 0.0	 0.0	 0.0	 0.0	 
50010	50000	10	 sysNum: 	35007	 MissingNum: 	0	 46239.12916663902	 236283	 2	 Protocol_Missing: 0	 4114.979166666665	 0.0	 0.0	 0.0	 0.0	 0.0	 0.0	 0.0	 
50010	50000	10	 sysNum: 	30006	 MissingNum: 	0	 46067.23333330578	 235416	 2	 Protocol_Missing: 0	 4067.2333333333327	 0.0	 0.0	 0.0	 0.0	 0.0	 0.0	 0.0	 
50010	50000	10	 sysNum: 	25005	 MissingNum: 	0	 45989.94999997235	 236476	 2	 Protocol_Missing: 0	 4114.949999999999	 0.0	 0.0	 0.0	 0.0	 0.0	 0.0	 0.0	 
50010	50000	10	 sysNum: 	20004	 MissingNum: 	0	 45857.249999972366	 236404	 2	 Protocol_Missing: 0	 4107.249999999998	 0.0	 0.0	 0.0	 0.0	 0.0	 0.0	 0.0	 
50010	50000	10	 sysNum: 	15001	 MissingNum: 	0	 45726.18749997238	 236005	 2	 Protocol_Missing: 0	 4101.212499999998	 0.0	 0.0	 0.0	 0.0	 0.0	 0.0	 0.0	 
50010	50000	10	 sysNum: 	10000	 MissingNum: 	0	 29681.82916666629	 199319	 2	 Protocol_Missing: 0	 4119.354166666667	 0.0	 0.0	 0.0	 0.0	 0.0	 0.0	 0.0	 
50010	50000	10	 sysNum: 	4999	 MissingNum: 	0	 26319.86250000091	 190507	 2	 Protocol_Missing: 0	 4069.887499999998	 0.0	 0.0	 0.0	 0.0	 0.0	 0.0	 0.0	 
50010	50000	10	 sysNum: 	45009	 MissingNum: 	0	 46471.60416663905	 236231	 2	 Protocol_Missing: 0	 4096.604166666665	 0.0	 0.0	 0.0	 0.0	 0.0	 0.0	 0.0	 
50010	50000	10	 sysNum: 	40008	 MissingNum: 	0	 46344.85416663905	 235979	 2	 Protocol_Missing: 0	 4094.8541666666656	 0.0	 0.0	 0.0	 0.0	 0.0	 0.0	 0.0	 
50010	50000	10	 sysNum: 	35007	 MissingNum: 	0	 46195.07499997244	 234951	 2	 Protocol_Missing: 0	 4070.4999999999986	 0.0	 0.0	 0.0	 0.0	 0.0	 0.0	 0.0	 
50010	50000	10	 sysNum: 	30006	 MissingNum: 	0	 46103.19166663903	 236484	 2	 Protocol_Missing: 0	 4104.041666666666	 0.0	 0.0	 0.0	 0.0	 0.0	 0.0	 0.0	 
50010	50000	10	 sysNum: 	25005	 MissingNum: 	0	 45949.37499997244	 235688	 2	 Protocol_Missing: 0	 4075.2249999999985	 0.0	 0.0	 0.0	 0.0	 0.0	 0.0	 0.0	 
50010	50000	10	 sysNum: 	20004	 MissingNum: 	0	 45816.48749997245	 234828	 2	 Protocol_Missing: 0	 4066.9124999999976	 0.0	 0.0	 0.0	 0.0	 0.0	 0.0	 0.0	 
50010	50000	10	 sysNum: 	15001	 MissingNum: 	0	 45702.96666663909	 235620	 2	 Protocol_Missing: 0	 4078.8416666666653	 0.0	 0.0	 0.0	 0.0	 0.0	 0.0	 0.0	 
50010	50000	10	 sysNum: 	10000	 MissingNum: 	0	 29643.016666666364	 198232	 2	 Protocol_Missing: 0	 4082.166666666664	 0.0	 0.0	 0.0	 0.0	 0.0	 0.0	 0.0	 
50010	50000	10	 sysNum: 	4999	 MissingNum: 	0	 26319.25000000091	 190614	 2	 Protocol_Missing: 0	 4073.299999999998	 0.0	 0.0	 0.0	 0.0	 0.0	 0.0	 0.0	 
50010	50000	10	 sysNum: 	45009	 MissingNum: 	0	 46471.31249997239	 236029	 2	 Protocol_Missing: 0	 4096.312499999998	 0.0	 0.0	 0.0	 0.0	 0.0	 0.0	 0.0	 
50010	50000	10	 sysNum: 	40008	 MissingNum: 	0	 46332.14999997241	 235749	 2	 Protocol_Missing: 0	 4082.5749999999985	 0.0	 0.0	 0.0	 0.0	 0.0	 0.0	 0.0	 
50010	50000	10	 sysNum: 	35007	 MissingNum: 	0	 46216.03333330573	 235656	 2	 Protocol_Missing: 0	 4091.033333333332	 0.0	 0.0	 0.0	 0.0	 0.0	 0.0	 0.0	 
50010	50000	10	 sysNum: 	30006	 MissingNum: 	0	 46098.441666639046	 235718	 2	 Protocol_Missing: 0	 4098.441666666666	 0.0	 0.0	 0.0	 0.0	 0.0	 0.0	 0.0	 
50010	50000	10	 sysNum: 	25005	 MissingNum: 	0	 45959.06249997241	 235993	 2	 Protocol_Missing: 0	 4084.062499999999	 0.0	 0.0	 0.0	 0.0	 0.0	 0.0	 0.0	 
50010	50000	10	 sysNum: 	20004	 MissingNum: 	0	 45855.02499997236	 236382	 2	 Protocol_Missing: 0	 4106.7249999999985	 0.0	 0.0	 0.0	 0.0	 0.0	 0.0	 0.0	 
50010	50000	10	 sysNum: 	15001	 MissingNum: 	0	 45696.4041666391	 235011	 2	 Protocol_Missing: 0	 4072.2791666666635	 0.0	 0.0	 0.0	 0.0	 0.0	 0.0	 0.0	 
50010	50000	10	 sysNum: 	10000	 MissingNum: 	0	 29648.295833333024	 197837	 2	 Protocol_Missing: 0	 4087.445833333332	 0.0	 0.0	 0.0	 0.0	 0.0	 0.0	 0.0	 
50010	50000	10	 sysNum: 	4999	 MissingNum: 	0	 26315.662500000908	 189979	 2	 Protocol_Missing: 0	 4065.6874999999986	 0.0	 0.0	 0.0	 0.0	 0.0	 0.0	 0.0	 
50010	50000	10	 sysNum: 	45009	 MissingNum: 	0	 46476.620833305715	 236211	 2	 Protocol_Missing: 0	 4101.6208333333325	 0.0	 0.0	 0.0	 0.0	 0.0	 0.0	 0.0	 
50010	50000	10	 sysNum: 	40008	 MissingNum: 	0	 46367.60416663901	 236375	 2	 Protocol_Missing: 0	 4117.604166666665	 0.0	 0.0	 0.0	 0.0	 0.0	 0.0	 0.0	 
50010	50000	10	 sysNum: 	35007	 MissingNum: 	0	 46202.17916663909	 235757	 2	 Protocol_Missing: 0	 4077.179166666664	 0.0	 0.0	 0.0	 0.0	 0.0	 0.0	 0.0	 
50010	50000	10	 sysNum: 	30006	 MissingNum: 	0	 46084.79999997241	 235867	 2	 Protocol_Missing: 0	 4086.074999999998	 0.0	 0.0	 0.0	 0.0	 0.0	 0.0	 0.0	 
50010	50000	10	 sysNum: 	25005	 MissingNum: 	0	 45952.820833305756	 235395	 2	 Protocol_Missing: 0	 4077.8208333333314	 0.0	 0.0	 0.0	 0.0	 0.0	 0.0	 0.0	 
50010	50000	10	 sysNum: 	20004	 MissingNum: 	0	 45840.374999972395	 236031	 2	 Protocol_Missing: 0	 4090.7999999999984	 0.0	 0.0	 0.0	 0.0	 0.0	 0.0	 0.0	 
50010	50000	10	 sysNum: 	15001	 MissingNum: 	0	 45713.83333330574	 236171	 2	 Protocol_Missing: 0	 4089.2833333333324	 0.0	 0.0	 0.0	 0.0	 0.0	 0.0	 0.0	 
50010	50000	10	 sysNum: 	10000	 MissingNum: 	0	 29642.745833333036	 198171	 2	 Protocol_Missing: 0	 4080.2708333333308	 0.0	 0.0	 0.0	 0.0	 0.0	 0.0	 0.0	 
50010	50000	10	 sysNum: 	4999	 MissingNum: 	0	 26364.13750000091	 191385	 2	 Protocol_Missing: 0	 4118.187499999999	 0.0	 0.0	 0.0	 0.0	 0.0	 0.0	 0.0	 
50010	50000	10	 sysNum: 	45009	 MissingNum: 	0	 46471.07916663906	 236213	 2	 Protocol_Missing: 0	 4096.079166666665	 0.0	 0.0	 0.0	 0.0	 0.0	 0.0	 0.0	 
50010	50000	10	 sysNum: 	40008	 MissingNum: 	0	 46361.74166663902	 236558	 2	 Protocol_Missing: 0	 4111.741666666665	 0.0	 0.0	 0.0	 0.0	 0.0	 0.0	 0.0	 
50010	50000	10	 sysNum: 	35007	 MissingNum: 	0	 46222.39166663905	 235682	 2	 Protocol_Missing: 0	 4097.391666666665	 0.0	 0.0	 0.0	 0.0	 0.0	 0.0	 0.0	 
50010	50000	10	 sysNum: 	30006	 MissingNum: 	0	 46101.195833305705	 236402	 2	 Protocol_Missing: 0	 4101.620833333331	 0.0	 0.0	 0.0	 0.0	 0.0	 0.0	 0.0	 
50010	50000	10	 sysNum: 	25005	 MissingNum: 	0	 45935.3208333058	 234987	 2	 Protocol_Missing: 0	 4060.3208333333314	 0.0	 0.0	 0.0	 0.0	 0.0	 0.0	 0.0	 
50010	50000	10	 sysNum: 	20004	 MissingNum: 	0	 45864.787499972335	 236292	 2	 Protocol_Missing: 0	 4115.212499999997	 0.0	 0.0	 0.0	 0.0	 0.0	 0.0	 0.0	 
50010	50000	10	 sysNum: 	15001	 MissingNum: 	0	 45732.395833305694	 236053	 2	 Protocol_Missing: 0	 4108.270833333331	 0.0	 0.0	 0.0	 0.0	 0.0	 0.0	 0.0	 
50010	50000	10	 sysNum: 	10000	 MissingNum: 	0	 29644.379166666367	 198227	 2	 Protocol_Missing: 0	 4081.9041666666644	 0.0	 0.0	 0.0	 0.0	 0.0	 0.0	 0.0	 
50010	50000	10	 sysNum: 	4999	 MissingNum: 	0	 26359.325000000907	 191028	 2	 Protocol_Missing: 0	 4113.374999999998	 0.0	 0.0	 0.0	 0.0	 0.0	 0.0	 0.0	 
50010	50000	10	 sysNum: 	45009	 MissingNum: 	0	 46505.23333330565	 236040	 2	 Protocol_Missing: 0	 4130.233333333334	 0.0	 0.0	 0.0	 0.0	 0.0	 0.0	 0.0	 
50010	50000	10	 sysNum: 	40008	 MissingNum: 	0	 46352.02916663904	 236033	 2	 Protocol_Missing: 0	 4102.029166666665	 0.0	 0.0	 0.0	 0.0	 0.0	 0.0	 0.0	 
50010	50000	10	 sysNum: 	35007	 MissingNum: 	0	 46239.09999997234	 236282	 2	 Protocol_Missing: 0	 4114.95	 0.0	 0.0	 0.0	 0.0	 0.0	 0.0	 0.0	 
50010	50000	10	 sysNum: 	30006	 MissingNum: 	0	 46091.00416663906	 236039	 2	 Protocol_Missing: 0	 4091.0041666666652	 0.0	 0.0	 0.0	 0.0	 0.0	 0.0	 0.0	 
50010	50000	10	 sysNum: 	25005	 MissingNum: 	0	 45963.524999972404	 235954	 2	 Protocol_Missing: 0	 4088.5249999999983	 0.0	 0.0	 0.0	 0.0	 0.0	 0.0	 0.0	 
50010	50000	10	 sysNum: 	20004	 MissingNum: 	0	 45850.29166663904	 236274	 2	 Protocol_Missing: 0	 4103.691666666666	 0.0	 0.0	 0.0	 0.0	 0.0	 0.0	 0.0	 
50010	50000	10	 sysNum: 	15001	 MissingNum: 	0	 45737.38749997235	 235813	 2	 Protocol_Missing: 0	 4112.412499999999	 0.0	 0.0	 0.0	 0.0	 0.0	 0.0	 0.0	 
50010	50000	10	 sysNum: 	10000	 MissingNum: 	0	 29628.220833333067	 197865	 2	 Protocol_Missing: 0	 4065.745833333331	 0.0	 0.0	 0.0	 0.0	 0.0	 0.0	 0.0	 
50010	50000	10	 sysNum: 	4999	 MissingNum: 	0	 26356.70000000091	 190938	 2	 Protocol_Missing: 0	 4110.749999999999	 0.0	 0.0	 0.0	 0.0	 0.0	 0.0	 0.0	 
50010	50000	10	 sysNum: 	45009	 MissingNum: 	0	 46482.920833305696	 236235	 2	 Protocol_Missing: 0	 4107.920833333333	 0.0	 0.0	 0.0	 0.0	 0.0	 0.0	 0.0	 
50010	50000	10	 sysNum: 	40008	 MissingNum: 	0	 46361.362499972354	 236353	 2	 Protocol_Missing: 0	 4111.3625	 0.0	 0.0	 0.0	 0.0	 0.0	 0.0	 0.0	 
50010	50000	10	 sysNum: 	35007	 MissingNum: 	0	 46258.90833330564	 236550	 2	 Protocol_Missing: 0	 4133.908333333334	 0.0	 0.0	 0.0	 0.0	 0.0	 0.0	 0.0	 
50010	50000	10	 sysNum: 	30006	 MissingNum: 	0	 46104.8583333057	 236514	 2	 Protocol_Missing: 0	 4104.858333333332	 0.0	 0.0	 0.0	 0.0	 0.0	 0.0	 0.0	 
50010	50000	10	 sysNum: 	25005	 MissingNum: 	0	 45937.65416663913	 235259	 2	 Protocol_Missing: 0	 4062.654166666665	 0.0	 0.0	 0.0	 0.0	 0.0	 0.0	 0.0	 
50010	50000	10	 sysNum: 	20004	 MissingNum: 	0	 45832.162499972415	 235955	 2	 Protocol_Missing: 0	 4083.0124999999975	 0.0	 0.0	 0.0	 0.0	 0.0	 0.0	 0.0	 
50010	50000	10	 sysNum: 	15001	 MissingNum: 	0	 45711.61666663907	 235903	 2	 Protocol_Missing: 0	 4087.0666666666643	 0.0	 0.0	 0.0	 0.0	 0.0	 0.0	 0.0	 
50010	50000	10	 sysNum: 	10000	 MissingNum: 	0	 29632.808333333054	 197306	 2	 Protocol_Missing: 0	 4071.958333333331	 0.0	 0.0	 0.0	 0.0	 0.0	 0.0	 0.0	 
50010	50000	10	 sysNum: 	4999	 MissingNum: 	0	 26360.054166667578	 191117	 2	 Protocol_Missing: 0	 4110.079166666665	 0.0	 0.0	 0.0	 0.0	 0.0	 0.0	 0.0	 
50010	50000	10	 sysNum: 	45009	 MissingNum: 	0	 46460.37499997241	 235846	 2	 Protocol_Missing: 0	 4085.3749999999986	 0.0	 0.0	 0.0	 0.0	 0.0	 0.0	 0.0	 
50010	50000	10	 sysNum: 	40008	 MissingNum: 	0	 46360.60416663902	 236327	 2	 Protocol_Missing: 0	 4110.604166666666	 0.0	 0.0	 0.0	 0.0	 0.0	 0.0	 0.0	 
50010	50000	10	 sysNum: 	35007	 MissingNum: 	0	 46202.87916663909	 235205	 2	 Protocol_Missing: 0	 4077.879166666666	 0.0	 0.0	 0.0	 0.0	 0.0	 0.0	 0.0	 
50010	50000	10	 sysNum: 	30006	 MissingNum: 	0	 46109.987499972354	 236141	 2	 Protocol_Missing: 0	 4110.837499999999	 0.0	 0.0	 0.0	 0.0	 0.0	 0.0	 0.0	 
50010	50000	10	 sysNum: 	25005	 MissingNum: 	0	 45955.358333305754	 235482	 2	 Protocol_Missing: 0	 4080.358333333331	 0.0	 0.0	 0.0	 0.0	 0.0	 0.0	 0.0	 
50010	50000	10	 sysNum: 	20004	 MissingNum: 	0	 45828.66666663909	 236000	 2	 Protocol_Missing: 0	 4078.666666666665	 0.0	 0.0	 0.0	 0.0	 0.0	 0.0	 0.0	 
50010	50000	10	 sysNum: 	15001	 MissingNum: 	0	 45707.75416663908	 235565	 2	 Protocol_Missing: 0	 4082.779166666665	 0.0	 0.0	 0.0	 0.0	 0.0	 0.0	 0.0	 
50010	50000	10	 sysNum: 	10000	 MissingNum: 	0	 29620.474999999737	 197858	 2	 Protocol_Missing: 0	 4066.1249999999986	 0.0	 0.0	 0.0	 0.0	 0.0	 0.0	 0.0	 
50010	50000	10	 sysNum: 	4999	 MissingNum: 	0	 26328.23333333424	 190794	 2	 Protocol_Missing: 0	 4078.25833333333	 0.0	 0.0	 0.0	 0.0	 0.0	 0.0	 0.0	 
50010	50000	10	 sysNum: 	45009	 MissingNum: 	0	 46448.737499972434	 235447	 2	 Protocol_Missing: 0	 4073.7374999999975	 0.0	 0.0	 0.0	 0.0	 0.0	 0.0	 0.0	 
50010	50000	10	 sysNum: 	40008	 MissingNum: 	0	 46368.129166639	 236393	 2	 Protocol_Missing: 0	 4118.129166666666	 0.0	 0.0	 0.0	 0.0	 0.0	 0.0	 0.0	 
50010	50000	10	 sysNum: 	35007	 MissingNum: 	0	 46213.37916663907	 235949	 2	 Protocol_Missing: 0	 4088.3791666666643	 0.0	 0.0	 0.0	 0.0	 0.0	 0.0	 0.0	 
50010	50000	10	 sysNum: 	30006	 MissingNum: 	0	 46092.22916663906	 236273	 2	 Protocol_Missing: 0	 4092.229166666664	 0.0	 0.0	 0.0	 0.0	 0.0	 0.0	 0.0	 
50010	50000	10	 sysNum: 	25005	 MissingNum: 	0	 45950.76249997243	 235146	 2	 Protocol_Missing: 0	 4076.187499999997	 0.0	 0.0	 0.0	 0.0	 0.0	 0.0	 0.0	 
50010	50000	10	 sysNum: 	20004	 MissingNum: 	0	 45850.19999997238	 235819	 2	 Protocol_Missing: 0	 4101.474999999998	 0.0	 0.0	 0.0	 0.0	 0.0	 0.0	 0.0	 
50010	50000	10	 sysNum: 	15001	 MissingNum: 	0	 45685.84999997246	 235198	 2	 Protocol_Missing: 0	 4060.874999999998	 0.0	 0.0	 0.0	 0.0	 0.0	 0.0	 0.0	 
50010	50000	10	 sysNum: 	10000	 MissingNum: 	0	 29641.241666666356	 198186	 2	 Protocol_Missing: 0	 4086.891666666666	 0.0	 0.0	 0.0	 0.0	 0.0	 0.0	 0.0	 
50010	50000	10	 sysNum: 	4999	 MissingNum: 	0	 26317.73333333424	 190434	 2	 Protocol_Missing: 0	 4067.7583333333305	 0.0	 0.0	 0.0	 0.0	 0.0	 0.0	 0.0	 
50010	50000	10	 sysNum: 	45009	 MissingNum: 	0	 46471.92499997238	 236242	 2	 Protocol_Missing: 0	 4096.9249999999965	 0.0	 0.0	 0.0	 0.0	 0.0	 0.0	 0.0	 
50010	50000	10	 sysNum: 	40008	 MissingNum: 	0	 46356.49166663903	 236378	 2	 Protocol_Missing: 0	 4106.491666666665	 0.0	 0.0	 0.0	 0.0	 0.0	 0.0	 0.0	 
50010	50000	10	 sysNum: 	35007	 MissingNum: 	0	 46220.40833330572	 235614	 2	 Protocol_Missing: 0	 4095.408333333331	 0.0	 0.0	 0.0	 0.0	 0.0	 0.0	 0.0	 
50010	50000	10	 sysNum: 	30006	 MissingNum: 	0	 46070.0166666391	 235333	 2	 Protocol_Missing: 0	 4070.441666666664	 0.0	 0.0	 0.0	 0.0	 0.0	 0.0	 0.0	 
50010	50000	10	 sysNum: 	25005	 MissingNum: 	0	 45954.045833305754	 235821	 2	 Protocol_Missing: 0	 4079.045833333331	 0.0	 0.0	 0.0	 0.0	 0.0	 0.0	 0.0	 
50010	50000	10	 sysNum: 	20004	 MissingNum: 	0	 45818.349999972444	 235495	 2	 Protocol_Missing: 0	 4069.6249999999977	 0.0	 0.0	 0.0	 0.0	 0.0	 0.0	 0.0	 
50010	50000	10	 sysNum: 	15001	 MissingNum: 	0	 45705.87916663908	 235555	 2	 Protocol_Missing: 0	 4082.6041666666642	 0.0	 0.0	 0.0	 0.0	 0.0	 0.0	 0.0	 
50010	50000	10	 sysNum: 	10000	 MissingNum: 	0	 29660.36249999967	 198583	 2	 Protocol_Missing: 0	 4097.887499999998	 0.0	 0.0	 0.0	 0.0	 0.0	 0.0	 0.0	 
50010	50000	10	 sysNum: 	4999	 MissingNum: 	0	 26324.179166667578	 190655	 2	 Protocol_Missing: 0	 4074.2041666666646	 0.0	 0.0	 0.0	 0.0	 0.0	 0.0	 0.0	 
50010	50000	10	 sysNum: 	45009	 MissingNum: 	0	 46455.21249997242	 235477	 2	 Protocol_Missing: 0	 4080.2124999999983	 0.0	 0.0	 0.0	 0.0	 0.0	 0.0	 0.0	 
50010	50000	10	 sysNum: 	40008	 MissingNum: 	0	 46329.804166639085	 235271	 2	 Protocol_Missing: 0	 4079.8041666666636	 0.0	 0.0	 0.0	 0.0	 0.0	 0.0	 0.0	 
50010	50000	10	 sysNum: 	35007	 MissingNum: 	0	 46240.329166639014	 236105	 2	 Protocol_Missing: 0	 4115.329166666666	 0.0	 0.0	 0.0	 0.0	 0.0	 0.0	 0.0	 
50010	50000	10	 sysNum: 	30006	 MissingNum: 	0	 46096.662499972386	 235849	 2	 Protocol_Missing: 0	 4096.6624999999985	 0.0	 0.0	 0.0	 0.0	 0.0	 0.0	 0.0	 
50010	50000	10	 sysNum: 	25005	 MissingNum: 	0	 45978.758333305705	 236517	 2	 Protocol_Missing: 0	 4105.033333333332	 0.0	 0.0	 0.0	 0.0	 0.0	 0.0	 0.0	 
50010	50000	10	 sysNum: 	20004	 MissingNum: 	0	 45838.758333305734	 235962	 2	 Protocol_Missing: 0	 4088.758333333331	 0.0	 0.0	 0.0	 0.0	 0.0	 0.0	 0.0	 
50010	50000	10	 sysNum: 	15001	 MissingNum: 	0	 45746.791666638994	 236533	 2	 Protocol_Missing: 0	 4122.241666666666	 0.0	 0.0	 0.0	 0.0	 0.0	 0.0	 0.0	 
50010	50000	10	 sysNum: 	10000	 MissingNum: 	0	 29645.28333333303	 198450	 2	 Protocol_Missing: 0	 4082.8083333333307	 0.0	 0.0	 0.0	 0.0	 0.0	 0.0	 0.0	 
50010	50000	10	 sysNum: 	4999	 MissingNum: 	0	 26335.17500000091	 190648	 2	 Protocol_Missing: 0	 4085.1999999999975	 0.0	 0.0	 0.0	 0.0	 0.0	 0.0	 0.0	 
50010	50000	10	 sysNum: 	45009	 MissingNum: 	0	 46485.1958333057	 236889	 2	 Protocol_Missing: 0	 4110.195833333332	 0.0	 0.0	 0.0	 0.0	 0.0	 0.0	 0.0	 
50010	50000	10	 sysNum: 	40008	 MissingNum: 	0	 46341.733333305725	 235680	 2	 Protocol_Missing: 0	 4091.7333333333313	 0.0	 0.0	 0.0	 0.0	 0.0	 0.0	 0.0	 
50010	50000	10	 sysNum: 	35007	 MissingNum: 	0	 46227.508333305705	 236447	 2	 Protocol_Missing: 0	 4102.933333333332	 0.0	 0.0	 0.0	 0.0	 0.0	 0.0	 0.0	 
50010	50000	10	 sysNum: 	30006	 MissingNum: 	0	 46096.04999997238	 235444	 2	 Protocol_Missing: 0	 4096.049999999997	 0.0	 0.0	 0.0	 0.0	 0.0	 0.0	 0.0	 
50010	50000	10	 sysNum: 	25005	 MissingNum: 	0	 45976.299999972376	 236008	 2	 Protocol_Missing: 0	 4101.299999999998	 0.0	 0.0	 0.0	 0.0	 0.0	 0.0	 0.0	 
50010	50000	10	 sysNum: 	20004	 MissingNum: 	0	 45840.44999997239	 235636	 2	 Protocol_Missing: 0	 4090.4499999999966	 0.0	 0.0	 0.0	 0.0	 0.0	 0.0	 0.0	 
50010	50000	10	 sysNum: 	15001	 MissingNum: 	0	 45705.00416663908	 235525	 2	 Protocol_Missing: 0	 4081.7291666666642	 0.0	 0.0	 0.0	 0.0	 0.0	 0.0	 0.0	 
50010	50000	10	 sysNum: 	10000	 MissingNum: 	0	 29670.804166666312	 198941	 2	 Protocol_Missing: 0	 4108.329166666665	 0.0	 0.0	 0.0	 0.0	 0.0	 0.0	 0.0	 
50010	50000	10	 sysNum: 	4999	 MissingNum: 	0	 26331.850000000908	 190918	 2	 Protocol_Missing: 0	 4081.874999999998	 0.0	 0.0	 0.0	 0.0	 0.0	 0.0	 0.0	 
50010	50000	10	 sysNum: 	45009	 MissingNum: 	0	 46454.02916663909	 235450	 2	 Protocol_Missing: 0	 4079.4541666666646	 0.0	 0.0	 0.0	 0.0	 0.0	 0.0	 0.0	 
50010	50000	10	 sysNum: 	40008	 MissingNum: 	0	 46337.38749997241	 235723	 2	 Protocol_Missing: 0	 4087.3874999999985	 0.0	 0.0	 0.0	 0.0	 0.0	 0.0	 0.0	 
50010	50000	10	 sysNum: 	35007	 MissingNum: 	0	 46250.88749997233	 236467	 2	 Protocol_Missing: 0	 4125.887500000002	 0.0	 0.0	 0.0	 0.0	 0.0	 0.0	 0.0	 
50010	50000	10	 sysNum: 	30006	 MissingNum: 	0	 46061.808333305795	 235230	 2	 Protocol_Missing: 0	 4061.8083333333316	 0.0	 0.0	 0.0	 0.0	 0.0	 0.0	 0.0	 
50010	50000	10	 sysNum: 	25005	 MissingNum: 	0	 45991.883333305675	 236583	 2	 Protocol_Missing: 0	 4118.158333333332	 0.0	 0.0	 0.0	 0.0	 0.0	 0.0	 0.0	 
50010	50000	10	 sysNum: 	20004	 MissingNum: 	0	 45812.41249997245	 235305	 2	 Protocol_Missing: 0	 4064.112499999998	 0.0	 0.0	 0.0	 0.0	 0.0	 0.0	 0.0	 
50010	50000	10	 sysNum: 	15001	 MissingNum: 	0	 45744.058333305664	 236672	 2	 Protocol_Missing: 0	 4120.783333333332	 0.0	 0.0	 0.0	 0.0	 0.0	 0.0	 0.0	 
50010	50000	10	 sysNum: 	10000	 MissingNum: 	0	 29665.029166666325	 198935	 2	 Protocol_Missing: 0	 4102.554166666666	 0.0	 0.0	 0.0	 0.0	 0.0	 0.0	 0.0	 
50010	50000	10	 sysNum: 	4999	 MissingNum: 	0	 26362.183333334244	 191382	 2	 Protocol_Missing: 0	 4112.208333333332	 0.0	 0.0	 0.0	 0.0	 0.0	 0.0	 0.0	 
50010	50000	10	 sysNum: 	45009	 MissingNum: 	0	 46444.77083330578	 234927	 2	 Protocol_Missing: 0	 4069.7708333333303	 0.0	 0.0	 0.0	 0.0	 0.0	 0.0	 0.0	 
50010	50000	10	 sysNum: 	40008	 MissingNum: 	0	 46343.07499997239	 235726	 2	 Protocol_Missing: 0	 4093.0749999999975	 0.0	 0.0	 0.0	 0.0	 0.0	 0.0	 0.0	 
50010	50000	10	 sysNum: 	35007	 MissingNum: 	0	 46216.10416663906	 235864	 2	 Protocol_Missing: 0	 4091.5291666666644	 0.0	 0.0	 0.0	 0.0	 0.0	 0.0	 0.0	 
50010	50000	10	 sysNum: 	30006	 MissingNum: 	0	 46095.93333330572	 236400	 2	 Protocol_Missing: 0	 4095.9333333333316	 0.0	 0.0	 0.0	 0.0	 0.0	 0.0	 0.0	 
50010	50000	10	 sysNum: 	25005	 MissingNum: 	0	 45943.51249997245	 235295	 2	 Protocol_Missing: 0	 4069.362499999999	 0.0	 0.0	 0.0	 0.0	 0.0	 0.0	 0.0	 
50010	50000	10	 sysNum: 	20004	 MissingNum: 	0	 45858.98333330569	 235517	 2	 Protocol_Missing: 0	 4109.408333333333	 0.0	 0.0	 0.0	 0.0	 0.0	 0.0	 0.0	 
50010	50000	10	 sysNum: 	15001	 MissingNum: 	0	 45701.47916663909	 235569	 2	 Protocol_Missing: 0	 4077.3541666666633	 0.0	 0.0	 0.0	 0.0	 0.0	 0.0	 0.0	 
50010	50000	10	 sysNum: 	10000	 MissingNum: 	0	 29661.883333332982	 198266	 2	 Protocol_Missing: 0	 4105.908333333332	 0.0	 0.0	 0.0	 0.0	 0.0	 0.0	 0.0	 
50010	50000	10	 sysNum: 	4999	 MissingNum: 	0	 26342.904166667577	 190401	 2	 Protocol_Missing: 0	 4100.979166666665	 0.0	 0.0	 0.0	 0.0	 0.0	 0.0	 0.0	 
50010	50000	10	 sysNum: 	45009	 MissingNum: 	0	 46464.2249999724	 235786	 2	 Protocol_Missing: 0	 4089.2249999999976	 0.0	 0.0	 0.0	 0.0	 0.0	 0.0	 0.0	 
50010	50000	10	 sysNum: 	40008	 MissingNum: 	0	 46341.35416663906	 235859	 2	 Protocol_Missing: 0	 4091.3541666666647	 0.0	 0.0	 0.0	 0.0	 0.0	 0.0	 0.0	 
50010	50000	10	 sysNum: 	35007	 MissingNum: 	0	 46235.51666663902	 236324	 2	 Protocol_Missing: 0	 4110.5166666666655	 0.0	 0.0	 0.0	 0.0	 0.0	 0.0	 0.0	 
50010	50000	10	 sysNum: 	30006	 MissingNum: 	0	 46121.15833330566	 236332	 2	 Protocol_Missing: 0	 4122.008333333334	 0.0	 0.0	 0.0	 0.0	 0.0	 0.0	 0.0	 
50010	50000	10	 sysNum: 	25005	 MissingNum: 	0	 45960.57916663907	 236045	 2	 Protocol_Missing: 0	 4085.5791666666646	 0.0	 0.0	 0.0	 0.0	 0.0	 0.0	 0.0	 
50010	50000	10	 sysNum: 	20004	 MissingNum: 	0	 45841.491666639056	 235918	 2	 Protocol_Missing: 0	 4093.191666666664	 0.0	 0.0	 0.0	 0.0	 0.0	 0.0	 0.0	 
50010	50000	10	 sysNum: 	15001	 MissingNum: 	0	 45723.21249997238	 235711	 2	 Protocol_Missing: 0	 4098.237499999997	 0.0	 0.0	 0.0	 0.0	 0.0	 0.0	 0.0	 
50010	50000	10	 sysNum: 	10000	 MissingNum: 	0	 29650.474999999686	 198436	 2	 Protocol_Missing: 0	 4087.9999999999973	 0.0	 0.0	 0.0	 0.0	 0.0	 0.0	 0.0	 
50010	50000	10	 sysNum: 	4999	 MissingNum: 	0	 26304.81250000091	 190183	 2	 Protocol_Missing: 0	 4054.8374999999965	 0.0	 0.0	 0.0	 0.0	 0.0	 0.0	 0.0	 
50010	50000	10	 sysNum: 	45009	 MissingNum: 	0	 46478.92499997237	 235714	 2	 Protocol_Missing: 0	 4103.924999999997	 0.0	 0.0	 0.0	 0.0	 0.0	 0.0	 0.0	 
50010	50000	10	 sysNum: 	40008	 MissingNum: 	0	 46335.81249997241	 235861	 2	 Protocol_Missing: 0	 4085.8124999999977	 0.0	 0.0	 0.0	 0.0	 0.0	 0.0	 0.0	 
50010	50000	10	 sysNum: 	35007	 MissingNum: 	0	 46228.76249997237	 236490	 2	 Protocol_Missing: 0	 4104.187499999998	 0.0	 0.0	 0.0	 0.0	 0.0	 0.0	 0.0	 
50010	50000	10	 sysNum: 	30006	 MissingNum: 	0	 46082.52916663908	 235762	 2	 Protocol_Missing: 0	 4082.9541666666632	 0.0	 0.0	 0.0	 0.0	 0.0	 0.0	 0.0	 
50010	50000	10	 sysNum: 	25005	 MissingNum: 	0	 45994.716666639004	 236461	 2	 Protocol_Missing: 0	 4120.141666666666	 0.0	 0.0	 0.0	 0.0	 0.0	 0.0	 0.0	 
50010	50000	10	 sysNum: 	20004	 MissingNum: 	0	 45829.133333305756	 235824	 2	 Protocol_Missing: 0	 4079.133333333331	 0.0	 0.0	 0.0	 0.0	 0.0	 0.0	 0.0	 
50010	50000	10	 sysNum: 	15001	 MissingNum: 	0	 45717.29166663907	 235892	 2	 Protocol_Missing: 0	 4092.3166666666657	 0.0	 0.0	 0.0	 0.0	 0.0	 0.0	 0.0	 
50010	50000	10	 sysNum: 	10000	 MissingNum: 	0	 29652.562499999676	 198611	 2	 Protocol_Missing: 0	 4093.3374999999983	 0.0	 0.0	 0.0	 0.0	 0.0	 0.0	 0.0	 
50010	50000	10	 sysNum: 	4999	 MissingNum: 	0	 26335.17500000091	 190776	 2	 Protocol_Missing: 0	 4089.2249999999976	 0.0	 0.0	 0.0	 0.0	 0.0	 0.0	 0.0	 
50010	50000	10	 sysNum: 	45009	 MissingNum: 	0	 46473.96666663905	 235928	 2	 Protocol_Missing: 0	 4098.966666666665	 0.0	 0.0	 0.0	 0.0	 0.0	 0.0	 0.0	 
50010	50000	10	 sysNum: 	40008	 MissingNum: 	0	 46388.54583330563	 236709	 2	 Protocol_Missing: 0	 4138.5458333333345	 0.0	 0.0	 0.0	 0.0	 0.0	 0.0	 0.0	 
50010	50000	10	 sysNum: 	35007	 MissingNum: 	0	 46226.94166663904	 236222	 2	 Protocol_Missing: 0	 4101.941666666666	 0.0	 0.0	 0.0	 0.0	 0.0	 0.0	 0.0	 
50010	50000	10	 sysNum: 	30006	 MissingNum: 	0	 46083.71249997241	 235981	 2	 Protocol_Missing: 0	 4083.712499999998	 0.0	 0.0	 0.0	 0.0	 0.0	 0.0	 0.0	 
50010	50000	10	 sysNum: 	25005	 MissingNum: 	0	 45956.71249997241	 236118	 2	 Protocol_Missing: 0	 4082.137499999998	 0.0	 0.0	 0.0	 0.0	 0.0	 0.0	 0.0	 
50010	50000	10	 sysNum: 	20004	 MissingNum: 	0	 45869.387499972334	 236312	 2	 Protocol_Missing: 0	 4121.5125	 0.0	 0.0	 0.0	 0.0	 0.0	 0.0	 0.0	 
50010	50000	10	 sysNum: 	15001	 MissingNum: 	0	 45711.691666639075	 235700	 2	 Protocol_Missing: 0	 4086.716666666666	 0.0	 0.0	 0.0	 0.0	 0.0	 0.0	 0.0	 
50010	50000	10	 sysNum: 	10000	 MissingNum: 	0	 29668.529166666314	 199055	 2	 Protocol_Missing: 0	 4106.054166666664	 0.0	 0.0	 0.0	 0.0	 0.0	 0.0	 0.0	 
50010	50000	10	 sysNum: 	4999	 MissingNum: 	0	 26368.77500000091	 190968	 2	 Protocol_Missing: 0	 4122.825	 0.0	 0.0	 0.0	 0.0	 0.0	 0.0	 0.0	 
50010	50000	10	 sysNum: 	45009	 MissingNum: 	0	 46466.64583330573	 235869	 2	 Protocol_Missing: 0	 4091.645833333331	 0.0	 0.0	 0.0	 0.0	 0.0	 0.0	 0.0	 
50010	50000	10	 sysNum: 	40008	 MissingNum: 	0	 46340.624999972395	 235834	 2	 Protocol_Missing: 0	 4090.6249999999986	 0.0	 0.0	 0.0	 0.0	 0.0	 0.0	 0.0	 
50010	50000	10	 sysNum: 	35007	 MissingNum: 	0	 46183.833333305796	 235320	 2	 Protocol_Missing: 0	 4058.8333333333317	 0.0	 0.0	 0.0	 0.0	 0.0	 0.0	 0.0	 
50010	50000	10	 sysNum: 	30006	 MissingNum: 	0	 46036.69583330585	 234561	 2	 Protocol_Missing: 0	 4036.695833333332	 0.0	 0.0	 0.0	 0.0	 0.0	 0.0	 0.0	 
50010	50000	10	 sysNum: 	25005	 MissingNum: 	0	 45978.954166639036	 236483	 2	 Protocol_Missing: 0	 4103.9541666666655	 0.0	 0.0	 0.0	 0.0	 0.0	 0.0	 0.0	 
50010	50000	10	 sysNum: 	20004	 MissingNum: 	0	 45833.87083330574	 235808	 2	 Protocol_Missing: 0	 4084.2958333333304	 0.0	 0.0	 0.0	 0.0	 0.0	 0.0	 0.0	 
50010	50000	10	 sysNum: 	15001	 MissingNum: 	0	 45745.79583330566	 236334	 2	 Protocol_Missing: 0	 4122.095833333334	 0.0	 0.0	 0.0	 0.0	 0.0	 0.0	 0.0	 
50010	50000	10	 sysNum: 	10000	 MissingNum: 	0	 29644.02916666637	 198215	 2	 Protocol_Missing: 0	 4081.554166666664	 0.0	 0.0	 0.0	 0.0	 0.0	 0.0	 0.0	 
50010	50000	10	 sysNum: 	4999	 MissingNum: 	0	 26352.908333334242	 191320	 2	 Protocol_Missing: 0	 4110.983333333332	 0.0	 0.0	 0.0	 0.0	 0.0	 0.0	 0.0	 
50010	50000	10	 sysNum: 	45009	 MissingNum: 	0	 46474.40416663905	 235943	 2	 Protocol_Missing: 0	 4099.404166666665	 0.0	 0.0	 0.0	 0.0	 0.0	 0.0	 0.0	 
50010	50000	10	 sysNum: 	40008	 MissingNum: 	0	 46327.499999972424	 235384	 2	 Protocol_Missing: 0	 4077.499999999999	 0.0	 0.0	 0.0	 0.0	 0.0	 0.0	 0.0	 
50010	50000	10	 sysNum: 	35007	 MissingNum: 	0	 46220.75833330572	 236010	 2	 Protocol_Missing: 0	 4095.758333333331	 0.0	 0.0	 0.0	 0.0	 0.0	 0.0	 0.0	 
50010	50000	10	 sysNum: 	30006	 MissingNum: 	0	 46101.56249997237	 236017	 2	 Protocol_Missing: 0	 4101.562499999997	 0.0	 0.0	 0.0	 0.0	 0.0	 0.0	 0.0	 
50010	50000	10	 sysNum: 	25005	 MissingNum: 	0	 45958.770833305745	 235983	 2	 Protocol_Missing: 0	 4083.770833333331	 0.0	 0.0	 0.0	 0.0	 0.0	 0.0	 0.0	 
50010	50000	10	 sysNum: 	20004	 MissingNum: 	0	 45869.09583330566	 235918	 2	 Protocol_Missing: 0	 4121.220833333333	 0.0	 0.0	 0.0	 0.0	 0.0	 0.0	 0.0	 
50010	50000	10	 sysNum: 	15001	 MissingNum: 	0	 45727.94999997236	 235982	 2	 Protocol_Missing: 0	 4106.374999999999	 0.0	 0.0	 0.0	 0.0	 0.0	 0.0	 0.0	 
50010	50000	10	 sysNum: 	10000	 MissingNum: 	0	 29657.658333332998	 198734	 2	 Protocol_Missing: 0	 4096.808333333331	 0.0	 0.0	 0.0	 0.0	 0.0	 0.0	 0.0	 
50010	50000	10	 sysNum: 	4999	 MissingNum: 	0	 26343.575000000907	 191128	 2	 Protocol_Missing: 0	 4093.5999999999976	 0.0	 0.0	 0.0	 0.0	 0.0	 0.0	 0.0	 
50010	50000	10	 sysNum: 	45009	 MissingNum: 	0	 46475.191666639046	 236162	 2	 Protocol_Missing: 0	 4100.191666666665	 0.0	 0.0	 0.0	 0.0	 0.0	 0.0	 0.0	 
50010	50000	10	 sysNum: 	40008	 MissingNum: 	0	 46348.90833330571	 236310	 2	 Protocol_Missing: 0	 4098.908333333332	 0.0	 0.0	 0.0	 0.0	 0.0	 0.0	 0.0	 
50010	50000	10	 sysNum: 	35007	 MissingNum: 	0	 46214.45833330573	 235602	 2	 Protocol_Missing: 0	 4089.4583333333317	 0.0	 0.0	 0.0	 0.0	 0.0	 0.0	 0.0	 
50010	50000	10	 sysNum: 	30006	 MissingNum: 	0	 46110.74999997236	 236716	 2	 Protocol_Missing: 0	 4110.749999999999	 0.0	 0.0	 0.0	 0.0	 0.0	 0.0	 0.0	 
50010	50000	10	 sysNum: 	25005	 MissingNum: 	0	 45957.42499997241	 235772	 2	 Protocol_Missing: 0	 4083.274999999998	 0.0	 0.0	 0.0	 0.0	 0.0	 0.0	 0.0	 
50010	50000	10	 sysNum: 	20004	 MissingNum: 	0	 45826.09166663909	 235582	 2	 Protocol_Missing: 0	 4077.7916666666642	 0.0	 0.0	 0.0	 0.0	 0.0	 0.0	 0.0	 
50010	50000	10	 sysNum: 	15001	 MissingNum: 	0	 45725.96666663904	 236779	 2	 Protocol_Missing: 0	 4101.416666666665	 0.0	 0.0	 0.0	 0.0	 0.0	 0.0	 0.0	 
50010	50000	10	 sysNum: 	10000	 MissingNum: 	0	 29653.88749999968	 198553	 2	 Protocol_Missing: 0	 4091.412499999998	 0.0	 0.0	 0.0	 0.0	 0.0	 0.0	 0.0	 
50010	50000	10	 sysNum: 	4999	 MissingNum: 	0	 26355.358333334243	 190508	 2	 Protocol_Missing: 0	 4109.408333333332	 0.0	 0.0	 0.0	 0.0	 0.0	 0.0	 0.0	 
50010	50000	10	 sysNum: 	45009	 MissingNum: 	0	 46440.77499997245	 235174	 2	 Protocol_Missing: 0	 4065.7749999999965	 0.0	 0.0	 0.0	 0.0	 0.0	 0.0	 0.0	 
50010	50000	10	 sysNum: 	40008	 MissingNum: 	0	 46331.50833330575	 235343	 2	 Protocol_Missing: 0	 4081.9333333333316	 0.0	 0.0	 0.0	 0.0	 0.0	 0.0	 0.0	 
50010	50000	10	 sysNum: 	35007	 MissingNum: 	0	 46185.729166639125	 235001	 2	 Protocol_Missing: 0	 4060.7291666666642	 0.0	 0.0	 0.0	 0.0	 0.0	 0.0	 0.0	 
50010	50000	10	 sysNum: 	30006	 MissingNum: 	0	 46084.70416663908	 235631	 2	 Protocol_Missing: 0	 4084.7041666666637	 0.0	 0.0	 0.0	 0.0	 0.0	 0.0	 0.0	 
50010	50000	10	 sysNum: 	25005	 MissingNum: 	0	 45958.07083330575	 235767	 2	 Protocol_Missing: 0	 4083.070833333332	 0.0	 0.0	 0.0	 0.0	 0.0	 0.0	 0.0	 
50010	50000	10	 sysNum: 	20004	 MissingNum: 	0	 45855.09166663903	 236138	 2	 Protocol_Missing: 0	 4105.091666666665	 0.0	 0.0	 0.0	 0.0	 0.0	 0.0	 0.0	 
50010	50000	10	 sysNum: 	15001	 MissingNum: 	0	 45710.64583330574	 235540	 2	 Protocol_Missing: 0	 4087.7958333333313	 0.0	 0.0	 0.0	 0.0	 0.0	 0.0	 0.0	 
50010	50000	10	 sysNum: 	10000	 MissingNum: 	0	 29683.63749999962	 199381	 2	 Protocol_Missing: 0	 4121.1625	 0.0	 0.0	 0.0	 0.0	 0.0	 0.0	 0.0	 
50010	50000	10	 sysNum: 	4999	 MissingNum: 	0	 26336.83750000091	 190897	 2	 Protocol_Missing: 0	 4086.862499999998	 0.0	 0.0	 0.0	 0.0	 0.0	 0.0	 0.0	 
50010	50000	10	 sysNum: 	45009	 MissingNum: 	0	 46497.04999997233	 236733	 2	 Protocol_Missing: 0	 4122.474999999999	 0.0	 0.0	 0.0	 0.0	 0.0	 0.0	 0.0	 
50010	50000	10	 sysNum: 	40008	 MissingNum: 	0	 46334.29583330575	 235617	 2	 Protocol_Missing: 0	 4084.2958333333318	 0.0	 0.0	 0.0	 0.0	 0.0	 0.0	 0.0	 
50010	50000	10	 sysNum: 	35007	 MissingNum: 	0	 46202.266666639094	 235568	 2	 Protocol_Missing: 0	 4077.2666666666646	 0.0	 0.0	 0.0	 0.0	 0.0	 0.0	 0.0	 
50010	50000	10	 sysNum: 	30006	 MissingNum: 	0	 46115.03749997234	 236863	 2	 Protocol_Missing: 0	 4115.0374999999985	 0.0	 0.0	 0.0	 0.0	 0.0	 0.0	 0.0	 
50010	50000	10	 sysNum: 	25005	 MissingNum: 	0	 45981.8833333057	 236213	 2	 Protocol_Missing: 0	 4107.3083333333325	 0.0	 0.0	 0.0	 0.0	 0.0	 0.0	 0.0	 
50010	50000	10	 sysNum: 	20004	 MissingNum: 	0	 45846.254166639046	 235835	 2	 Protocol_Missing: 0	 4096.254166666665	 0.0	 0.0	 0.0	 0.0	 0.0	 0.0	 0.0	 
50010	50000	10	 sysNum: 	15001	 MissingNum: 	0	 45734.029166639026	 235725	 2	 Protocol_Missing: 0	 4109.904166666665	 0.0	 0.0	 0.0	 0.0	 0.0	 0.0	 0.0	 
50010	50000	10	 sysNum: 	10000	 MissingNum: 	0	 29652.058333333014	 198350	 2	 Protocol_Missing: 0	 4091.208333333331	 0.0	 0.0	 0.0	 0.0	 0.0	 0.0	 0.0	 
50010	50000	10	 sysNum: 	4999	 MissingNum: 	0	 26335.52500000091	 190916	 2	 Protocol_Missing: 0	 4093.599999999999	 0.0	 0.0	 0.0	 0.0	 0.0	 0.0	 0.0	 
50010	50000	10	 sysNum: 	45009	 MissingNum: 	0	 46467.75416663906	 235907	 2	 Protocol_Missing: 0	 4092.754166666665	 0.0	 0.0	 0.0	 0.0	 0.0	 0.0	 0.0	 
50010	50000	10	 sysNum: 	40008	 MissingNum: 	0	 46321.170833305776	 235743	 2	 Protocol_Missing: 0	 4071.1708333333318	 0.0	 0.0	 0.0	 0.0	 0.0	 0.0	 0.0	 
50010	50000	10	 sysNum: 	35007	 MissingNum: 	0	 46223.645833305716	 236301	 2	 Protocol_Missing: 0	 4098.645833333331	 0.0	 0.0	 0.0	 0.0	 0.0	 0.0	 0.0	 
50010	50000	10	 sysNum: 	30006	 MissingNum: 	0	 46104.66666663903	 236521	 2	 Protocol_Missing: 0	 4105.091666666665	 0.0	 0.0	 0.0	 0.0	 0.0	 0.0	 0.0	 
50010	50000	10	 sysNum: 	25005	 MissingNum: 	0	 45978.02916663904	 236108	 2	 Protocol_Missing: 0	 4104.304166666666	 0.0	 0.0	 0.0	 0.0	 0.0	 0.0	 0.0	 
50010	50000	10	 sysNum: 	20004	 MissingNum: 	0	 45835.57499997241	 235880	 2	 Protocol_Missing: 0	 4086.4249999999975	 0.0	 0.0	 0.0	 0.0	 0.0	 0.0	 0.0	 
50010	50000	10	 sysNum: 	15001	 MissingNum: 	0	 45709.41249997241	 235649	 2	 Protocol_Missing: 0	 4085.287499999997	 0.0	 0.0	 0.0	 0.0	 0.0	 0.0	 0.0	 
50010	50000	10	 sysNum: 	10000	 MissingNum: 	0	 29670.424999999646	 198352	 2	 Protocol_Missing: 0	 4107.949999999999	 0.0	 0.0	 0.0	 0.0	 0.0	 0.0	 0.0	 
50010	50000	10	 sysNum: 	4999	 MissingNum: 	0	 26348.533333334242	 191362	 2	 Protocol_Missing: 0	 4106.608333333331	 0.0	 0.0	 0.0	 0.0	 0.0	 0.0	 0.0	 
50010	50000	10	 sysNum: 	45009	 MissingNum: 	0	 46463.174999972405	 235750	 2	 Protocol_Missing: 0	 4088.1749999999975	 0.0	 0.0	 0.0	 0.0	 0.0	 0.0	 0.0	 
50010	50000	10	 sysNum: 	40008	 MissingNum: 	0	 46368.129166639	 236393	 2	 Protocol_Missing: 0	 4118.129166666666	 0.0	 0.0	 0.0	 0.0	 0.0	 0.0	 0.0	 
50010	50000	10	 sysNum: 	35007	 MissingNum: 	0	 46211.82916663907	 235923	 2	 Protocol_Missing: 0	 4087.679166666665	 0.0	 0.0	 0.0	 0.0	 0.0	 0.0	 0.0	 
50010	50000	10	 sysNum: 	30006	 MissingNum: 	0	 46060.28749997246	 235205	 2	 Protocol_Missing: 0	 4061.137499999999	 0.0	 0.0	 0.0	 0.0	 0.0	 0.0	 0.0	 
50010	50000	10	 sysNum: 	25005	 MissingNum: 	0	 45966.36666663906	 235873	 2	 Protocol_Missing: 0	 4091.7916666666647	 0.0	 0.0	 0.0	 0.0	 0.0	 0.0	 0.0	 
50010	50000	10	 sysNum: 	20004	 MissingNum: 	0	 45871.729166639	 235954	 2	 Protocol_Missing: 0	 4122.154166666667	 0.0	 0.0	 0.0	 0.0	 0.0	 0.0	 0.0	 
50010	50000	10	 sysNum: 	15001	 MissingNum: 	0	 45723.76249997238	 235949	 2	 Protocol_Missing: 0	 4099.637499999998	 0.0	 0.0	 0.0	 0.0	 0.0	 0.0	 0.0	 
50010	50000	10	 sysNum: 	10000	 MissingNum: 	0	 29669.666666666315	 199094	 2	 Protocol_Missing: 0	 4107.191666666666	 0.0	 0.0	 0.0	 0.0	 0.0	 0.0	 0.0	 
50010	50000	10	 sysNum: 	4999	 MissingNum: 	0	 26343.108333334243	 190728	 2	 Protocol_Missing: 0	 4093.1333333333314	 0.0	 0.0	 0.0	 0.0	 0.0	 0.0	 0.0	 
50010	50000	10	 sysNum: 	45009	 MissingNum: 	0	 46448.44583330577	 235437	 2	 Protocol_Missing: 0	 4073.445833333331	 0.0	 0.0	 0.0	 0.0	 0.0	 0.0	 0.0	 
50010	50000	10	 sysNum: 	40008	 MissingNum: 	0	 46318.73333330577	 235289	 2	 Protocol_Missing: 0	 4069.158333333331	 0.0	 0.0	 0.0	 0.0	 0.0	 0.0	 0.0	 
50010	50000	10	 sysNum: 	35007	 MissingNum: 	0	 46221.86666663905	 236240	 2	 Protocol_Missing: 0	 4096.866666666665	 0.0	 0.0	 0.0	 0.0	 0.0	 0.0	 0.0	 
50010	50000	10	 sysNum: 	30006	 MissingNum: 	0	 46114.979166639016	 236477	 2	 Protocol_Missing: 0	 4114.979166666666	 0.0	 0.0	 0.0	 0.0	 0.0	 0.0	 0.0	 
50010	50000	10	 sysNum: 	25005	 MissingNum: 	0	 45973.058333305715	 236308	 2	 Protocol_Missing: 0	 4098.908333333331	 0.0	 0.0	 0.0	 0.0	 0.0	 0.0	 0.0	 
50010	50000	10	 sysNum: 	20004	 MissingNum: 	0	 45838.758333305734	 236346	 2	 Protocol_Missing: 0	 4088.758333333332	 0.0	 0.0	 0.0	 0.0	 0.0	 0.0	 0.0	 
50010	50000	10	 sysNum: 	15001	 MissingNum: 	0	 45734.424999972354	 236301	 2	 Protocol_Missing: 0	 4109.874999999998	 0.0	 0.0	 0.0	 0.0	 0.0	 0.0	 0.0	 
50010	50000	10	 sysNum: 	10000	 MissingNum: 	0	 29692.183333332934	 199482	 2	 Protocol_Missing: 0	 4129.708333333333	 0.0	 0.0	 0.0	 0.0	 0.0	 0.0	 0.0	 
50010	50000	10	 sysNum: 	4999	 MissingNum: 	0	 26333.57083333424	 190401	 2	 Protocol_Missing: 0	 4083.595833333331	 0.0	 0.0	 0.0	 0.0	 0.0	 0.0	 0.0	 
50010	50000	10	 sysNum: 	45009	 MissingNum: 	0	 46497.941666639	 236750	 2	 Protocol_Missing: 0	 4122.941666666667	 0.0	 0.0	 0.0	 0.0	 0.0	 0.0	 0.0	 
50010	50000	10	 sysNum: 	40008	 MissingNum: 	0	 46330.62083330575	 235491	 2	 Protocol_Missing: 0	 4080.6208333333307	 0.0	 0.0	 0.0	 0.0	 0.0	 0.0	 0.0	 
50010	50000	10	 sysNum: 	35007	 MissingNum: 	0	 46218.045833305725	 235917	 2	 Protocol_Missing: 0	 4093.045833333331	 0.0	 0.0	 0.0	 0.0	 0.0	 0.0	 0.0	 
50010	50000	10	 sysNum: 	30006	 MissingNum: 	0	 46100.94999997238	 235612	 2	 Protocol_Missing: 0	 4100.949999999998	 0.0	 0.0	 0.0	 0.0	 0.0	 0.0	 0.0	 
50010	50000	10	 sysNum: 	25005	 MissingNum: 	0	 45980.52916663903	 236345	 2	 Protocol_Missing: 0	 4105.529166666665	 0.0	 0.0	 0.0	 0.0	 0.0	 0.0	 0.0	 
50010	50000	10	 sysNum: 	20004	 MissingNum: 	0	 45866.58333330568	 236340	 2	 Protocol_Missing: 0	 4116.583333333333	 0.0	 0.0	 0.0	 0.0	 0.0	 0.0	 0.0	 
50010	50000	10	 sysNum: 	15001	 MissingNum: 	0	 45726.37499997237	 236217	 2	 Protocol_Missing: 0	 4101.824999999998	 0.0	 0.0	 0.0	 0.0	 0.0	 0.0	 0.0	 
50010	50000	10	 sysNum: 	10000	 MissingNum: 	0	 29646.34999999969	 198014	 2	 Protocol_Missing: 0	 4087.124999999998	 0.0	 0.0	 0.0	 0.0	 0.0	 0.0	 0.0	 
50010	50000	10	 sysNum: 	4999	 MissingNum: 	0	 26338.67500000091	 191152	 2	 Protocol_Missing: 0	 4088.699999999998	 0.0	 0.0	 0.0	 0.0	 0.0	 0.0	 0.0	 
50010	50000	10	 sysNum: 	45009	 MissingNum: 	0	 46451.041666639096	 235718	 2	 Protocol_Missing: 0	 4076.0416666666642	 0.0	 0.0	 0.0	 0.0	 0.0	 0.0	 0.0	 
50010	50000	10	 sysNum: 	40008	 MissingNum: 	0	 46345.52499997239	 236002	 2	 Protocol_Missing: 0	 4095.5249999999987	 0.0	 0.0	 0.0	 0.0	 0.0	 0.0	 0.0	 
50010	50000	10	 sysNum: 	35007	 MissingNum: 	0	 46233.591666639026	 236066	 2	 Protocol_Missing: 0	 4108.591666666666	 0.0	 0.0	 0.0	 0.0	 0.0	 0.0	 0.0	 
50010	50000	10	 sysNum: 	30006	 MissingNum: 	0	 46106.54999997236	 236188	 2	 Protocol_Missing: 0	 4106.549999999998	 0.0	 0.0	 0.0	 0.0	 0.0	 0.0	 0.0	 
50010	50000	10	 sysNum: 	25005	 MissingNum: 	0	 45953.27083330575	 235808	 2	 Protocol_Missing: 0	 4078.695833333331	 0.0	 0.0	 0.0	 0.0	 0.0	 0.0	 0.0	 
50010	50000	10	 sysNum: 	20004	 MissingNum: 	0	 45848.558333305715	 236298	 2	 Protocol_Missing: 0	 4098.558333333331	 0.0	 0.0	 0.0	 0.0	 0.0	 0.0	 0.0	 
50010	50000	10	 sysNum: 	15001	 MissingNum: 	0	 45732.674999972354	 236625	 2	 Protocol_Missing: 0	 4108.124999999998	 0.0	 0.0	 0.0	 0.0	 0.0	 0.0	 0.0	 
50010	50000	10	 sysNum: 	10000	 MissingNum: 	0	 29675.849999999635	 198538	 2	 Protocol_Missing: 0	 4113.375	 0.0	 0.0	 0.0	 0.0	 0.0	 0.0	 0.0	 
50010	50000	10	 sysNum: 	4999	 MissingNum: 	0	 26335.029166667577	 190835	 2	 Protocol_Missing: 0	 4085.054166666664	 0.0	 0.0	 0.0	 0.0	 0.0	 0.0	 0.0	 
50010	50000	10	 sysNum: 	45009	 MissingNum: 	0	 46469.38749997239	 236347	 2	 Protocol_Missing: 0	 4094.387499999997	 0.0	 0.0	 0.0	 0.0	 0.0	 0.0	 0.0	 
50010	50000	10	 sysNum: 	40008	 MissingNum: 	0	 46338.437499972395	 235567	 2	 Protocol_Missing: 0	 4088.4374999999973	 0.0	 0.0	 0.0	 0.0	 0.0	 0.0	 0.0	 
50010	50000	10	 sysNum: 	35007	 MissingNum: 	0	 46214.54583330573	 235797	 2	 Protocol_Missing: 0	 4089.5458333333313	 0.0	 0.0	 0.0	 0.0	 0.0	 0.0	 0.0	 
50010	50000	10	 sysNum: 	30006	 MissingNum: 	0	 46105.849999972364	 236164	 2	 Protocol_Missing: 0	 4105.849999999998	 0.0	 0.0	 0.0	 0.0	 0.0	 0.0	 0.0	 
50010	50000	10	 sysNum: 	25005	 MissingNum: 	0	 45969.21249997239	 235765	 2	 Protocol_Missing: 0	 4094.212499999998	 0.0	 0.0	 0.0	 0.0	 0.0	 0.0	 0.0	 
50010	50000	10	 sysNum: 	20004	 MissingNum: 	0	 45877.02499997232	 236506	 2	 Protocol_Missing: 0	 4127.025000000001	 0.0	 0.0	 0.0	 0.0	 0.0	 0.0	 0.0	 
50010	50000	10	 sysNum: 	15001	 MissingNum: 	0	 45712.595833305735	 235731	 2	 Protocol_Missing: 0	 4087.620833333331	 0.0	 0.0	 0.0	 0.0	 0.0	 0.0	 0.0	 
50010	50000	10	 sysNum: 	10000	 MissingNum: 	0	 29673.758333332968	 198518	 2	 Protocol_Missing: 0	 4112.908333333333	 0.0	 0.0	 0.0	 0.0	 0.0	 0.0	 0.0	 
50010	50000	10	 sysNum: 	4999	 MissingNum: 	0	 26351.741666667578	 191024	 2	 Protocol_Missing: 0	 4101.766666666665	 0.0	 0.0	 0.0	 0.0	 0.0	 0.0	 0.0	 
50010	50000	10	 sysNum: 	45009	 MissingNum: 	0	 46454.80416663909	 235655	 2	 Protocol_Missing: 0	 4079.804166666664	 0.0	 0.0	 0.0	 0.0	 0.0	 0.0	 0.0	 
50010	50000	10	 sysNum: 	40008	 MissingNum: 	0	 46324.79999997243	 235305	 2	 Protocol_Missing: 0	 4075.2249999999976	 0.0	 0.0	 0.0	 0.0	 0.0	 0.0	 0.0	 
50010	50000	10	 sysNum: 	35007	 MissingNum: 	0	 46199.612499972434	 235669	 2	 Protocol_Missing: 0	 4074.6124999999984	 0.0	 0.0	 0.0	 0.0	 0.0	 0.0	 0.0	 
50010	50000	10	 sysNum: 	30006	 MissingNum: 	0	 46084.424999972405	 235827	 2	 Protocol_Missing: 0	 4084.849999999998	 0.0	 0.0	 0.0	 0.0	 0.0	 0.0	 0.0	 
50010	50000	10	 sysNum: 	25005	 MissingNum: 	0	 45940.016666639116	 235340	 2	 Protocol_Missing: 0	 4065.0166666666646	 0.0	 0.0	 0.0	 0.0	 0.0	 0.0	 0.0	 
50010	50000	10	 sysNum: 	20004	 MissingNum: 	0	 45854.39999997237	 236539	 2	 Protocol_Missing: 0	 4105.674999999998	 0.0	 0.0	 0.0	 0.0	 0.0	 0.0	 0.0	 
50010	50000	10	 sysNum: 	15001	 MissingNum: 	0	 45715.11666663906	 235831	 2	 Protocol_Missing: 0	 4090.5666666666652	 0.0	 0.0	 0.0	 0.0	 0.0	 0.0	 0.0	 
50010	50000	10	 sysNum: 	10000	 MissingNum: 	0	 29635.920833333053	 198129	 2	 Protocol_Missing: 0	 4073.445833333331	 0.0	 0.0	 0.0	 0.0	 0.0	 0.0	 0.0	 
50010	50000	10	 sysNum: 	4999	 MissingNum: 	0	 26325.08333333424	 190302	 2	 Protocol_Missing: 0	 4075.108333333331	 0.0	 0.0	 0.0	 0.0	 0.0	 0.0	 0.0	 
50010	50000	10	 sysNum: 	45009	 MissingNum: 	0	 46491.641666639014	 236150	 2	 Protocol_Missing: 0	 4116.6416666666655	 0.0	 0.0	 0.0	 0.0	 0.0	 0.0	 0.0	 
50010	50000	10	 sysNum: 	40008	 MissingNum: 	0	 46351.12499997237	 236194	 2	 Protocol_Missing: 0	 4101.124999999997	 0.0	 0.0	 0.0	 0.0	 0.0	 0.0	 0.0	 
50010	50000	10	 sysNum: 	35007	 MissingNum: 	0	 46212.36666663907	 236147	 2	 Protocol_Missing: 0	 4088.6416666666655	 0.0	 0.0	 0.0	 0.0	 0.0	 0.0	 0.0	 
50010	50000	10	 sysNum: 	30006	 MissingNum: 	0	 46063.595833305786	 234948	 2	 Protocol_Missing: 0	 4064.87083333333	 0.0	 0.0	 0.0	 0.0	 0.0	 0.0	 0.0	 
50010	50000	10	 sysNum: 	25005	 MissingNum: 	0	 45963.9999999724	 236011	 2	 Protocol_Missing: 0	 4090.2749999999974	 0.0	 0.0	 0.0	 0.0	 0.0	 0.0	 0.0	 
50010	50000	10	 sysNum: 	20004	 MissingNum: 	0	 45835.783333305735	 235668	 2	 Protocol_Missing: 0	 4085.783333333331	 0.0	 0.0	 0.0	 0.0	 0.0	 0.0	 0.0	 
50010	50000	10	 sysNum: 	15001	 MissingNum: 	0	 45691.30416663912	 235385	 2	 Protocol_Missing: 0	 4066.3291666666646	 0.0	 0.0	 0.0	 0.0	 0.0	 0.0	 0.0	 
50010	50000	10	 sysNum: 	10000	 MissingNum: 	0	 29667.90416666631	 199137	 2	 Protocol_Missing: 0	 4108.679166666666	 0.0	 0.0	 0.0	 0.0	 0.0	 0.0	 0.0	 
50010	50000	10	 sysNum: 	4999	 MissingNum: 	0	 26328.816666667575	 190622	 2	 Protocol_Missing: 0	 4078.8416666666644	 0.0	 0.0	 0.0	 0.0	 0.0	 0.0	 0.0	 
50010	50000	10	 sysNum: 	45009	 MissingNum: 	0	 46517.599999972284	 236848	 2	 Protocol_Missing: 0	 4142.599999999999	 0.0	 0.0	 0.0	 0.0	 0.0	 0.0	 0.0	 
50010	50000	10	 sysNum: 	40008	 MissingNum: 	0	 46346.662499972386	 236425	 2	 Protocol_Missing: 0	 4096.6624999999985	 0.0	 0.0	 0.0	 0.0	 0.0	 0.0	 0.0	 
50010	50000	10	 sysNum: 	35007	 MissingNum: 	0	 46220.27499997238	 236199	 2	 Protocol_Missing: 0	 4095.6999999999966	 0.0	 0.0	 0.0	 0.0	 0.0	 0.0	 0.0	 
50010	50000	10	 sysNum: 	30006	 MissingNum: 	0	 46047.32499997249	 234555	 2	 Protocol_Missing: 0	 4047.7499999999977	 0.0	 0.0	 0.0	 0.0	 0.0	 0.0	 0.0	 
50010	50000	10	 sysNum: 	25005	 MissingNum: 	0	 45975.129166639046	 235995	 2	 Protocol_Missing: 0	 4100.979166666665	 0.0	 0.0	 0.0	 0.0	 0.0	 0.0	 0.0	 
50010	50000	10	 sysNum: 	20004	 MissingNum: 	0	 45833.11249997241	 235398	 2	 Protocol_Missing: 0	 4083.537499999999	 0.0	 0.0	 0.0	 0.0	 0.0	 0.0	 0.0	 
50010	50000	10	 sysNum: 	15001	 MissingNum: 	0	 45710.13333330574	 236112	 2	 Protocol_Missing: 0	 4087.7083333333317	 0.0	 0.0	 0.0	 0.0	 0.0	 0.0	 0.0	 
50010	50000	10	 sysNum: 	10000	 MissingNum: 	0	 29627.06249999973	 197877	 2	 Protocol_Missing: 0	 4066.2124999999974	 0.0	 0.0	 0.0	 0.0	 0.0	 0.0	 0.0	 
50010	50000	10	 sysNum: 	4999	 MissingNum: 	0	 26383.095833334242	 191907	 2	 Protocol_Missing: 0	 4133.120833333333	 0.0	 0.0	 0.0	 0.0	 0.0	 0.0	 0.0	 
50010	50000	10	 sysNum: 	45009	 MissingNum: 	0	 46470.466666639055	 236000	 2	 Protocol_Missing: 0	 4095.466666666664	 0.0	 0.0	 0.0	 0.0	 0.0	 0.0	 0.0	 
50010	50000	10	 sysNum: 	40008	 MissingNum: 	0	 46347.59583330571	 235881	 2	 Protocol_Missing: 0	 4097.595833333332	 0.0	 0.0	 0.0	 0.0	 0.0	 0.0	 0.0	 
50010	50000	10	 sysNum: 	35007	 MissingNum: 	0	 46236.42083330569	 236739	 2	 Protocol_Missing: 0	 4111.420833333331	 0.0	 0.0	 0.0	 0.0	 0.0	 0.0	 0.0	 
50010	50000	10	 sysNum: 	30006	 MissingNum: 	0	 46108.020833305694	 236636	 2	 Protocol_Missing: 0	 4108.445833333334	 0.0	 0.0	 0.0	 0.0	 0.0	 0.0	 0.0	 
50010	50000	10	 sysNum: 	25005	 MissingNum: 	0	 45940.39583330578	 235353	 2	 Protocol_Missing: 0	 4065.395833333331	 0.0	 0.0	 0.0	 0.0	 0.0	 0.0	 0.0	 
50010	50000	10	 sysNum: 	20004	 MissingNum: 	0	 45848.90416663904	 235569	 2	 Protocol_Missing: 0	 4099.754166666666	 0.0	 0.0	 0.0	 0.0	 0.0	 0.0	 0.0	 
50010	50000	10	 sysNum: 	15001	 MissingNum: 	0	 45697.63333330577	 235218	 2	 Protocol_Missing: 0	 4072.6583333333315	 0.0	 0.0	 0.0	 0.0	 0.0	 0.0	 0.0	 
50010	50000	10	 sysNum: 	10000	 MissingNum: 	0	 29630.51249999972	 198047	 2	 Protocol_Missing: 0	 4071.287499999997	 0.0	 0.0	 0.0	 0.0	 0.0	 0.0	 0.0	 
50010	50000	10	 sysNum: 	4999	 MissingNum: 	0	 26350.662500000908	 190795	 2	 Protocol_Missing: 0	 4100.687499999997	 0.0	 0.0	 0.0	 0.0	 0.0	 0.0	 0.0	 
50010	50000	10	 sysNum: 	45009	 MissingNum: 	0	 46473.995833305715	 236313	 2	 Protocol_Missing: 0	 4098.9958333333325	 0.0	 0.0	 0.0	 0.0	 0.0	 0.0	 0.0	 
50010	50000	10	 sysNum: 	40008	 MissingNum: 	0	 46357.54166663902	 236222	 2	 Protocol_Missing: 0	 4107.541666666665	 0.0	 0.0	 0.0	 0.0	 0.0	 0.0	 0.0	 
50010	50000	10	 sysNum: 	35007	 MissingNum: 	0	 46217.795833305725	 236306	 2	 Protocol_Missing: 0	 4093.2208333333306	 0.0	 0.0	 0.0	 0.0	 0.0	 0.0	 0.0	 
50010	50000	10	 sysNum: 	30006	 MissingNum: 	0	 46098.004166639046	 236279	 2	 Protocol_Missing: 0	 4098.004166666665	 0.0	 0.0	 0.0	 0.0	 0.0	 0.0	 0.0	 
50010	50000	10	 sysNum: 	25005	 MissingNum: 	0	 45967.54583330573	 235351	 2	 Protocol_Missing: 0	 4093.395833333331	 0.0	 0.0	 0.0	 0.0	 0.0	 0.0	 0.0	 
50010	50000	10	 sysNum: 	20004	 MissingNum: 	0	 45852.44999997237	 236061	 2	 Protocol_Missing: 0	 4102.874999999998	 0.0	 0.0	 0.0	 0.0	 0.0	 0.0	 0.0	 
50010	50000	10	 sysNum: 	15001	 MissingNum: 	0	 45714.212499972404	 235800	 2	 Protocol_Missing: 0	 4089.662499999998	 0.0	 0.0	 0.0	 0.0	 0.0	 0.0	 0.0	 
50010	50000	10	 sysNum: 	10000	 MissingNum: 	0	 29600.36666666646	 196718	 2	 Protocol_Missing: 0	 4037.891666666665	 0.0	 0.0	 0.0	 0.0	 0.0	 0.0	 0.0	 
50010	50000	10	 sysNum: 	4999	 MissingNum: 	0	 26325.841666667577	 191032	 2	 Protocol_Missing: 0	 4079.8916666666646	 0.0	 0.0	 0.0	 0.0	 0.0	 0.0	 0.0	 
50010	50000	10	 sysNum: 	45009	 MissingNum: 	0	 46450.049999972434	 235492	 2	 Protocol_Missing: 0	 4075.0499999999984	 0.0	 0.0	 0.0	 0.0	 0.0	 0.0	 0.0	 
50010	50000	10	 sysNum: 	40008	 MissingNum: 	0	 46330.19583330575	 235490	 2	 Protocol_Missing: 0	 4080.6208333333307	 0.0	 0.0	 0.0	 0.0	 0.0	 0.0	 0.0	 
50010	50000	10	 sysNum: 	35007	 MissingNum: 	0	 46247.154166639	 236723	 2	 Protocol_Missing: 0	 4122.154166666667	 0.0	 0.0	 0.0	 0.0	 0.0	 0.0	 0.0	 
50010	50000	10	 sysNum: 	30006	 MissingNum: 	0	 46108.63333330569	 236273	 2	 Protocol_Missing: 0	 4109.0583333333325	 0.0	 0.0	 0.0	 0.0	 0.0	 0.0	 0.0	 
50010	50000	10	 sysNum: 	25005	 MissingNum: 	0	 45969.449999972385	 235841	 2	 Protocol_Missing: 0	 4096.574999999998	 0.0	 0.0	 0.0	 0.0	 0.0	 0.0	 0.0	 
50010	50000	10	 sysNum: 	20004	 MissingNum: 	0	 45883.37916663897	 236751	 2	 Protocol_Missing: 0	 4134.229166666668	 0.0	 0.0	 0.0	 0.0	 0.0	 0.0	 0.0	 
50010	50000	10	 sysNum: 	15001	 MissingNum: 	0	 45713.64583330574	 236151	 2	 Protocol_Missing: 0	 4088.6708333333318	 0.0	 0.0	 0.0	 0.0	 0.0	 0.0	 0.0	 
50010	50000	10	 sysNum: 	10000	 MissingNum: 	0	 29629.56249999973	 197911	 2	 Protocol_Missing: 0	 4067.0874999999983	 0.0	 0.0	 0.0	 0.0	 0.0	 0.0	 0.0	 
50010	50000	10	 sysNum: 	4999	 MissingNum: 	0	 26337.537500000908	 191049	 2	 Protocol_Missing: 0	 4091.587499999998	 0.0	 0.0	 0.0	 0.0	 0.0	 0.0	 0.0	 
50010	50000	10	 sysNum: 	45009	 MissingNum: 	0	 46490.04999997235	 236493	 2	 Protocol_Missing: 0	 4115.475	 0.0	 0.0	 0.0	 0.0	 0.0	 0.0	 0.0	 
50010	50000	10	 sysNum: 	40008	 MissingNum: 	0	 46343.92083330572	 236331	 2	 Protocol_Missing: 0	 4093.9208333333318	 0.0	 0.0	 0.0	 0.0	 0.0	 0.0	 0.0	 
50010	50000	10	 sysNum: 	35007	 MissingNum: 	0	 46206.87499997242	 235726	 2	 Protocol_Missing: 0	 4081.8749999999973	 0.0	 0.0	 0.0	 0.0	 0.0	 0.0	 0.0	 
50010	50000	10	 sysNum: 	30006	 MissingNum: 	0	 46095.27499997239	 236199	 2	 Protocol_Missing: 0	 4095.699999999999	 0.0	 0.0	 0.0	 0.0	 0.0	 0.0	 0.0	 
50010	50000	10	 sysNum: 	25005	 MissingNum: 	0	 45975.320833305705	 236180	 2	 Protocol_Missing: 0	 4100.745833333332	 0.0	 0.0	 0.0	 0.0	 0.0	 0.0	 0.0	 
50010	50000	10	 sysNum: 	20004	 MissingNum: 	0	 45828.70416663909	 235850	 2	 Protocol_Missing: 0	 4079.9791666666647	 0.0	 0.0	 0.0	 0.0	 0.0	 0.0	 0.0	 
50010	50000	10	 sysNum: 	15001	 MissingNum: 	0	 45726.24166663903	 235937	 2	 Protocol_Missing: 0	 4105.091666666665	 0.0	 0.0	 0.0	 0.0	 0.0	 0.0	 0.0	 
50010	50000	10	 sysNum: 	10000	 MissingNum: 	0	 29652.19583333302	 198687	 2	 Protocol_Missing: 0	 4089.72083333333	 0.0	 0.0	 0.0	 0.0	 0.0	 0.0	 0.0	 
50010	50000	10	 sysNum: 	4999	 MissingNum: 	0	 26345.266666667576	 190738	 2	 Protocol_Missing: 0	 4099.316666666665	 0.0	 0.0	 0.0	 0.0	 0.0	 0.0	 0.0	 
50010	50000	10	 sysNum: 	45009	 MissingNum: 	0	 46456.67083330575	 235911	 2	 Protocol_Missing: 0	 4081.6708333333313	 0.0	 0.0	 0.0	 0.0	 0.0	 0.0	 0.0	 
50010	50000	10	 sysNum: 	40008	 MissingNum: 	0	 46365.62083330568	 236499	 2	 Protocol_Missing: 0	 4115.620833333333	 0.0	 0.0	 0.0	 0.0	 0.0	 0.0	 0.0	 
50010	50000	10	 sysNum: 	35007	 MissingNum: 	0	 46192.77083330578	 235640	 2	 Protocol_Missing: 0	 4068.195833333332	 0.0	 0.0	 0.0	 0.0	 0.0	 0.0	 0.0	 
50010	50000	10	 sysNum: 	30006	 MissingNum: 	0	 46083.333333305745	 235776	 2	 Protocol_Missing: 0	 4083.3333333333317	 0.0	 0.0	 0.0	 0.0	 0.0	 0.0	 0.0	 
50010	50000	10	 sysNum: 	25005	 MissingNum: 	0	 45949.3041666391	 235672	 2	 Protocol_Missing: 0	 4074.7291666666647	 0.0	 0.0	 0.0	 0.0	 0.0	 0.0	 0.0	 
50010	50000	10	 sysNum: 	20004	 MissingNum: 	0	 45833.77083330574	 235791	 2	 Protocol_Missing: 0	 4083.7708333333308	 0.0	 0.0	 0.0	 0.0	 0.0	 0.0	 0.0	 
50010	50000	10	 sysNum: 	15001	 MissingNum: 	0	 45710.69999997241	 236050	 2	 Protocol_Missing: 0	 4085.724999999998	 0.0	 0.0	 0.0	 0.0	 0.0	 0.0	 0.0	 
50010	50000	10	 sysNum: 	10000	 MissingNum: 	0	 29619.33333333308	 197612	 2	 Protocol_Missing: 0	 4058.4833333333318	 0.0	 0.0	 0.0	 0.0	 0.0	 0.0	 0.0	 
50010	50000	10	 sysNum: 	4999	 MissingNum: 	0	 26303.23750000091	 190129	 2	 Protocol_Missing: 0	 4065.3374999999987	 0.0	 0.0	 0.0	 0.0	 0.0	 0.0	 0.0	 
50010	50000	10	 sysNum: 	45009	 MissingNum: 	0	 46476.533333305706	 236208	 2	 Protocol_Missing: 0	 4101.533333333331	 0.0	 0.0	 0.0	 0.0	 0.0	 0.0	 0.0	 
50010	50000	10	 sysNum: 	40008	 MissingNum: 	0	 46343.68749997239	 236131	 2	 Protocol_Missing: 0	 4093.687499999997	 0.0	 0.0	 0.0	 0.0	 0.0	 0.0	 0.0	 
50010	50000	10	 sysNum: 	35007	 MissingNum: 	0	 46218.51249997239	 235741	 2	 Protocol_Missing: 0	 4093.512499999997	 0.0	 0.0	 0.0	 0.0	 0.0	 0.0	 0.0	 
50010	50000	10	 sysNum: 	30006	 MissingNum: 	0	 46093.51249997239	 236125	 2	 Protocol_Missing: 0	 4093.512499999998	 0.0	 0.0	 0.0	 0.0	 0.0	 0.0	 0.0	 
50010	50000	10	 sysNum: 	25005	 MissingNum: 	0	 45973.558333305715	 236106	 2	 Protocol_Missing: 0	 4098.558333333332	 0.0	 0.0	 0.0	 0.0	 0.0	 0.0	 0.0	 
50010	50000	10	 sysNum: 	20004	 MissingNum: 	0	 45852.0583333057	 235842	 2	 Protocol_Missing: 0	 4102.058333333332	 0.0	 0.0	 0.0	 0.0	 0.0	 0.0	 0.0	 
50010	50000	10	 sysNum: 	15001	 MissingNum: 	0	 45716.41666663907	 235478	 2	 Protocol_Missing: 0	 4091.441666666665	 0.0	 0.0	 0.0	 0.0	 0.0	 0.0	 0.0	 
50010	50000	10	 sysNum: 	10000	 MissingNum: 	0	 29659.458333333	 198552	 2	 Protocol_Missing: 0	 4096.983333333332	 0.0	 0.0	 0.0	 0.0	 0.0	 0.0	 0.0	 
50010	50000	10	 sysNum: 	4999	 MissingNum: 	0	 26360.25833333424	 191508	 2	 Protocol_Missing: 0	 4110.283333333332	 0.0	 0.0	 0.0	 0.0	 0.0	 0.0	 0.0	 
50010	50000	10	 sysNum: 	45009	 MissingNum: 	0	 46493.887499972334	 236035	 2	 Protocol_Missing: 0	 4118.887499999998	 0.0	 0.0	 0.0	 0.0	 0.0	 0.0	 0.0	 
50010	50000	10	 sysNum: 	40008	 MissingNum: 	0	 46335.50416663907	 235864	 2	 Protocol_Missing: 0	 4085.929166666664	 0.0	 0.0	 0.0	 0.0	 0.0	 0.0	 0.0	 
50010	50000	10	 sysNum: 	35007	 MissingNum: 	0	 46236.012499972356	 236533	 2	 Protocol_Missing: 0	 4111.012499999998	 0.0	 0.0	 0.0	 0.0	 0.0	 0.0	 0.0	 
50010	50000	10	 sysNum: 	30006	 MissingNum: 	0	 46108.97083330569	 236271	 2	 Protocol_Missing: 0	 4108.970833333332	 0.0	 0.0	 0.0	 0.0	 0.0	 0.0	 0.0	 
50010	50000	10	 sysNum: 	25005	 MissingNum: 	0	 45967.53333330572	 236200	 2	 Protocol_Missing: 0	 4095.9333333333307	 0.0	 0.0	 0.0	 0.0	 0.0	 0.0	 0.0	 
50010	50000	10	 sysNum: 	20004	 MissingNum: 	0	 45841.26666663906	 236048	 2	 Protocol_Missing: 0	 4091.266666666664	 0.0	 0.0	 0.0	 0.0	 0.0	 0.0	 0.0	 
50010	50000	10	 sysNum: 	15001	 MissingNum: 	0	 45724.61249997238	 236143	 2	 Protocol_Missing: 0	 4099.637499999997	 0.0	 0.0	 0.0	 0.0	 0.0	 0.0	 0.0	 
50010	50000	10	 sysNum: 	10000	 MissingNum: 	0	 29671.649999999645	 198586	 2	 Protocol_Missing: 0	 4109.174999999998	 0.0	 0.0	 0.0	 0.0	 0.0	 0.0	 0.0	 
50010	50000	10	 sysNum: 	4999	 MissingNum: 	0	 26357.662500000908	 190843	 2	 Protocol_Missing: 0	 4107.687499999999	 0.0	 0.0	 0.0	 0.0	 0.0	 0.0	 0.0	 
50010	50000	10	 sysNum: 	45009	 MissingNum: 	0	 46489.891666639014	 236858	 2	 Protocol_Missing: 0	 4114.8916666666655	 0.0	 0.0	 0.0	 0.0	 0.0	 0.0	 0.0	 
50010	50000	10	 sysNum: 	40008	 MissingNum: 	0	 46333.27499997241	 235582	 2	 Protocol_Missing: 0	 4083.2749999999974	 0.0	 0.0	 0.0	 0.0	 0.0	 0.0	 0.0	 
50010	50000	10	 sysNum: 	35007	 MissingNum: 	0	 46234.987499972354	 236717	 2	 Protocol_Missing: 0	 4110.8375	 0.0	 0.0	 0.0	 0.0	 0.0	 0.0	 0.0	 
50010	50000	10	 sysNum: 	30006	 MissingNum: 	0	 46085.72499997241	 235474	 2	 Protocol_Missing: 0	 4085.7249999999976	 0.0	 0.0	 0.0	 0.0	 0.0	 0.0	 0.0	 
50010	50000	10	 sysNum: 	25005	 MissingNum: 	0	 45996.512499972334	 236509	 2	 Protocol_Missing: 0	 4121.5125	 0.0	 0.0	 0.0	 0.0	 0.0	 0.0	 0.0	 
50010	50000	10	 sysNum: 	20004	 MissingNum: 	0	 45847.566666639046	 236072	 2	 Protocol_Missing: 0	 4097.566666666665	 0.0	 0.0	 0.0	 0.0	 0.0	 0.0	 0.0	 
50010	50000	10	 sysNum: 	15001	 MissingNum: 	0	 45738.26249997235	 236227	 2	 Protocol_Missing: 0	 4113.2874999999985	 0.0	 0.0	 0.0	 0.0	 0.0	 0.0	 0.0	 
50010	50000	10	 sysNum: 	10000	 MissingNum: 	0	 29652.487499999683	 197929	 2	 Protocol_Missing: 0	 4090.0124999999985	 0.0	 0.0	 0.0	 0.0	 0.0	 0.0	 0.0	 
50010	50000	10	 sysNum: 	4999	 MissingNum: 	0	 26356.466666667577	 191378	 2	 Protocol_Missing: 0	 4106.491666666666	 0.0	 0.0	 0.0	 0.0	 0.0	 0.0	 0.0	 
50010	50000	10	 sysNum: 	45009	 MissingNum: 	0	 46482.045833305696	 236397	 2	 Protocol_Missing: 0	 4107.045833333331	 0.0	 0.0	 0.0	 0.0	 0.0	 0.0	 0.0	 
50010	50000	10	 sysNum: 	40008	 MissingNum: 	0	 46384.2999999723	 236769	 2	 Protocol_Missing: 0	 4134.724999999999	 0.0	 0.0	 0.0	 0.0	 0.0	 0.0	 0.0	 
50010	50000	10	 sysNum: 	35007	 MissingNum: 	0	 46229.829166639036	 236129	 2	 Protocol_Missing: 0	 4104.829166666665	 0.0	 0.0	 0.0	 0.0	 0.0	 0.0	 0.0	 
50010	50000	10	 sysNum: 	30006	 MissingNum: 	0	 46099.15416663905	 236140	 2	 Protocol_Missing: 0	 4099.5791666666655	 0.0	 0.0	 0.0	 0.0	 0.0	 0.0	 0.0	 
50010	50000	10	 sysNum: 	25005	 MissingNum: 	0	 45954.96249997242	 235482	 2	 Protocol_Missing: 0	 4080.3874999999985	 0.0	 0.0	 0.0	 0.0	 0.0	 0.0	 0.0	 
50010	50000	10	 sysNum: 	20004	 MissingNum: 	0	 45837.5249999724	 235974	 2	 Protocol_Missing: 0	 4089.224999999999	 0.0	 0.0	 0.0	 0.0	 0.0	 0.0	 0.0	 
50010	50000	10	 sysNum: 	15001	 MissingNum: 	0	 45695.512499972436	 234994	 2	 Protocol_Missing: 0	 4071.8124999999977	 0.0	 0.0	 0.0	 0.0	 0.0	 0.0	 0.0	 
50010	50000	10	 sysNum: 	10000	 MissingNum: 	0	 29662.420833332988	 198565	 2	 Protocol_Missing: 0	 4103.195833333331	 0.0	 0.0	 0.0	 0.0	 0.0	 0.0	 0.0	 
50010	50000	10	 sysNum: 	4999	 MissingNum: 	0	 26328.116666667578	 190470	 2	 Protocol_Missing: 0	 4086.191666666666	 0.0	 0.0	 0.0	 0.0	 0.0	 0.0	 0.0	 
50010	50000	10	 sysNum: 	45009	 MissingNum: 	0	 46476.47499997237	 236014	 2	 Protocol_Missing: 0	 4101.4749999999985	 0.0	 0.0	 0.0	 0.0	 0.0	 0.0	 0.0	 
50010	50000	10	 sysNum: 	40008	 MissingNum: 	0	 46337.67916663907	 235157	 2	 Protocol_Missing: 0	 4087.679166666666	 0.0	 0.0	 0.0	 0.0	 0.0	 0.0	 0.0	 
50010	50000	10	 sysNum: 	35007	 MissingNum: 	0	 46212.1249999724	 235522	 2	 Protocol_Missing: 0	 4087.1249999999973	 0.0	 0.0	 0.0	 0.0	 0.0	 0.0	 0.0	 
50010	50000	10	 sysNum: 	30006	 MissingNum: 	0	 46081.72916663908	 236105	 2	 Protocol_Missing: 0	 4081.7291666666647	 0.0	 0.0	 0.0	 0.0	 0.0	 0.0	 0.0	 
50010	50000	10	 sysNum: 	25005	 MissingNum: 	0	 45985.72916663902	 236756	 2	 Protocol_Missing: 0	 4112.004166666665	 0.0	 0.0	 0.0	 0.0	 0.0	 0.0	 0.0	 
50010	50000	10	 sysNum: 	20004	 MissingNum: 	0	 45851.195833305705	 236018	 2	 Protocol_Missing: 0	 4101.620833333332	 0.0	 0.0	 0.0	 0.0	 0.0	 0.0	 0.0	 
50010	50000	10	 sysNum: 	15001	 MissingNum: 	0	 45727.033333305706	 236418	 2	 Protocol_Missing: 0	 4102.058333333332	 0.0	 0.0	 0.0	 0.0	 0.0	 0.0	 0.0	 
50010	50000	10	 sysNum: 	10000	 MissingNum: 	0	 29641.783333333038	 197562	 2	 Protocol_Missing: 0	 4079.3083333333307	 0.0	 0.0	 0.0	 0.0	 0.0	 0.0	 0.0	 
50010	50000	10	 sysNum: 	4999	 MissingNum: 	0	 26355.533333334242	 190770	 2	 Protocol_Missing: 0	 4105.558333333331	 0.0	 0.0	 0.0	 0.0	 0.0	 0.0	 0.0	 
50010	50000	10	 sysNum: 	45009	 MissingNum: 	0	 46450.10833330576	 235494	 2	 Protocol_Missing: 0	 4075.1083333333304	 0.0	 0.0	 0.0	 0.0	 0.0	 0.0	 0.0	 
50010	50000	10	 sysNum: 	40008	 MissingNum: 	0	 46335.60833330574	 235662	 2	 Protocol_Missing: 0	 4085.608333333331	 0.0	 0.0	 0.0	 0.0	 0.0	 0.0	 0.0	 
50010	50000	10	 sysNum: 	35007	 MissingNum: 	0	 46203.170833305754	 235599	 2	 Protocol_Missing: 0	 4078.1708333333313	 0.0	 0.0	 0.0	 0.0	 0.0	 0.0	 0.0	 
50010	50000	10	 sysNum: 	30006	 MissingNum: 	0	 46125.63749997232	 236472	 2	 Protocol_Missing: 0	 4126.0625	 0.0	 0.0	 0.0	 0.0	 0.0	 0.0	 0.0	 
50010	50000	10	 sysNum: 	25005	 MissingNum: 	0	 45988.92916663902	 236057	 2	 Protocol_Missing: 0	 4113.929166666667	 0.0	 0.0	 0.0	 0.0	 0.0	 0.0	 0.0	 
50010	50000	10	 sysNum: 	20004	 MissingNum: 	0	 45837.00833330574	 235710	 2	 Protocol_Missing: 0	 4087.0083333333305	 0.0	 0.0	 0.0	 0.0	 0.0	 0.0	 0.0	 
50010	50000	10	 sysNum: 	15001	 MissingNum: 	0	 45727.891666639036	 236461	 2	 Protocol_Missing: 0	 4103.341666666665	 0.0	 0.0	 0.0	 0.0	 0.0	 0.0	 0.0	 
50010	50000	10	 sysNum: 	10000	 MissingNum: 	0	 29686.795833332944	 199541	 2	 Protocol_Missing: 0	 4125.945833333334	 0.0	 0.0	 0.0	 0.0	 0.0	 0.0	 0.0	 
50010	50000	10	 sysNum: 	4999	 MissingNum: 	0	 26350.54583333424	 191175	 2	 Protocol_Missing: 0	 4100.5708333333305	 0.0	 0.0	 0.0	 0.0	 0.0	 0.0	 0.0	 
50010	50000	10	 sysNum: 	45009	 MissingNum: 	0	 46481.40416663903	 235991	 2	 Protocol_Missing: 0	 4106.404166666665	 0.0	 0.0	 0.0	 0.0	 0.0	 0.0	 0.0	 
50010	50000	10	 sysNum: 	40008	 MissingNum: 	0	 46345.67083330572	 235623	 2	 Protocol_Missing: 0	 4095.6708333333304	 0.0	 0.0	 0.0	 0.0	 0.0	 0.0	 0.0	 
50010	50000	10	 sysNum: 	35007	 MissingNum: 	0	 46193.895833305774	 235473	 2	 Protocol_Missing: 0	 4068.895833333331	 0.0	 0.0	 0.0	 0.0	 0.0	 0.0	 0.0	 
50010	50000	10	 sysNum: 	30006	 MissingNum: 	0	 46103.37083330571	 235887	 2	 Protocol_Missing: 0	 4103.3708333333325	 0.0	 0.0	 0.0	 0.0	 0.0	 0.0	 0.0	 
50010	50000	10	 sysNum: 	25005	 MissingNum: 	0	 45958.89999997241	 235809	 2	 Protocol_Missing: 0	 4084.3249999999985	 0.0	 0.0	 0.0	 0.0	 0.0	 0.0	 0.0	 
50010	50000	10	 sysNum: 	20004	 MissingNum: 	0	 45878.97916663898	 237149	 2	 Protocol_Missing: 0	 4128.979166666667	 0.0	 0.0	 0.0	 0.0	 0.0	 0.0	 0.0	 
50010	50000	10	 sysNum: 	15001	 MissingNum: 	0	 45718.483333305725	 236152	 2	 Protocol_Missing: 0	 4094.3583333333313	 0.0	 0.0	 0.0	 0.0	 0.0	 0.0	 0.0	 
50010	50000	10	 sysNum: 	10000	 MissingNum: 	0	 29671.94166666631	 199172	 2	 Protocol_Missing: 0	 4109.466666666665	 0.0	 0.0	 0.0	 0.0	 0.0	 0.0	 0.0	 
50010	50000	10	 sysNum: 	4999	 MissingNum: 	0	 26324.266666667576	 190658	 2	 Protocol_Missing: 0	 4074.2916666666656	 0.0	 0.0	 0.0	 0.0	 0.0	 0.0	 0.0	 
50010	50000	10	 sysNum: 	45009	 MissingNum: 	0	 46478.60416663904	 235895	 2	 Protocol_Missing: 0	 4103.604166666665	 0.0	 0.0	 0.0	 0.0	 0.0	 0.0	 0.0	 
50010	50000	10	 sysNum: 	40008	 MissingNum: 	0	 46325.92499997243	 235330	 2	 Protocol_Missing: 0	 4075.924999999998	 0.0	 0.0	 0.0	 0.0	 0.0	 0.0	 0.0	 
50010	50000	10	 sysNum: 	35007	 MissingNum: 	0	 46215.8874999724	 236035	 2	 Protocol_Missing: 0	 4090.8874999999985	 0.0	 0.0	 0.0	 0.0	 0.0	 0.0	 0.0	 
50010	50000	10	 sysNum: 	30006	 MissingNum: 	0	 46078.92916663909	 235625	 2	 Protocol_Missing: 0	 4078.929166666665	 0.0	 0.0	 0.0	 0.0	 0.0	 0.0	 0.0	 
50010	50000	10	 sysNum: 	25005	 MissingNum: 	0	 45940.320833305785	 235364	 2	 Protocol_Missing: 0	 4065.745833333331	 0.0	 0.0	 0.0	 0.0	 0.0	 0.0	 0.0	 
50010	50000	10	 sysNum: 	20004	 MissingNum: 	0	 45838.05833330574	 235938	 2	 Protocol_Missing: 0	 4088.0583333333316	 0.0	 0.0	 0.0	 0.0	 0.0	 0.0	 0.0	 
50010	50000	10	 sysNum: 	15001	 MissingNum: 	0	 45710.962499972404	 235675	 2	 Protocol_Missing: 0	 4085.987499999997	 0.0	 0.0	 0.0	 0.0	 0.0	 0.0	 0.0	 
50010	50000	10	 sysNum: 	10000	 MissingNum: 	0	 29648.345833333027	 198171	 2	 Protocol_Missing: 0	 4085.8708333333307	 0.0	 0.0	 0.0	 0.0	 0.0	 0.0	 0.0	 
50010	50000	10	 sysNum: 	4999	 MissingNum: 	0	 26343.92500000091	 190756	 2	 Protocol_Missing: 0	 4093.9499999999985	 0.0	 0.0	 0.0	 0.0	 0.0	 0.0	 0.0	 
50010	50000	10	 sysNum: 	45009	 MissingNum: 	0	 46476.37083330571	 236216	 2	 Protocol_Missing: 0	 4101.795833333331	 0.0	 0.0	 0.0	 0.0	 0.0	 0.0	 0.0	 
50010	50000	10	 sysNum: 	40008	 MissingNum: 	0	 46315.97916663911	 235373	 2	 Protocol_Missing: 0	 4065.9791666666642	 0.0	 0.0	 0.0	 0.0	 0.0	 0.0	 0.0	 
50010	50000	10	 sysNum: 	35007	 MissingNum: 	0	 46205.03749997242	 236047	 2	 Protocol_Missing: 0	 4080.037499999997	 0.0	 0.0	 0.0	 0.0	 0.0	 0.0	 0.0	 
50010	50000	10	 sysNum: 	30006	 MissingNum: 	0	 46102.304166639035	 236248	 2	 Protocol_Missing: 0	 4102.729166666666	 0.0	 0.0	 0.0	 0.0	 0.0	 0.0	 0.0	 
50010	50000	10	 sysNum: 	25005	 MissingNum: 	0	 45950.89583330576	 235521	 2	 Protocol_Missing: 0	 4075.8958333333317	 0.0	 0.0	 0.0	 0.0	 0.0	 0.0	 0.0	 
50010	50000	10	 sysNum: 	20004	 MissingNum: 	0	 45845.17499997238	 236182	 2	 Protocol_Missing: 0	 4095.1749999999975	 0.0	 0.0	 0.0	 0.0	 0.0	 0.0	 0.0	 
50010	50000	10	 sysNum: 	15001	 MissingNum: 	0	 45733.85833330569	 236268	 2	 Protocol_Missing: 0	 4108.883333333332	 0.0	 0.0	 0.0	 0.0	 0.0	 0.0	 0.0	 
50010	50000	10	 sysNum: 	10000	 MissingNum: 	0	 29648.091666666354	 198214	 2	 Protocol_Missing: 0	 4087.2416666666645	 0.0	 0.0	 0.0	 0.0	 0.0	 0.0	 0.0	 
50010	50000	10	 sysNum: 	4999	 MissingNum: 	0	 26333.658333334242	 190980	 2	 Protocol_Missing: 0	 4083.683333333332	 0.0	 0.0	 0.0	 0.0	 0.0	 0.0	 0.0	 
50010	50000	10	 sysNum: 	45009	 MissingNum: 	0	 46467.49166663906	 235706	 2	 Protocol_Missing: 0	 4092.491666666666	 0.0	 0.0	 0.0	 0.0	 0.0	 0.0	 0.0	 
50010	50000	10	 sysNum: 	40008	 MissingNum: 	0	 46351.3833333057	 236422	 2	 Protocol_Missing: 0	 4102.233333333331	 0.0	 0.0	 0.0	 0.0	 0.0	 0.0	 0.0	 
50010	50000	10	 sysNum: 	35007	 MissingNum: 	0	 46198.3291666391	 235241	 2	 Protocol_Missing: 0	 4073.3291666666632	 0.0	 0.0	 0.0	 0.0	 0.0	 0.0	 0.0	 
50010	50000	10	 sysNum: 	30006	 MissingNum: 	0	 46059.620833305795	 234771	 2	 Protocol_Missing: 0	 4059.6208333333316	 0.0	 0.0	 0.0	 0.0	 0.0	 0.0	 0.0	 
50010	50000	10	 sysNum: 	25005	 MissingNum: 	0	 45955.82499997242	 235690	 2	 Protocol_Missing: 0	 4080.8249999999975	 0.0	 0.0	 0.0	 0.0	 0.0	 0.0	 0.0	 
50010	50000	10	 sysNum: 	20004	 MissingNum: 	0	 45823.12499997244	 235234	 2	 Protocol_Missing: 0	 4073.124999999998	 0.0	 0.0	 0.0	 0.0	 0.0	 0.0	 0.0	 
50010	50000	10	 sysNum: 	15001	 MissingNum: 	0	 45710.274999972404	 236049	 2	 Protocol_Missing: 0	 4085.7249999999976	 0.0	 0.0	 0.0	 0.0	 0.0	 0.0	 0.0	 
50010	50000	10	 sysNum: 	10000	 MissingNum: 	0	 29630.524999999732	 198136	 2	 Protocol_Missing: 0	 4068.049999999998	 0.0	 0.0	 0.0	 0.0	 0.0	 0.0	 0.0	 
50010	50000	10	 sysNum: 	4999	 MissingNum: 	0	 26336.837500000907	 191089	 2	 Protocol_Missing: 0	 4086.862499999997	 0.0	 0.0	 0.0	 0.0	 0.0	 0.0	 0.0	 
50010	50000	10	 sysNum: 	45009	 MissingNum: 	0	 46458.85833330575	 235794	 2	 Protocol_Missing: 0	 4083.8583333333318	 0.0	 0.0	 0.0	 0.0	 0.0	 0.0	 0.0	 
50010	50000	10	 sysNum: 	40008	 MissingNum: 	0	 46327.29583330576	 235569	 2	 Protocol_Missing: 0	 4077.2958333333318	 0.0	 0.0	 0.0	 0.0	 0.0	 0.0	 0.0	 
50010	50000	10	 sysNum: 	35007	 MissingNum: 	0	 46233.645833305694	 235903	 2	 Protocol_Missing: 0	 4109.495833333333	 0.0	 0.0	 0.0	 0.0	 0.0	 0.0	 0.0	 
50010	50000	10	 sysNum: 	30006	 MissingNum: 	0	 46103.079166639036	 235877	 2	 Protocol_Missing: 0	 4103.079166666665	 0.0	 0.0	 0.0	 0.0	 0.0	 0.0	 0.0	 
50010	50000	10	 sysNum: 	25005	 MissingNum: 	0	 45956.42499997241	 235792	 2	 Protocol_Missing: 0	 4083.9749999999985	 0.0	 0.0	 0.0	 0.0	 0.0	 0.0	 0.0	 
50010	50000	10	 sysNum: 	20004	 MissingNum: 	0	 45865.883333305675	 236892	 2	 Protocol_Missing: 0	 4115.883333333333	 0.0	 0.0	 0.0	 0.0	 0.0	 0.0	 0.0	 
50010	50000	10	 sysNum: 	15001	 MissingNum: 	0	 45759.04166663897	 236953	 2	 Protocol_Missing: 0	 4134.491666666667	 0.0	 0.0	 0.0	 0.0	 0.0	 0.0	 0.0	 
50010	50000	10	 sysNum: 	10000	 MissingNum: 	0	 29663.966666666318	 199002	 2	 Protocol_Missing: 0	 4104.741666666665	 0.0	 0.0	 0.0	 0.0	 0.0	 0.0	 0.0	 
50010	50000	10	 sysNum: 	4999	 MissingNum: 	0	 26370.583333334245	 191094	 2	 Protocol_Missing: 0	 4120.608333333333	 0.0	 0.0	 0.0	 0.0	 0.0	 0.0	 0.0	 
50010	50000	10	 sysNum: 	45009	 MissingNum: 	0	 46449.34999997243	 235852	 2	 Protocol_Missing: 0	 4074.3499999999976	 0.0	 0.0	 0.0	 0.0	 0.0	 0.0	 0.0	 
50010	50000	10	 sysNum: 	40008	 MissingNum: 	0	 46331.52499997242	 235522	 2	 Protocol_Missing: 0	 4081.524999999998	 0.0	 0.0	 0.0	 0.0	 0.0	 0.0	 0.0	 
50010	50000	10	 sysNum: 	35007	 MissingNum: 	0	 46222.49166663905	 236467	 2	 Protocol_Missing: 0	 4097.916666666664	 0.0	 0.0	 0.0	 0.0	 0.0	 0.0	 0.0	 
50010	50000	10	 sysNum: 	30006	 MissingNum: 	0	 46098.004166639046	 236087	 2	 Protocol_Missing: 0	 4098.004166666666	 0.0	 0.0	 0.0	 0.0	 0.0	 0.0	 0.0	 
50010	50000	10	 sysNum: 	25005	 MissingNum: 	0	 45972.57916663905	 236086	 2	 Protocol_Missing: 0	 4098.004166666666	 0.0	 0.0	 0.0	 0.0	 0.0	 0.0	 0.0	 
50010	50000	10	 sysNum: 	20004	 MissingNum: 	0	 45845.25833330571	 236020	 2	 Protocol_Missing: 0	 4096.108333333331	 0.0	 0.0	 0.0	 0.0	 0.0	 0.0	 0.0	 
50010	50000	10	 sysNum: 	15001	 MissingNum: 	0	 45720.45416663905	 235822	 2	 Protocol_Missing: 0	 4095.904166666664	 0.0	 0.0	 0.0	 0.0	 0.0	 0.0	 0.0	 
50010	50000	10	 sysNum: 	10000	 MissingNum: 	0	 29661.00416666633	 198413	 2	 Protocol_Missing: 0	 4098.529166666664	 0.0	 0.0	 0.0	 0.0	 0.0	 0.0	 0.0	 
50010	50000	10	 sysNum: 	4999	 MissingNum: 	0	 26324.704166667576	 190481	 2	 Protocol_Missing: 0	 4074.7291666666656	 0.0	 0.0	 0.0	 0.0	 0.0	 0.0	 0.0	 
50010	50000	10	 sysNum: 	45009	 MissingNum: 	0	 46479.158333305706	 236490	 2	 Protocol_Missing: 0	 4104.15833333333	 0.0	 0.0	 0.0	 0.0	 0.0	 0.0	 0.0	 
50010	50000	10	 sysNum: 	40008	 MissingNum: 	0	 46377.983333305645	 236566	 2	 Protocol_Missing: 0	 4128.833333333332	 0.0	 0.0	 0.0	 0.0	 0.0	 0.0	 0.0	 
50010	50000	10	 sysNum: 	35007	 MissingNum: 	0	 46238.69583330568	 236625	 2	 Protocol_Missing: 0	 4113.695833333333	 0.0	 0.0	 0.0	 0.0	 0.0	 0.0	 0.0	 
50010	50000	10	 sysNum: 	30006	 MissingNum: 	0	 46078.608333305754	 235806	 2	 Protocol_Missing: 0	 4078.6083333333313	 0.0	 0.0	 0.0	 0.0	 0.0	 0.0	 0.0	 
50010	50000	10	 sysNum: 	25005	 MissingNum: 	0	 45966.49583330573	 235315	 2	 Protocol_Missing: 0	 4092.3458333333315	 0.0	 0.0	 0.0	 0.0	 0.0	 0.0	 0.0	 
50010	50000	10	 sysNum: 	20004	 MissingNum: 	0	 45831.85833330574	 235547	 2	 Protocol_Missing: 0	 4082.283333333331	 0.0	 0.0	 0.0	 0.0	 0.0	 0.0	 0.0	 
50010	50000	10	 sysNum: 	15001	 MissingNum: 	0	 45714.9874999724	 236197	 2	 Protocol_Missing: 0	 4090.012499999997	 0.0	 0.0	 0.0	 0.0	 0.0	 0.0	 0.0	 
50010	50000	10	 sysNum: 	10000	 MissingNum: 	0	 29657.833333333	 197780	 2	 Protocol_Missing: 0	 4096.983333333331	 0.0	 0.0	 0.0	 0.0	 0.0	 0.0	 0.0	 
50010	50000	10	 sysNum: 	4999	 MissingNum: 	0	 26340.68750000091	 190837	 2	 Protocol_Missing: 0	 4090.7124999999974	 0.0	 0.0	 0.0	 0.0	 0.0	 0.0	 0.0	 
