50010	50000	10	 sysNum: 	45009	 MissingNum: 	0	 51512.679166655216	 318329	 2	 Protocol_Missing: 5001	 0.0	 0.0	 0.0	 0.0	 0.0	 0.0	 0.0	 0.0	 
50010	50000	10	 sysNum: 	40008	 MissingNum: 	0	 50296.19583331844	 310796	 2	 Protocol_Missing: 10002	 0.0	 0.0	 0.0	 0.0	 0.0	 0.0	 0.0	 0.0	 
50010	50000	10	 sysNum: 	35007	 MissingNum: 	0	 48554.0416666469	 300195	 2	 Protocol_Missing: 15003	 0.0	 0.0	 0.0	 0.0	 0.0	 0.0	 0.0	 0.0	 
50010	50000	10	 sysNum: 	30006	 MissingNum: 	0	 46008.89999997295	 284384	 2	 Protocol_Missing: 20004	 0.0	 0.0	 0.0	 0.0	 0.0	 0.0	 0.0	 0.0	 
50010	50000	10	 sysNum: 	25005	 MissingNum: 	0	 42874.00833329718	 264899	 2	 Protocol_Missing: 25005	 0.0	 0.0	 0.0	 0.0	 0.0	 0.0	 0.0	 0.0	 
50010	50000	10	 sysNum: 	20004	 MissingNum: 	0	 39324.83333328915	 243054	 2	 Protocol_Missing: 30006	 0.0	 0.0	 0.0	 0.0	 0.0	 0.0	 0.0	 0.0	 
50010	50000	10	 sysNum: 	15001	 MissingNum: 	0	 36211.641666612355	 203573	 2	 Protocol_Missing: 35009	 0.0	 0.0	 0.0	 0.0	 0.0	 0.0	 0.0	 0.0	 
50010	50000	10	 sysNum: 	10000	 MissingNum: 	0	 30328.17083327958	 159427	 2	 Protocol_Missing: 40010	 0.0	 0.0	 0.0	 0.0	 0.0	 0.0	 0.0	 0.0	 
50010	50000	10	 sysNum: 	4999	 MissingNum: 	0	 20048.67083331884	 96504	 2	 Protocol_Missing: 45001	 0.0	 0.0	 0.0	 0.0	 0.0	 0.0	 0.0	 0.0	 
50010	50000	10	 sysNum: 	45009	 MissingNum: 	0	 51632.49583332218	 319076	 2	 Protocol_Missing: 5001	 0.0	 0.0	 0.0	 0.0	 0.0	 0.0	 0.0	 0.0	 
50010	50000	10	 sysNum: 	40008	 MissingNum: 	0	 50335.68749998525	 311334	 2	 Protocol_Missing: 10002	 0.0	 0.0	 0.0	 0.0	 0.0	 0.0	 0.0	 0.0	 
50010	50000	10	 sysNum: 	35007	 MissingNum: 	0	 48448.370833313245	 299321	 2	 Protocol_Missing: 15003	 0.0	 0.0	 0.0	 0.0	 0.0	 0.0	 0.0	 0.0	 
50010	50000	10	 sysNum: 	30006	 MissingNum: 	0	 46070.82083330655	 284574	 2	 Protocol_Missing: 20004	 0.0	 0.0	 0.0	 0.0	 0.0	 0.0	 0.0	 0.0	 
50010	50000	10	 sysNum: 	25005	 MissingNum: 	0	 42825.154166630346	 264664	 2	 Protocol_Missing: 25005	 0.0	 0.0	 0.0	 0.0	 0.0	 0.0	 0.0	 0.0	 
50010	50000	10	 sysNum: 	20004	 MissingNum: 	0	 39355.45833328932	 243186	 2	 Protocol_Missing: 30006	 0.0	 0.0	 0.0	 0.0	 0.0	 0.0	 0.0	 0.0	 
50010	50000	10	 sysNum: 	15001	 MissingNum: 	0	 36213.099999945734	 203504	 2	 Protocol_Missing: 35009	 0.0	 0.0	 0.0	 0.0	 0.0	 0.0	 0.0	 0.0	 
50010	50000	10	 sysNum: 	10000	 MissingNum: 	0	 30402.895833279228	 159361	 2	 Protocol_Missing: 40010	 0.0	 0.0	 0.0	 0.0	 0.0	 0.0	 0.0	 0.0	 
50010	50000	10	 sysNum: 	4999	 MissingNum: 	0	 20223.845833318144	 97002	 2	 Protocol_Missing: 45001	 0.0	 0.0	 0.0	 0.0	 0.0	 0.0	 0.0	 0.0	 
50010	50000	10	 sysNum: 	45009	 MissingNum: 	0	 51791.7749999893	 320231	 2	 Protocol_Missing: 5001	 0.0	 0.0	 0.0	 0.0	 0.0	 0.0	 0.0	 0.0	 
50010	50000	10	 sysNum: 	40008	 MissingNum: 	0	 50312.52916665186	 310902	 2	 Protocol_Missing: 10002	 0.0	 0.0	 0.0	 0.0	 0.0	 0.0	 0.0	 0.0	 
50010	50000	10	 sysNum: 	35007	 MissingNum: 	0	 48422.82083331322	 299283	 2	 Protocol_Missing: 15003	 0.0	 0.0	 0.0	 0.0	 0.0	 0.0	 0.0	 0.0	 
50010	50000	10	 sysNum: 	30006	 MissingNum: 	0	 45967.658333306164	 283803	 2	 Protocol_Missing: 20004	 0.0	 0.0	 0.0	 0.0	 0.0	 0.0	 0.0	 0.0	 
50010	50000	10	 sysNum: 	25005	 MissingNum: 	0	 42992.4833332975	 265721	 2	 Protocol_Missing: 25005	 0.0	 0.0	 0.0	 0.0	 0.0	 0.0	 0.0	 0.0	 
50010	50000	10	 sysNum: 	20004	 MissingNum: 	0	 39492.016666622774	 244157	 2	 Protocol_Missing: 30006	 0.0	 0.0	 0.0	 0.0	 0.0	 0.0	 0.0	 0.0	 
50010	50000	10	 sysNum: 	15001	 MissingNum: 	0	 36246.61249994587	 204228	 2	 Protocol_Missing: 35009	 0.0	 0.0	 0.0	 0.0	 0.0	 0.0	 0.0	 0.0	 
50010	50000	10	 sysNum: 	10000	 MissingNum: 	0	 30459.449999945726	 159770	 2	 Protocol_Missing: 40010	 0.0	 0.0	 0.0	 0.0	 0.0	 0.0	 0.0	 0.0	 
50010	50000	10	 sysNum: 	4999	 MissingNum: 	0	 20066.43333331876	 96302	 2	 Protocol_Missing: 45001	 0.0	 0.0	 0.0	 0.0	 0.0	 0.0	 0.0	 0.0	 
50010	50000	10	 sysNum: 	45009	 MissingNum: 	0	 51592.09999998873	 318813	 2	 Protocol_Missing: 5001	 0.0	 0.0	 0.0	 0.0	 0.0	 0.0	 0.0	 0.0	 
50010	50000	10	 sysNum: 	40008	 MissingNum: 	0	 50247.6916666517	 310160	 2	 Protocol_Missing: 10002	 0.0	 0.0	 0.0	 0.0	 0.0	 0.0	 0.0	 0.0	 
50010	50000	10	 sysNum: 	35007	 MissingNum: 	0	 48679.42916664721	 301099	 2	 Protocol_Missing: 15003	 0.0	 0.0	 0.0	 0.0	 0.0	 0.0	 0.0	 0.0	 
50010	50000	10	 sysNum: 	30006	 MissingNum: 	0	 45980.02499997282	 284113	 2	 Protocol_Missing: 20004	 0.0	 0.0	 0.0	 0.0	 0.0	 0.0	 0.0	 0.0	 
50010	50000	10	 sysNum: 	25005	 MissingNum: 	0	 43115.508333297876	 266277	 2	 Protocol_Missing: 25005	 0.0	 0.0	 0.0	 0.0	 0.0	 0.0	 0.0	 0.0	 
50010	50000	10	 sysNum: 	20004	 MissingNum: 	0	 39231.17916662237	 242143	 2	 Protocol_Missing: 30006	 0.0	 0.0	 0.0	 0.0	 0.0	 0.0	 0.0	 0.0	 
50010	50000	10	 sysNum: 	15001	 MissingNum: 	0	 36332.42083327931	 204338	 2	 Protocol_Missing: 35009	 0.0	 0.0	 0.0	 0.0	 0.0	 0.0	 0.0	 0.0	 
50010	50000	10	 sysNum: 	10000	 MissingNum: 	0	 30524.783333278847	 160140	 2	 Protocol_Missing: 40010	 0.0	 0.0	 0.0	 0.0	 0.0	 0.0	 0.0	 0.0	 
50010	50000	10	 sysNum: 	4999	 MissingNum: 	0	 20207.27916665157	 96956	 2	 Protocol_Missing: 45001	 0.0	 0.0	 0.0	 0.0	 0.0	 0.0	 0.0	 0.0	 
50010	50000	10	 sysNum: 	45009	 MissingNum: 	0	 51557.71249998864	 319040	 2	 Protocol_Missing: 5001	 0.0	 0.0	 0.0	 0.0	 0.0	 0.0	 0.0	 0.0	 
50010	50000	10	 sysNum: 	40008	 MissingNum: 	0	 50353.79999998528	 311294	 2	 Protocol_Missing: 10002	 0.0	 0.0	 0.0	 0.0	 0.0	 0.0	 0.0	 0.0	 
50010	50000	10	 sysNum: 	35007	 MissingNum: 	0	 48427.48749997998	 299227	 2	 Protocol_Missing: 15003	 0.0	 0.0	 0.0	 0.0	 0.0	 0.0	 0.0	 0.0	 
50010	50000	10	 sysNum: 	30006	 MissingNum: 	0	 45950.041666639394	 283981	 2	 Protocol_Missing: 20004	 0.0	 0.0	 0.0	 0.0	 0.0	 0.0	 0.0	 0.0	 
50010	50000	10	 sysNum: 	25005	 MissingNum: 	0	 43160.27916663127	 266753	 2	 Protocol_Missing: 25005	 0.0	 0.0	 0.0	 0.0	 0.0	 0.0	 0.0	 0.0	 
50010	50000	10	 sysNum: 	20004	 MissingNum: 	0	 39440.47916662249	 243862	 2	 Protocol_Missing: 30006	 0.0	 0.0	 0.0	 0.0	 0.0	 0.0	 0.0	 0.0	 
50010	50000	10	 sysNum: 	15001	 MissingNum: 	0	 36284.20833327921	 204147	 2	 Protocol_Missing: 35009	 0.0	 0.0	 0.0	 0.0	 0.0	 0.0	 0.0	 0.0	 
50010	50000	10	 sysNum: 	10000	 MissingNum: 	0	 30263.09999994646	 158760	 2	 Protocol_Missing: 40010	 0.0	 0.0	 0.0	 0.0	 0.0	 0.0	 0.0	 0.0	 
50010	50000	10	 sysNum: 	4999	 MissingNum: 	0	 20364.02083331762	 97575	 2	 Protocol_Missing: 45001	 0.0	 0.0	 0.0	 0.0	 0.0	 0.0	 0.0	 0.0	 
50010	50000	10	 sysNum: 	45009	 MissingNum: 	0	 51611.5249999888	 318884	 2	 Protocol_Missing: 5001	 0.0	 0.0	 0.0	 0.0	 0.0	 0.0	 0.0	 0.0	 
50010	50000	10	 sysNum: 	40008	 MissingNum: 	0	 50185.50833331827	 309867	 2	 Protocol_Missing: 10002	 0.0	 0.0	 0.0	 0.0	 0.0	 0.0	 0.0	 0.0	 
50010	50000	10	 sysNum: 	35007	 MissingNum: 	0	 48322.9541666462	 298268	 2	 Protocol_Missing: 15003	 0.0	 0.0	 0.0	 0.0	 0.0	 0.0	 0.0	 0.0	 
50010	50000	10	 sysNum: 	30006	 MissingNum: 	0	 46211.84166664022	 285521	 2	 Protocol_Missing: 20004	 0.0	 0.0	 0.0	 0.0	 0.0	 0.0	 0.0	 0.0	 
50010	50000	10	 sysNum: 	25005	 MissingNum: 	0	 43023.25416663091	 265766	 2	 Protocol_Missing: 25005	 0.0	 0.0	 0.0	 0.0	 0.0	 0.0	 0.0	 0.0	 
50010	50000	10	 sysNum: 	20004	 MissingNum: 	0	 39369.57499995615	 243631	 2	 Protocol_Missing: 30006	 0.0	 0.0	 0.0	 0.0	 0.0	 0.0	 0.0	 0.0	 
50010	50000	10	 sysNum: 	15001	 MissingNum: 	0	 36292.46249994597	 203867	 2	 Protocol_Missing: 35009	 0.0	 0.0	 0.0	 0.0	 0.0	 0.0	 0.0	 0.0	 
50010	50000	10	 sysNum: 	10000	 MissingNum: 	0	 30410.216666612567	 159447	 2	 Protocol_Missing: 40010	 0.0	 0.0	 0.0	 0.0	 0.0	 0.0	 0.0	 0.0	 
50010	50000	10	 sysNum: 	4999	 MissingNum: 	0	 20246.508333318052	 97121	 2	 Protocol_Missing: 45001	 0.0	 0.0	 0.0	 0.0	 0.0	 0.0	 0.0	 0.0	 
50010	50000	10	 sysNum: 	45009	 MissingNum: 	0	 51661.54583332224	 319370	 2	 Protocol_Missing: 5001	 0.0	 0.0	 0.0	 0.0	 0.0	 0.0	 0.0	 0.0	 
50010	50000	10	 sysNum: 	40008	 MissingNum: 	0	 50413.737499985335	 311462	 2	 Protocol_Missing: 10002	 0.0	 0.0	 0.0	 0.0	 0.0	 0.0	 0.0	 0.0	 
50010	50000	10	 sysNum: 	35007	 MissingNum: 	0	 48542.69583331346	 299886	 2	 Protocol_Missing: 15003	 0.0	 0.0	 0.0	 0.0	 0.0	 0.0	 0.0	 0.0	 
50010	50000	10	 sysNum: 	30006	 MissingNum: 	0	 46070.44166663982	 285020	 2	 Protocol_Missing: 20004	 0.0	 0.0	 0.0	 0.0	 0.0	 0.0	 0.0	 0.0	 
50010	50000	10	 sysNum: 	25005	 MissingNum: 	0	 42829.96666663051	 264771	 2	 Protocol_Missing: 25005	 0.0	 0.0	 0.0	 0.0	 0.0	 0.0	 0.0	 0.0	 
50010	50000	10	 sysNum: 	20004	 MissingNum: 	0	 39490.58749995575	 243824	 2	 Protocol_Missing: 30006	 0.0	 0.0	 0.0	 0.0	 0.0	 0.0	 0.0	 0.0	 
50010	50000	10	 sysNum: 	15001	 MissingNum: 	0	 36553.53333328002	 206088	 2	 Protocol_Missing: 35009	 0.0	 0.0	 0.0	 0.0	 0.0	 0.0	 0.0	 0.0	 
50010	50000	10	 sysNum: 	10000	 MissingNum: 	0	 30303.58333327964	 158970	 2	 Protocol_Missing: 40010	 0.0	 0.0	 0.0	 0.0	 0.0	 0.0	 0.0	 0.0	 
50010	50000	10	 sysNum: 	4999	 MissingNum: 	0	 20094.783333318595	 96288	 2	 Protocol_Missing: 45001	 0.0	 0.0	 0.0	 0.0	 0.0	 0.0	 0.0	 0.0	 
50010	50000	10	 sysNum: 	45009	 MissingNum: 	0	 51434.59999998833	 317697	 2	 Protocol_Missing: 5001	 0.0	 0.0	 0.0	 0.0	 0.0	 0.0	 0.0	 0.0	 
50010	50000	10	 sysNum: 	40008	 MissingNum: 	0	 50205.31249998491	 310475	 2	 Protocol_Missing: 10002	 0.0	 0.0	 0.0	 0.0	 0.0	 0.0	 0.0	 0.0	 
50010	50000	10	 sysNum: 	35007	 MissingNum: 	0	 48475.64166664665	 299428	 2	 Protocol_Missing: 15003	 0.0	 0.0	 0.0	 0.0	 0.0	 0.0	 0.0	 0.0	 
50010	50000	10	 sysNum: 	30006	 MissingNum: 	0	 45946.658333306084	 284176	 2	 Protocol_Missing: 20004	 0.0	 0.0	 0.0	 0.0	 0.0	 0.0	 0.0	 0.0	 
50010	50000	10	 sysNum: 	25005	 MissingNum: 	0	 43069.33749996447	 266326	 2	 Protocol_Missing: 25005	 0.0	 0.0	 0.0	 0.0	 0.0	 0.0	 0.0	 0.0	 
50010	50000	10	 sysNum: 	20004	 MissingNum: 	0	 39424.9333332891	 243574	 2	 Protocol_Missing: 30006	 0.0	 0.0	 0.0	 0.0	 0.0	 0.0	 0.0	 0.0	 
50010	50000	10	 sysNum: 	15001	 MissingNum: 	0	 36195.19166661233	 203468	 2	 Protocol_Missing: 35009	 0.0	 0.0	 0.0	 0.0	 0.0	 0.0	 0.0	 0.0	 
50010	50000	10	 sysNum: 	10000	 MissingNum: 	0	 30657.812499944954	 160762	 2	 Protocol_Missing: 40010	 0.0	 0.0	 0.0	 0.0	 0.0	 0.0	 0.0	 0.0	 
50010	50000	10	 sysNum: 	4999	 MissingNum: 	0	 20070.98333331875	 96424	 2	 Protocol_Missing: 45001	 0.0	 0.0	 0.0	 0.0	 0.0	 0.0	 0.0	 0.0	 
50010	50000	10	 sysNum: 	45009	 MissingNum: 	0	 51619.28333332215	 319048	 2	 Protocol_Missing: 5001	 0.0	 0.0	 0.0	 0.0	 0.0	 0.0	 0.0	 0.0	 
50010	50000	10	 sysNum: 	40008	 MissingNum: 	0	 50389.82083331873	 311740	 2	 Protocol_Missing: 10002	 0.0	 0.0	 0.0	 0.0	 0.0	 0.0	 0.0	 0.0	 
50010	50000	10	 sysNum: 	35007	 MissingNum: 	0	 48668.19999998052	 300743	 2	 Protocol_Missing: 15003	 0.0	 0.0	 0.0	 0.0	 0.0	 0.0	 0.0	 0.0	 
50010	50000	10	 sysNum: 	30006	 MissingNum: 	0	 45990.84583330619	 284030	 2	 Protocol_Missing: 20004	 0.0	 0.0	 0.0	 0.0	 0.0	 0.0	 0.0	 0.0	 
50010	50000	10	 sysNum: 	25005	 MissingNum: 	0	 42864.295833297176	 264838	 2	 Protocol_Missing: 25005	 0.0	 0.0	 0.0	 0.0	 0.0	 0.0	 0.0	 0.0	 
50010	50000	10	 sysNum: 	20004	 MissingNum: 	0	 39613.93333328892	 245129	 2	 Protocol_Missing: 30006	 0.0	 0.0	 0.0	 0.0	 0.0	 0.0	 0.0	 0.0	 
50010	50000	10	 sysNum: 	15001	 MissingNum: 	0	 36371.445833279446	 204287	 2	 Protocol_Missing: 35009	 0.0	 0.0	 0.0	 0.0	 0.0	 0.0	 0.0	 0.0	 
50010	50000	10	 sysNum: 	10000	 MissingNum: 	0	 30413.716666612578	 159635	 2	 Protocol_Missing: 40010	 0.0	 0.0	 0.0	 0.0	 0.0	 0.0	 0.0	 0.0	 
50010	50000	10	 sysNum: 	4999	 MissingNum: 	0	 20371.049999984243	 97544	 2	 Protocol_Missing: 45001	 0.0	 0.0	 0.0	 0.0	 0.0	 0.0	 0.0	 0.0	 
50010	50000	10	 sysNum: 	45009	 MissingNum: 	0	 51621.820833322105	 319261	 2	 Protocol_Missing: 5001	 0.0	 0.0	 0.0	 0.0	 0.0	 0.0	 0.0	 0.0	 
50010	50000	10	 sysNum: 	40008	 MissingNum: 	0	 50396.20833331877	 311437	 2	 Protocol_Missing: 10002	 0.0	 0.0	 0.0	 0.0	 0.0	 0.0	 0.0	 0.0	 
50010	50000	10	 sysNum: 	35007	 MissingNum: 	0	 48536.045833313634	 300110	 2	 Protocol_Missing: 15003	 0.0	 0.0	 0.0	 0.0	 0.0	 0.0	 0.0	 0.0	 
50010	50000	10	 sysNum: 	30006	 MissingNum: 	0	 46080.91249997312	 285029	 2	 Protocol_Missing: 20004	 0.0	 0.0	 0.0	 0.0	 0.0	 0.0	 0.0	 0.0	 
50010	50000	10	 sysNum: 	25005	 MissingNum: 	0	 42856.50833329718	 264469	 2	 Protocol_Missing: 25005	 0.0	 0.0	 0.0	 0.0	 0.0	 0.0	 0.0	 0.0	 
50010	50000	10	 sysNum: 	20004	 MissingNum: 	0	 39362.13749995592	 242909	 2	 Protocol_Missing: 30006	 0.0	 0.0	 0.0	 0.0	 0.0	 0.0	 0.0	 0.0	 
50010	50000	10	 sysNum: 	15001	 MissingNum: 	0	 36440.337499946356	 205012	 2	 Protocol_Missing: 35009	 0.0	 0.0	 0.0	 0.0	 0.0	 0.0	 0.0	 0.0	 
50010	50000	10	 sysNum: 	10000	 MissingNum: 	0	 30255.9833332798	 158664	 2	 Protocol_Missing: 40010	 0.0	 0.0	 0.0	 0.0	 0.0	 0.0	 0.0	 0.0	 
50010	50000	10	 sysNum: 	4999	 MissingNum: 	0	 20153.58333331835	 96218	 2	 Protocol_Missing: 45001	 0.0	 0.0	 0.0	 0.0	 0.0	 0.0	 0.0	 0.0	 
50010	50000	10	 sysNum: 	45009	 MissingNum: 	0	 51582.79583332208	 318715	 2	 Protocol_Missing: 5001	 0.0	 0.0	 0.0	 0.0	 0.0	 0.0	 0.0	 0.0	 
50010	50000	10	 sysNum: 	40008	 MissingNum: 	0	 50477.524999985646	 311777	 2	 Protocol_Missing: 10002	 0.0	 0.0	 0.0	 0.0	 0.0	 0.0	 0.0	 0.0	 
50010	50000	10	 sysNum: 	35007	 MissingNum: 	0	 48403.83333331311	 299074	 2	 Protocol_Missing: 15003	 0.0	 0.0	 0.0	 0.0	 0.0	 0.0	 0.0	 0.0	 
50010	50000	10	 sysNum: 	30006	 MissingNum: 	0	 46040.69166663964	 284437	 2	 Protocol_Missing: 20004	 0.0	 0.0	 0.0	 0.0	 0.0	 0.0	 0.0	 0.0	 
50010	50000	10	 sysNum: 	25005	 MissingNum: 	0	 43036.78749996433	 266218	 2	 Protocol_Missing: 25005	 0.0	 0.0	 0.0	 0.0	 0.0	 0.0	 0.0	 0.0	 
50010	50000	10	 sysNum: 	20004	 MissingNum: 	0	 39487.116666622984	 244011	 2	 Protocol_Missing: 30006	 0.0	 0.0	 0.0	 0.0	 0.0	 0.0	 0.0	 0.0	 
50010	50000	10	 sysNum: 	15001	 MissingNum: 	0	 36279.33749994589	 203854	 2	 Protocol_Missing: 35009	 0.0	 0.0	 0.0	 0.0	 0.0	 0.0	 0.0	 0.0	 
50010	50000	10	 sysNum: 	10000	 MissingNum: 	0	 30334.06249994611	 158966	 2	 Protocol_Missing: 40010	 0.0	 0.0	 0.0	 0.0	 0.0	 0.0	 0.0	 0.0	 
50010	50000	10	 sysNum: 	4999	 MissingNum: 	0	 20191.32499998494	 96810	 2	 Protocol_Missing: 45001	 0.0	 0.0	 0.0	 0.0	 0.0	 0.0	 0.0	 0.0	 
50010	50000	10	 sysNum: 	45009	 MissingNum: 	0	 51739.85833332255	 319816	 2	 Protocol_Missing: 5001	 0.0	 0.0	 0.0	 0.0	 0.0	 0.0	 0.0	 0.0	 
50010	50000	10	 sysNum: 	40008	 MissingNum: 	0	 50545.07499998581	 312874	 2	 Protocol_Missing: 10002	 0.0	 0.0	 0.0	 0.0	 0.0	 0.0	 0.0	 0.0	 
50010	50000	10	 sysNum: 	35007	 MissingNum: 	0	 48613.97916664706	 300703	 2	 Protocol_Missing: 15003	 0.0	 0.0	 0.0	 0.0	 0.0	 0.0	 0.0	 0.0	 
50010	50000	10	 sysNum: 	30006	 MissingNum: 	0	 46009.133333306265	 284397	 2	 Protocol_Missing: 20004	 0.0	 0.0	 0.0	 0.0	 0.0	 0.0	 0.0	 0.0	 
50010	50000	10	 sysNum: 	25005	 MissingNum: 	0	 42903.61249996389	 264940	 2	 Protocol_Missing: 25005	 0.0	 0.0	 0.0	 0.0	 0.0	 0.0	 0.0	 0.0	 
50010	50000	10	 sysNum: 	20004	 MissingNum: 	0	 39453.42916662252	 243604	 2	 Protocol_Missing: 30006	 0.0	 0.0	 0.0	 0.0	 0.0	 0.0	 0.0	 0.0	 
50010	50000	10	 sysNum: 	15001	 MissingNum: 	0	 36384.774999946094	 204472	 2	 Protocol_Missing: 35009	 0.0	 0.0	 0.0	 0.0	 0.0	 0.0	 0.0	 0.0	 
50010	50000	10	 sysNum: 	10000	 MissingNum: 	0	 30397.09166661264	 159417	 2	 Protocol_Missing: 40010	 0.0	 0.0	 0.0	 0.0	 0.0	 0.0	 0.0	 0.0	 
50010	50000	10	 sysNum: 	4999	 MissingNum: 	0	 20097.05833331863	 96315	 2	 Protocol_Missing: 45001	 0.0	 0.0	 0.0	 0.0	 0.0	 0.0	 0.0	 0.0	 
50010	50000	10	 sysNum: 	45009	 MissingNum: 	0	 51560.94999998869	 318952	 2	 Protocol_Missing: 5001	 0.0	 0.0	 0.0	 0.0	 0.0	 0.0	 0.0	 0.0	 
50010	50000	10	 sysNum: 	40008	 MissingNum: 	0	 50486.595833319	 312253	 2	 Protocol_Missing: 10002	 0.0	 0.0	 0.0	 0.0	 0.0	 0.0	 0.0	 0.0	 
50010	50000	10	 sysNum: 	35007	 MissingNum: 	0	 48591.14166664697	 300600	 2	 Protocol_Missing: 15003	 0.0	 0.0	 0.0	 0.0	 0.0	 0.0	 0.0	 0.0	 
50010	50000	10	 sysNum: 	30006	 MissingNum: 	0	 46007.84999997281	 284287	 2	 Protocol_Missing: 20004	 0.0	 0.0	 0.0	 0.0	 0.0	 0.0	 0.0	 0.0	 
50010	50000	10	 sysNum: 	25005	 MissingNum: 	0	 42811.09583329712	 264833	 2	 Protocol_Missing: 25005	 0.0	 0.0	 0.0	 0.0	 0.0	 0.0	 0.0	 0.0	 
50010	50000	10	 sysNum: 	20004	 MissingNum: 	0	 39465.03749995541	 243883	 2	 Protocol_Missing: 30006	 0.0	 0.0	 0.0	 0.0	 0.0	 0.0	 0.0	 0.0	 
50010	50000	10	 sysNum: 	15001	 MissingNum: 	0	 36220.420833279044	 203364	 2	 Protocol_Missing: 35009	 0.0	 0.0	 0.0	 0.0	 0.0	 0.0	 0.0	 0.0	 
50010	50000	10	 sysNum: 	10000	 MissingNum: 	0	 30357.658333279345	 158772	 2	 Protocol_Missing: 40010	 0.0	 0.0	 0.0	 0.0	 0.0	 0.0	 0.0	 0.0	 
50010	50000	10	 sysNum: 	4999	 MissingNum: 	0	 20304.024999984562	 97565	 2	 Protocol_Missing: 45001	 0.0	 0.0	 0.0	 0.0	 0.0	 0.0	 0.0	 0.0	 
50010	50000	10	 sysNum: 	45009	 MissingNum: 	0	 51505.00833332186	 317947	 2	 Protocol_Missing: 5001	 0.0	 0.0	 0.0	 0.0	 0.0	 0.0	 0.0	 0.0	 
50010	50000	10	 sysNum: 	40008	 MissingNum: 	0	 50431.76249998555	 311925	 2	 Protocol_Missing: 10002	 0.0	 0.0	 0.0	 0.0	 0.0	 0.0	 0.0	 0.0	 
50010	50000	10	 sysNum: 	35007	 MissingNum: 	0	 48623.66249998038	 300741	 2	 Protocol_Missing: 15003	 0.0	 0.0	 0.0	 0.0	 0.0	 0.0	 0.0	 0.0	 
50010	50000	10	 sysNum: 	30006	 MissingNum: 	0	 46025.05833330637	 284280	 2	 Protocol_Missing: 20004	 0.0	 0.0	 0.0	 0.0	 0.0	 0.0	 0.0	 0.0	 
50010	50000	10	 sysNum: 	25005	 MissingNum: 	0	 42841.31249996387	 264565	 2	 Protocol_Missing: 25005	 0.0	 0.0	 0.0	 0.0	 0.0	 0.0	 0.0	 0.0	 
50010	50000	10	 sysNum: 	20004	 MissingNum: 	0	 39365.19999995602	 243248	 2	 Protocol_Missing: 30006	 0.0	 0.0	 0.0	 0.0	 0.0	 0.0	 0.0	 0.0	 
50010	50000	10	 sysNum: 	15001	 MissingNum: 	0	 36174.83333327893	 203110	 2	 Protocol_Missing: 35009	 0.0	 0.0	 0.0	 0.0	 0.0	 0.0	 0.0	 0.0	 
50010	50000	10	 sysNum: 	10000	 MissingNum: 	0	 30460.237499945688	 159615	 2	 Protocol_Missing: 40010	 0.0	 0.0	 0.0	 0.0	 0.0	 0.0	 0.0	 0.0	 
50010	50000	10	 sysNum: 	4999	 MissingNum: 	0	 20123.337499985202	 96429	 2	 Protocol_Missing: 45001	 0.0	 0.0	 0.0	 0.0	 0.0	 0.0	 0.0	 0.0	 
50010	50000	10	 sysNum: 	45009	 MissingNum: 	0	 51608.28749998874	 318916	 2	 Protocol_Missing: 5001	 0.0	 0.0	 0.0	 0.0	 0.0	 0.0	 0.0	 0.0	 
50010	50000	10	 sysNum: 	40008	 MissingNum: 	0	 50112.27083331801	 309726	 2	 Protocol_Missing: 10002	 0.0	 0.0	 0.0	 0.0	 0.0	 0.0	 0.0	 0.0	 
50010	50000	10	 sysNum: 	35007	 MissingNum: 	0	 48420.983333313154	 299157	 2	 Protocol_Missing: 15003	 0.0	 0.0	 0.0	 0.0	 0.0	 0.0	 0.0	 0.0	 
50010	50000	10	 sysNum: 	30006	 MissingNum: 	0	 45990.49583330627	 284387	 2	 Protocol_Missing: 20004	 0.0	 0.0	 0.0	 0.0	 0.0	 0.0	 0.0	 0.0	 
50010	50000	10	 sysNum: 	25005	 MissingNum: 	0	 42909.883333297345	 265148	 2	 Protocol_Missing: 25005	 0.0	 0.0	 0.0	 0.0	 0.0	 0.0	 0.0	 0.0	 
50010	50000	10	 sysNum: 	20004	 MissingNum: 	0	 39667.39583328899	 245070	 2	 Protocol_Missing: 30006	 0.0	 0.0	 0.0	 0.0	 0.0	 0.0	 0.0	 0.0	 
50010	50000	10	 sysNum: 	15001	 MissingNum: 	0	 36283.94583327926	 204007	 2	 Protocol_Missing: 35009	 0.0	 0.0	 0.0	 0.0	 0.0	 0.0	 0.0	 0.0	 
50010	50000	10	 sysNum: 	10000	 MissingNum: 	0	 30243.06249994653	 158403	 2	 Protocol_Missing: 40010	 0.0	 0.0	 0.0	 0.0	 0.0	 0.0	 0.0	 0.0	 
50010	50000	10	 sysNum: 	4999	 MissingNum: 	0	 20057.18749998547	 96337	 2	 Protocol_Missing: 45001	 0.0	 0.0	 0.0	 0.0	 0.0	 0.0	 0.0	 0.0	 
50010	50000	10	 sysNum: 	45009	 MissingNum: 	0	 51495.499999988475	 318403	 2	 Protocol_Missing: 5001	 0.0	 0.0	 0.0	 0.0	 0.0	 0.0	 0.0	 0.0	 
50010	50000	10	 sysNum: 	40008	 MissingNum: 	0	 50089.37499998457	 309218	 2	 Protocol_Missing: 10002	 0.0	 0.0	 0.0	 0.0	 0.0	 0.0	 0.0	 0.0	 
50010	50000	10	 sysNum: 	35007	 MissingNum: 	0	 48453.183333313325	 299530	 2	 Protocol_Missing: 15003	 0.0	 0.0	 0.0	 0.0	 0.0	 0.0	 0.0	 0.0	 
50010	50000	10	 sysNum: 	30006	 MissingNum: 	0	 46059.416666639736	 284637	 2	 Protocol_Missing: 20004	 0.0	 0.0	 0.0	 0.0	 0.0	 0.0	 0.0	 0.0	 
50010	50000	10	 sysNum: 	25005	 MissingNum: 	0	 43043.17499996438	 266177	 2	 Protocol_Missing: 25005	 0.0	 0.0	 0.0	 0.0	 0.0	 0.0	 0.0	 0.0	 
50010	50000	10	 sysNum: 	20004	 MissingNum: 	0	 39181.94583328891	 241764	 2	 Protocol_Missing: 30006	 0.0	 0.0	 0.0	 0.0	 0.0	 0.0	 0.0	 0.0	 
50010	50000	10	 sysNum: 	15001	 MissingNum: 	0	 36213.97499994564	 203648	 2	 Protocol_Missing: 35009	 0.0	 0.0	 0.0	 0.0	 0.0	 0.0	 0.0	 0.0	 
50010	50000	10	 sysNum: 	10000	 MissingNum: 	0	 30354.42083327946	 159059	 2	 Protocol_Missing: 40010	 0.0	 0.0	 0.0	 0.0	 0.0	 0.0	 0.0	 0.0	 
50010	50000	10	 sysNum: 	4999	 MissingNum: 	0	 20150.520833318424	 96392	 2	 Protocol_Missing: 45001	 0.0	 0.0	 0.0	 0.0	 0.0	 0.0	 0.0	 0.0	 
50010	50000	10	 sysNum: 	45009	 MissingNum: 	0	 51487.391666655094	 318346	 2	 Protocol_Missing: 5001	 0.0	 0.0	 0.0	 0.0	 0.0	 0.0	 0.0	 0.0	 
50010	50000	10	 sysNum: 	40008	 MissingNum: 	0	 50494.99583331907	 312320	 2	 Protocol_Missing: 10002	 0.0	 0.0	 0.0	 0.0	 0.0	 0.0	 0.0	 0.0	 
50010	50000	10	 sysNum: 	35007	 MissingNum: 	0	 48654.81249998034	 300483	 2	 Protocol_Missing: 15003	 0.0	 0.0	 0.0	 0.0	 0.0	 0.0	 0.0	 0.0	 
50010	50000	10	 sysNum: 	30006	 MissingNum: 	0	 45886.02083330591	 283474	 2	 Protocol_Missing: 20004	 0.0	 0.0	 0.0	 0.0	 0.0	 0.0	 0.0	 0.0	 
50010	50000	10	 sysNum: 	25005	 MissingNum: 	0	 43034.045833297736	 266192	 2	 Protocol_Missing: 25005	 0.0	 0.0	 0.0	 0.0	 0.0	 0.0	 0.0	 0.0	 
50010	50000	10	 sysNum: 	20004	 MissingNum: 	0	 39316.81249995591	 243070	 2	 Protocol_Missing: 30006	 0.0	 0.0	 0.0	 0.0	 0.0	 0.0	 0.0	 0.0	 
50010	50000	10	 sysNum: 	15001	 MissingNum: 	0	 36187.287499945545	 203243	 2	 Protocol_Missing: 35009	 0.0	 0.0	 0.0	 0.0	 0.0	 0.0	 0.0	 0.0	 
50010	50000	10	 sysNum: 	10000	 MissingNum: 	0	 30604.933333278528	 160649	 2	 Protocol_Missing: 40010	 0.0	 0.0	 0.0	 0.0	 0.0	 0.0	 0.0	 0.0	 
50010	50000	10	 sysNum: 	4999	 MissingNum: 	0	 20160.96249998506	 96558	 2	 Protocol_Missing: 45001	 0.0	 0.0	 0.0	 0.0	 0.0	 0.0	 0.0	 0.0	 
50010	50000	10	 sysNum: 	45009	 MissingNum: 	0	 51658.62916665552	 319423	 2	 Protocol_Missing: 5001	 0.0	 0.0	 0.0	 0.0	 0.0	 0.0	 0.0	 0.0	 
50010	50000	10	 sysNum: 	40008	 MissingNum: 	0	 50252.50416665169	 310233	 2	 Protocol_Missing: 10002	 0.0	 0.0	 0.0	 0.0	 0.0	 0.0	 0.0	 0.0	 
50010	50000	10	 sysNum: 	35007	 MissingNum: 	0	 48261.558333312736	 298247	 2	 Protocol_Missing: 15003	 0.0	 0.0	 0.0	 0.0	 0.0	 0.0	 0.0	 0.0	 
50010	50000	10	 sysNum: 	30006	 MissingNum: 	0	 45989.0666666396	 284350	 2	 Protocol_Missing: 20004	 0.0	 0.0	 0.0	 0.0	 0.0	 0.0	 0.0	 0.0	 
50010	50000	10	 sysNum: 	25005	 MissingNum: 	0	 42911.54583329735	 264996	 2	 Protocol_Missing: 25005	 0.0	 0.0	 0.0	 0.0	 0.0	 0.0	 0.0	 0.0	 
50010	50000	10	 sysNum: 	20004	 MissingNum: 	0	 39302.75416662258	 242428	 2	 Protocol_Missing: 30006	 0.0	 0.0	 0.0	 0.0	 0.0	 0.0	 0.0	 0.0	 
50010	50000	10	 sysNum: 	15001	 MissingNum: 	0	 36287.00833327925	 203976	 2	 Protocol_Missing: 35009	 0.0	 0.0	 0.0	 0.0	 0.0	 0.0	 0.0	 0.0	 
50010	50000	10	 sysNum: 	10000	 MissingNum: 	0	 30397.00416661261	 159232	 2	 Protocol_Missing: 40010	 0.0	 0.0	 0.0	 0.0	 0.0	 0.0	 0.0	 0.0	 
50010	50000	10	 sysNum: 	4999	 MissingNum: 	0	 20261.70416665137	 97331	 2	 Protocol_Missing: 45001	 0.0	 0.0	 0.0	 0.0	 0.0	 0.0	 0.0	 0.0	 
50010	50000	10	 sysNum: 	45009	 MissingNum: 	0	 51529.595833322	 318591	 2	 Protocol_Missing: 5001	 0.0	 0.0	 0.0	 0.0	 0.0	 0.0	 0.0	 0.0	 
50010	50000	10	 sysNum: 	40008	 MissingNum: 	0	 50379.78749998541	 311435	 2	 Protocol_Missing: 10002	 0.0	 0.0	 0.0	 0.0	 0.0	 0.0	 0.0	 0.0	 
50010	50000	10	 sysNum: 	35007	 MissingNum: 	0	 48429.324999979974	 298933	 2	 Protocol_Missing: 15003	 0.0	 0.0	 0.0	 0.0	 0.0	 0.0	 0.0	 0.0	 
50010	50000	10	 sysNum: 	30006	 MissingNum: 	0	 45999.24583330632	 284483	 2	 Protocol_Missing: 20004	 0.0	 0.0	 0.0	 0.0	 0.0	 0.0	 0.0	 0.0	 
50010	50000	10	 sysNum: 	25005	 MissingNum: 	0	 42999.59999996427	 265579	 2	 Protocol_Missing: 25005	 0.0	 0.0	 0.0	 0.0	 0.0	 0.0	 0.0	 0.0	 
50010	50000	10	 sysNum: 	20004	 MissingNum: 	0	 39542.09583328973	 244553	 2	 Protocol_Missing: 30006	 0.0	 0.0	 0.0	 0.0	 0.0	 0.0	 0.0	 0.0	 
50010	50000	10	 sysNum: 	15001	 MissingNum: 	0	 36312.96666661266	 204169	 2	 Protocol_Missing: 35009	 0.0	 0.0	 0.0	 0.0	 0.0	 0.0	 0.0	 0.0	 
50010	50000	10	 sysNum: 	10000	 MissingNum: 	0	 30336.979166612837	 158988	 2	 Protocol_Missing: 40010	 0.0	 0.0	 0.0	 0.0	 0.0	 0.0	 0.0	 0.0	 
50010	50000	10	 sysNum: 	4999	 MissingNum: 	0	 20141.916666651774	 96578	 2	 Protocol_Missing: 45001	 0.0	 0.0	 0.0	 0.0	 0.0	 0.0	 0.0	 0.0	 
50010	50000	10	 sysNum: 	45009	 MissingNum: 	0	 51656.616666655624	 319286	 2	 Protocol_Missing: 5001	 0.0	 0.0	 0.0	 0.0	 0.0	 0.0	 0.0	 0.0	 
50010	50000	10	 sysNum: 	40008	 MissingNum: 	0	 50507.15833331903	 312249	 2	 Protocol_Missing: 10002	 0.0	 0.0	 0.0	 0.0	 0.0	 0.0	 0.0	 0.0	 
50010	50000	10	 sysNum: 	35007	 MissingNum: 	0	 48489.55416664667	 299611	 2	 Protocol_Missing: 15003	 0.0	 0.0	 0.0	 0.0	 0.0	 0.0	 0.0	 0.0	 
50010	50000	10	 sysNum: 	30006	 MissingNum: 	0	 45957.85833330616	 283858	 2	 Protocol_Missing: 20004	 0.0	 0.0	 0.0	 0.0	 0.0	 0.0	 0.0	 0.0	 
50010	50000	10	 sysNum: 	25005	 MissingNum: 	0	 42862.19583329719	 264579	 2	 Protocol_Missing: 25005	 0.0	 0.0	 0.0	 0.0	 0.0	 0.0	 0.0	 0.0	 
50010	50000	10	 sysNum: 	20004	 MissingNum: 	0	 39433.79999995563	 243266	 2	 Protocol_Missing: 30006	 0.0	 0.0	 0.0	 0.0	 0.0	 0.0	 0.0	 0.0	 
50010	50000	10	 sysNum: 	15001	 MissingNum: 	0	 36116.4124999454	 202853	 2	 Protocol_Missing: 35009	 0.0	 0.0	 0.0	 0.0	 0.0	 0.0	 0.0	 0.0	 
50010	50000	10	 sysNum: 	10000	 MissingNum: 	0	 30570.34166661197	 160308	 2	 Protocol_Missing: 40010	 0.0	 0.0	 0.0	 0.0	 0.0	 0.0	 0.0	 0.0	 
50010	50000	10	 sysNum: 	4999	 MissingNum: 	0	 20214.395833318158	 96525	 2	 Protocol_Missing: 45001	 0.0	 0.0	 0.0	 0.0	 0.0	 0.0	 0.0	 0.0	 
50010	50000	10	 sysNum: 	45009	 MissingNum: 	0	 51816.304166656	 320618	 2	 Protocol_Missing: 5001	 0.0	 0.0	 0.0	 0.0	 0.0	 0.0	 0.0	 0.0	 
50010	50000	10	 sysNum: 	40008	 MissingNum: 	0	 50421.874999985484	 311819	 2	 Protocol_Missing: 10002	 0.0	 0.0	 0.0	 0.0	 0.0	 0.0	 0.0	 0.0	 
50010	50000	10	 sysNum: 	35007	 MissingNum: 	0	 48510.52499998015	 300080	 2	 Protocol_Missing: 15003	 0.0	 0.0	 0.0	 0.0	 0.0	 0.0	 0.0	 0.0	 
50010	50000	10	 sysNum: 	30006	 MissingNum: 	0	 46155.28749997325	 285573	 2	 Protocol_Missing: 20004	 0.0	 0.0	 0.0	 0.0	 0.0	 0.0	 0.0	 0.0	 
50010	50000	10	 sysNum: 	25005	 MissingNum: 	0	 42859.24999996383	 264818	 2	 Protocol_Missing: 25005	 0.0	 0.0	 0.0	 0.0	 0.0	 0.0	 0.0	 0.0	 
50010	50000	10	 sysNum: 	20004	 MissingNum: 	0	 39416.27083328952	 243663	 2	 Protocol_Missing: 30006	 0.0	 0.0	 0.0	 0.0	 0.0	 0.0	 0.0	 0.0	 
50010	50000	10	 sysNum: 	15001	 MissingNum: 	0	 36130.645833278795	 202700	 2	 Protocol_Missing: 35009	 0.0	 0.0	 0.0	 0.0	 0.0	 0.0	 0.0	 0.0	 
50010	50000	10	 sysNum: 	10000	 MissingNum: 	0	 30473.15833327903	 159973	 2	 Protocol_Missing: 40010	 0.0	 0.0	 0.0	 0.0	 0.0	 0.0	 0.0	 0.0	 
50010	50000	10	 sysNum: 	4999	 MissingNum: 	0	 20339.987499984403	 97912	 2	 Protocol_Missing: 45001	 0.0	 0.0	 0.0	 0.0	 0.0	 0.0	 0.0	 0.0	 
50010	50000	10	 sysNum: 	45009	 MissingNum: 	0	 51624.03749998889	 318842	 2	 Protocol_Missing: 5001	 0.0	 0.0	 0.0	 0.0	 0.0	 0.0	 0.0	 0.0	 
50010	50000	10	 sysNum: 	40008	 MissingNum: 	0	 50323.02916665189	 311053	 2	 Protocol_Missing: 10002	 0.0	 0.0	 0.0	 0.0	 0.0	 0.0	 0.0	 0.0	 
50010	50000	10	 sysNum: 	35007	 MissingNum: 	0	 48261.09166664606	 298051	 2	 Protocol_Missing: 15003	 0.0	 0.0	 0.0	 0.0	 0.0	 0.0	 0.0	 0.0	 
50010	50000	10	 sysNum: 	30006	 MissingNum: 	0	 46065.68749997297	 284677	 2	 Protocol_Missing: 20004	 0.0	 0.0	 0.0	 0.0	 0.0	 0.0	 0.0	 0.0	 
50010	50000	10	 sysNum: 	25005	 MissingNum: 	0	 43219.370833298126	 267220	 2	 Protocol_Missing: 25005	 0.0	 0.0	 0.0	 0.0	 0.0	 0.0	 0.0	 0.0	 
50010	50000	10	 sysNum: 	20004	 MissingNum: 	0	 39330.2583332892	 242725	 2	 Protocol_Missing: 30006	 0.0	 0.0	 0.0	 0.0	 0.0	 0.0	 0.0	 0.0	 
50010	50000	10	 sysNum: 	15001	 MissingNum: 	0	 36249.237499945724	 203679	 2	 Protocol_Missing: 35009	 0.0	 0.0	 0.0	 0.0	 0.0	 0.0	 0.0	 0.0	 
50010	50000	10	 sysNum: 	10000	 MissingNum: 	0	 30300.054166612998	 158861	 2	 Protocol_Missing: 40010	 0.0	 0.0	 0.0	 0.0	 0.0	 0.0	 0.0	 0.0	 
50010	50000	10	 sysNum: 	4999	 MissingNum: 	0	 20392.049999984225	 97671	 2	 Protocol_Missing: 45001	 0.0	 0.0	 0.0	 0.0	 0.0	 0.0	 0.0	 0.0	 
50010	50000	10	 sysNum: 	45009	 MissingNum: 	0	 51732.15833332241	 319943	 2	 Protocol_Missing: 5001	 0.0	 0.0	 0.0	 0.0	 0.0	 0.0	 0.0	 0.0	 
50010	50000	10	 sysNum: 	40008	 MissingNum: 	0	 50337.787499985185	 311151	 2	 Protocol_Missing: 10002	 0.0	 0.0	 0.0	 0.0	 0.0	 0.0	 0.0	 0.0	 
50010	50000	10	 sysNum: 	35007	 MissingNum: 	0	 48413.37083331309	 299231	 2	 Protocol_Missing: 15003	 0.0	 0.0	 0.0	 0.0	 0.0	 0.0	 0.0	 0.0	 
50010	50000	10	 sysNum: 	30006	 MissingNum: 	0	 46028.149999973044	 284578	 2	 Protocol_Missing: 20004	 0.0	 0.0	 0.0	 0.0	 0.0	 0.0	 0.0	 0.0	 
50010	50000	10	 sysNum: 	25005	 MissingNum: 	0	 43173.25833329802	 267016	 2	 Protocol_Missing: 25005	 0.0	 0.0	 0.0	 0.0	 0.0	 0.0	 0.0	 0.0	 
50010	50000	10	 sysNum: 	20004	 MissingNum: 	0	 39269.73749995578	 242547	 2	 Protocol_Missing: 30006	 0.0	 0.0	 0.0	 0.0	 0.0	 0.0	 0.0	 0.0	 
50010	50000	10	 sysNum: 	15001	 MissingNum: 	0	 36330.05833327935	 204223	 2	 Protocol_Missing: 35009	 0.0	 0.0	 0.0	 0.0	 0.0	 0.0	 0.0	 0.0	 
50010	50000	10	 sysNum: 	10000	 MissingNum: 	0	 30485.291666612295	 160015	 2	 Protocol_Missing: 40010	 0.0	 0.0	 0.0	 0.0	 0.0	 0.0	 0.0	 0.0	 
50010	50000	10	 sysNum: 	4999	 MissingNum: 	0	 20093.820833318638	 96148	 2	 Protocol_Missing: 45001	 0.0	 0.0	 0.0	 0.0	 0.0	 0.0	 0.0	 0.0	 
50010	50000	10	 sysNum: 	45009	 MissingNum: 	0	 51640.545833322234	 319007	 2	 Protocol_Missing: 5001	 0.0	 0.0	 0.0	 0.0	 0.0	 0.0	 0.0	 0.0	 
50010	50000	10	 sysNum: 	40008	 MissingNum: 	0	 50250.34583331846	 310640	 2	 Protocol_Missing: 10002	 0.0	 0.0	 0.0	 0.0	 0.0	 0.0	 0.0	 0.0	 
50010	50000	10	 sysNum: 	35007	 MissingNum: 	0	 48436.44166664658	 299422	 2	 Protocol_Missing: 15003	 0.0	 0.0	 0.0	 0.0	 0.0	 0.0	 0.0	 0.0	 
50010	50000	10	 sysNum: 	30006	 MissingNum: 	0	 46162.22916664003	 285182	 2	 Protocol_Missing: 20004	 0.0	 0.0	 0.0	 0.0	 0.0	 0.0	 0.0	 0.0	 
50010	50000	10	 sysNum: 	25005	 MissingNum: 	0	 42994.49583329748	 265608	 2	 Protocol_Missing: 25005	 0.0	 0.0	 0.0	 0.0	 0.0	 0.0	 0.0	 0.0	 
50010	50000	10	 sysNum: 	20004	 MissingNum: 	0	 39230.07083328903	 242287	 2	 Protocol_Missing: 30006	 0.0	 0.0	 0.0	 0.0	 0.0	 0.0	 0.0	 0.0	 
50010	50000	10	 sysNum: 	15001	 MissingNum: 	0	 36221.499999945685	 203697	 2	 Protocol_Missing: 35009	 0.0	 0.0	 0.0	 0.0	 0.0	 0.0	 0.0	 0.0	 
50010	50000	10	 sysNum: 	10000	 MissingNum: 	0	 30461.46249994566	 159640	 2	 Protocol_Missing: 40010	 0.0	 0.0	 0.0	 0.0	 0.0	 0.0	 0.0	 0.0	 
50010	50000	10	 sysNum: 	4999	 MissingNum: 	0	 20270.308333317997	 97388	 2	 Protocol_Missing: 45001	 0.0	 0.0	 0.0	 0.0	 0.0	 0.0	 0.0	 0.0	 
50010	50000	10	 sysNum: 	45009	 MissingNum: 	0	 51663.82083332225	 319419	 2	 Protocol_Missing: 5001	 0.0	 0.0	 0.0	 0.0	 0.0	 0.0	 0.0	 0.0	 
50010	50000	10	 sysNum: 	40008	 MissingNum: 	0	 50120.962499984715	 309655	 2	 Protocol_Missing: 10002	 0.0	 0.0	 0.0	 0.0	 0.0	 0.0	 0.0	 0.0	 
50010	50000	10	 sysNum: 	35007	 MissingNum: 	0	 48412.3791666465	 299044	 2	 Protocol_Missing: 15003	 0.0	 0.0	 0.0	 0.0	 0.0	 0.0	 0.0	 0.0	 
50010	50000	10	 sysNum: 	30006	 MissingNum: 	0	 46022.69583330639	 284386	 2	 Protocol_Missing: 20004	 0.0	 0.0	 0.0	 0.0	 0.0	 0.0	 0.0	 0.0	 
50010	50000	10	 sysNum: 	25005	 MissingNum: 	0	 43027.83333329771	 266217	 2	 Protocol_Missing: 25005	 0.0	 0.0	 0.0	 0.0	 0.0	 0.0	 0.0	 0.0	 
50010	50000	10	 sysNum: 	20004	 MissingNum: 	0	 39403.81666662288	 243443	 2	 Protocol_Missing: 30006	 0.0	 0.0	 0.0	 0.0	 0.0	 0.0	 0.0	 0.0	 
50010	50000	10	 sysNum: 	15001	 MissingNum: 	0	 36232.34999994578	 203569	 2	 Protocol_Missing: 35009	 0.0	 0.0	 0.0	 0.0	 0.0	 0.0	 0.0	 0.0	 
50010	50000	10	 sysNum: 	10000	 MissingNum: 	0	 30297.983333279604	 158681	 2	 Protocol_Missing: 40010	 0.0	 0.0	 0.0	 0.0	 0.0	 0.0	 0.0	 0.0	 
50010	50000	10	 sysNum: 	4999	 MissingNum: 	0	 20223.61249998483	 96960	 2	 Protocol_Missing: 45001	 0.0	 0.0	 0.0	 0.0	 0.0	 0.0	 0.0	 0.0	 
50010	50000	10	 sysNum: 	45009	 MissingNum: 	0	 51566.46249998874	 318473	 2	 Protocol_Missing: 5001	 0.0	 0.0	 0.0	 0.0	 0.0	 0.0	 0.0	 0.0	 
50010	50000	10	 sysNum: 	40008	 MissingNum: 	0	 50430.1874999855	 311565	 2	 Protocol_Missing: 10002	 0.0	 0.0	 0.0	 0.0	 0.0	 0.0	 0.0	 0.0	 
50010	50000	10	 sysNum: 	35007	 MissingNum: 	0	 48511.66249998019	 299869	 2	 Protocol_Missing: 15003	 0.0	 0.0	 0.0	 0.0	 0.0	 0.0	 0.0	 0.0	 
50010	50000	10	 sysNum: 	30006	 MissingNum: 	0	 46086.07499997317	 285063	 2	 Protocol_Missing: 20004	 0.0	 0.0	 0.0	 0.0	 0.0	 0.0	 0.0	 0.0	 
50010	50000	10	 sysNum: 	25005	 MissingNum: 	0	 43165.61666663131	 266579	 2	 Protocol_Missing: 25005	 0.0	 0.0	 0.0	 0.0	 0.0	 0.0	 0.0	 0.0	 
50010	50000	10	 sysNum: 	20004	 MissingNum: 	0	 39385.733333288714	 243158	 2	 Protocol_Missing: 30006	 0.0	 0.0	 0.0	 0.0	 0.0	 0.0	 0.0	 0.0	 
50010	50000	10	 sysNum: 	15001	 MissingNum: 	0	 36306.22916661265	 204329	 2	 Protocol_Missing: 35009	 0.0	 0.0	 0.0	 0.0	 0.0	 0.0	 0.0	 0.0	 
50010	50000	10	 sysNum: 	10000	 MissingNum: 	0	 30328.812499946176	 159165	 2	 Protocol_Missing: 40010	 0.0	 0.0	 0.0	 0.0	 0.0	 0.0	 0.0	 0.0	 
50010	50000	10	 sysNum: 	4999	 MissingNum: 	0	 20206.841666651584	 97167	 2	 Protocol_Missing: 45001	 0.0	 0.0	 0.0	 0.0	 0.0	 0.0	 0.0	 0.0	 
50010	50000	10	 sysNum: 	45009	 MissingNum: 	0	 51853.724999989376	 320779	 2	 Protocol_Missing: 5001	 0.0	 0.0	 0.0	 0.0	 0.0	 0.0	 0.0	 0.0	 
50010	50000	10	 sysNum: 	40008	 MissingNum: 	0	 50160.279166651424	 309990	 2	 Protocol_Missing: 10002	 0.0	 0.0	 0.0	 0.0	 0.0	 0.0	 0.0	 0.0	 
50010	50000	10	 sysNum: 	35007	 MissingNum: 	0	 48583.38333331362	 300402	 2	 Protocol_Missing: 15003	 0.0	 0.0	 0.0	 0.0	 0.0	 0.0	 0.0	 0.0	 
50010	50000	10	 sysNum: 	30006	 MissingNum: 	0	 46113.34583330656	 284786	 2	 Protocol_Missing: 20004	 0.0	 0.0	 0.0	 0.0	 0.0	 0.0	 0.0	 0.0	 
50010	50000	10	 sysNum: 	25005	 MissingNum: 	0	 43018.79166663096	 265812	 2	 Protocol_Missing: 25005	 0.0	 0.0	 0.0	 0.0	 0.0	 0.0	 0.0	 0.0	 
50010	50000	10	 sysNum: 	20004	 MissingNum: 	0	 39363.2458332894	 243322	 2	 Protocol_Missing: 30006	 0.0	 0.0	 0.0	 0.0	 0.0	 0.0	 0.0	 0.0	 
50010	50000	10	 sysNum: 	15001	 MissingNum: 	0	 36314.512499945915	 203945	 2	 Protocol_Missing: 35009	 0.0	 0.0	 0.0	 0.0	 0.0	 0.0	 0.0	 0.0	 
50010	50000	10	 sysNum: 	10000	 MissingNum: 	0	 30147.862499946797	 158022	 2	 Protocol_Missing: 40010	 0.0	 0.0	 0.0	 0.0	 0.0	 0.0	 0.0	 0.0	 
50010	50000	10	 sysNum: 	4999	 MissingNum: 	0	 20229.679166651473	 96862	 2	 Protocol_Missing: 45001	 0.0	 0.0	 0.0	 0.0	 0.0	 0.0	 0.0	 0.0	 
50010	50000	10	 sysNum: 	45009	 MissingNum: 	0	 51623.162499988845	 318933	 2	 Protocol_Missing: 5001	 0.0	 0.0	 0.0	 0.0	 0.0	 0.0	 0.0	 0.0	 
50010	50000	10	 sysNum: 	40008	 MissingNum: 	0	 50507.65416665232	 312351	 2	 Protocol_Missing: 10002	 0.0	 0.0	 0.0	 0.0	 0.0	 0.0	 0.0	 0.0	 
50010	50000	10	 sysNum: 	35007	 MissingNum: 	0	 48421.65416664648	 299129	 2	 Protocol_Missing: 15003	 0.0	 0.0	 0.0	 0.0	 0.0	 0.0	 0.0	 0.0	 
50010	50000	10	 sysNum: 	30006	 MissingNum: 	0	 45888.937499972664	 283467	 2	 Protocol_Missing: 20004	 0.0	 0.0	 0.0	 0.0	 0.0	 0.0	 0.0	 0.0	 
50010	50000	10	 sysNum: 	25005	 MissingNum: 	0	 43037.77916663099	 266162	 2	 Protocol_Missing: 25005	 0.0	 0.0	 0.0	 0.0	 0.0	 0.0	 0.0	 0.0	 
50010	50000	10	 sysNum: 	20004	 MissingNum: 	0	 39436.86249995614	 243507	 2	 Protocol_Missing: 30006	 0.0	 0.0	 0.0	 0.0	 0.0	 0.0	 0.0	 0.0	 
50010	50000	10	 sysNum: 	15001	 MissingNum: 	0	 36063.94166661198	 202487	 2	 Protocol_Missing: 35009	 0.0	 0.0	 0.0	 0.0	 0.0	 0.0	 0.0	 0.0	 
50010	50000	10	 sysNum: 	10000	 MissingNum: 	0	 30567.162499945283	 160396	 2	 Protocol_Missing: 40010	 0.0	 0.0	 0.0	 0.0	 0.0	 0.0	 0.0	 0.0	 
50010	50000	10	 sysNum: 	4999	 MissingNum: 	0	 20274.50833331802	 97272	 2	 Protocol_Missing: 45001	 0.0	 0.0	 0.0	 0.0	 0.0	 0.0	 0.0	 0.0	 
50010	50000	10	 sysNum: 	45009	 MissingNum: 	0	 51639.14583332222	 319151	 2	 Protocol_Missing: 5001	 0.0	 0.0	 0.0	 0.0	 0.0	 0.0	 0.0	 0.0	 
50010	50000	10	 sysNum: 	40008	 MissingNum: 	0	 50337.55416665188	 310939	 2	 Protocol_Missing: 10002	 0.0	 0.0	 0.0	 0.0	 0.0	 0.0	 0.0	 0.0	 
50010	50000	10	 sysNum: 	35007	 MissingNum: 	0	 48625.06249998046	 300794	 2	 Protocol_Missing: 15003	 0.0	 0.0	 0.0	 0.0	 0.0	 0.0	 0.0	 0.0	 
50010	50000	10	 sysNum: 	30006	 MissingNum: 	0	 46125.537499973216	 284837	 2	 Protocol_Missing: 20004	 0.0	 0.0	 0.0	 0.0	 0.0	 0.0	 0.0	 0.0	 
50010	50000	10	 sysNum: 	25005	 MissingNum: 	0	 43091.62083329784	 266308	 2	 Protocol_Missing: 25005	 0.0	 0.0	 0.0	 0.0	 0.0	 0.0	 0.0	 0.0	 
50010	50000	10	 sysNum: 	20004	 MissingNum: 	0	 39453.48749995613	 243776	 2	 Protocol_Missing: 30006	 0.0	 0.0	 0.0	 0.0	 0.0	 0.0	 0.0	 0.0	 
50010	50000	10	 sysNum: 	15001	 MissingNum: 	0	 36325.74166661267	 204204	 2	 Protocol_Missing: 35009	 0.0	 0.0	 0.0	 0.0	 0.0	 0.0	 0.0	 0.0	 
50010	50000	10	 sysNum: 	10000	 MissingNum: 	0	 30513.641666612162	 159928	 2	 Protocol_Missing: 40010	 0.0	 0.0	 0.0	 0.0	 0.0	 0.0	 0.0	 0.0	 
50010	50000	10	 sysNum: 	4999	 MissingNum: 	0	 20286.437499984608	 97533	 2	 Protocol_Missing: 45001	 0.0	 0.0	 0.0	 0.0	 0.0	 0.0	 0.0	 0.0	 
50010	50000	10	 sysNum: 	45009	 MissingNum: 	0	 51478.349999988466	 318046	 2	 Protocol_Missing: 5001	 0.0	 0.0	 0.0	 0.0	 0.0	 0.0	 0.0	 0.0	 
50010	50000	10	 sysNum: 	40008	 MissingNum: 	0	 50266.59166665175	 310541	 2	 Protocol_Missing: 10002	 0.0	 0.0	 0.0	 0.0	 0.0	 0.0	 0.0	 0.0	 
50010	50000	10	 sysNum: 	35007	 MissingNum: 	0	 48521.02499998016	 299891	 2	 Protocol_Missing: 15003	 0.0	 0.0	 0.0	 0.0	 0.0	 0.0	 0.0	 0.0	 
50010	50000	10	 sysNum: 	30006	 MissingNum: 	0	 46083.15833330657	 284839	 2	 Protocol_Missing: 20004	 0.0	 0.0	 0.0	 0.0	 0.0	 0.0	 0.0	 0.0	 
50010	50000	10	 sysNum: 	25005	 MissingNum: 	0	 43172.791666631354	 267306	 2	 Protocol_Missing: 25005	 0.0	 0.0	 0.0	 0.0	 0.0	 0.0	 0.0	 0.0	 
50010	50000	10	 sysNum: 	20004	 MissingNum: 	0	 39407.98749995609	 243678	 2	 Protocol_Missing: 30006	 0.0	 0.0	 0.0	 0.0	 0.0	 0.0	 0.0	 0.0	 
50010	50000	10	 sysNum: 	15001	 MissingNum: 	0	 36224.00833327907	 203827	 2	 Protocol_Missing: 35009	 0.0	 0.0	 0.0	 0.0	 0.0	 0.0	 0.0	 0.0	 
50010	50000	10	 sysNum: 	10000	 MissingNum: 	0	 30529.158333278774	 160164	 2	 Protocol_Missing: 40010	 0.0	 0.0	 0.0	 0.0	 0.0	 0.0	 0.0	 0.0	 
50010	50000	10	 sysNum: 	4999	 MissingNum: 	0	 20050.012499985532	 96329	 2	 Protocol_Missing: 45001	 0.0	 0.0	 0.0	 0.0	 0.0	 0.0	 0.0	 0.0	 
50010	50000	10	 sysNum: 	45009	 MissingNum: 	0	 51745.545833322496	 320227	 2	 Protocol_Missing: 5001	 0.0	 0.0	 0.0	 0.0	 0.0	 0.0	 0.0	 0.0	 
50010	50000	10	 sysNum: 	40008	 MissingNum: 	0	 50541.83749998581	 312690	 2	 Protocol_Missing: 10002	 0.0	 0.0	 0.0	 0.0	 0.0	 0.0	 0.0	 0.0	 
50010	50000	10	 sysNum: 	35007	 MissingNum: 	0	 48389.92083331312	 299061	 2	 Protocol_Missing: 15003	 0.0	 0.0	 0.0	 0.0	 0.0	 0.0	 0.0	 0.0	 
50010	50000	10	 sysNum: 	30006	 MissingNum: 	0	 46111.595833306565	 285185	 2	 Protocol_Missing: 20004	 0.0	 0.0	 0.0	 0.0	 0.0	 0.0	 0.0	 0.0	 
50010	50000	10	 sysNum: 	25005	 MissingNum: 	0	 43161.35833329804	 266693	 2	 Protocol_Missing: 25005	 0.0	 0.0	 0.0	 0.0	 0.0	 0.0	 0.0	 0.0	 
50010	50000	10	 sysNum: 	20004	 MissingNum: 	0	 39309.02499995585	 243051	 2	 Protocol_Missing: 30006	 0.0	 0.0	 0.0	 0.0	 0.0	 0.0	 0.0	 0.0	 
50010	50000	10	 sysNum: 	15001	 MissingNum: 	0	 36336.91249994605	 204344	 2	 Protocol_Missing: 35009	 0.0	 0.0	 0.0	 0.0	 0.0	 0.0	 0.0	 0.0	 
50010	50000	10	 sysNum: 	10000	 MissingNum: 	0	 30510.19999994555	 160223	 2	 Protocol_Missing: 40010	 0.0	 0.0	 0.0	 0.0	 0.0	 0.0	 0.0	 0.0	 
50010	50000	10	 sysNum: 	4999	 MissingNum: 	0	 20163.324999985045	 96559	 2	 Protocol_Missing: 45001	 0.0	 0.0	 0.0	 0.0	 0.0	 0.0	 0.0	 0.0	 
50010	50000	10	 sysNum: 	45009	 MissingNum: 	0	 51564.33333332195	 318808	 2	 Protocol_Missing: 5001	 0.0	 0.0	 0.0	 0.0	 0.0	 0.0	 0.0	 0.0	 
50010	50000	10	 sysNum: 	40008	 MissingNum: 	0	 50396.70416665208	 311680	 2	 Protocol_Missing: 10002	 0.0	 0.0	 0.0	 0.0	 0.0	 0.0	 0.0	 0.0	 
50010	50000	10	 sysNum: 	35007	 MissingNum: 	0	 48407.18749997981	 298997	 2	 Protocol_Missing: 15003	 0.0	 0.0	 0.0	 0.0	 0.0	 0.0	 0.0	 0.0	 
50010	50000	10	 sysNum: 	30006	 MissingNum: 	0	 45914.07916663938	 283365	 2	 Protocol_Missing: 20004	 0.0	 0.0	 0.0	 0.0	 0.0	 0.0	 0.0	 0.0	 
50010	50000	10	 sysNum: 	25005	 MissingNum: 	0	 42862.37083329722	 265265	 2	 Protocol_Missing: 25005	 0.0	 0.0	 0.0	 0.0	 0.0	 0.0	 0.0	 0.0	 
50010	50000	10	 sysNum: 	20004	 MissingNum: 	0	 39407.22916662287	 243890	 2	 Protocol_Missing: 30006	 0.0	 0.0	 0.0	 0.0	 0.0	 0.0	 0.0	 0.0	 
50010	50000	10	 sysNum: 	15001	 MissingNum: 	0	 36368.70416661273	 204222	 2	 Protocol_Missing: 35009	 0.0	 0.0	 0.0	 0.0	 0.0	 0.0	 0.0	 0.0	 
50010	50000	10	 sysNum: 	10000	 MissingNum: 	0	 30429.204166612446	 159287	 2	 Protocol_Missing: 40010	 0.0	 0.0	 0.0	 0.0	 0.0	 0.0	 0.0	 0.0	 
50010	50000	10	 sysNum: 	4999	 MissingNum: 	0	 20000.195833318965	 95663	 2	 Protocol_Missing: 45001	 0.0	 0.0	 0.0	 0.0	 0.0	 0.0	 0.0	 0.0	 
50010	50000	10	 sysNum: 	45009	 MissingNum: 	0	 51631.066666655555	 319107	 2	 Protocol_Missing: 5001	 0.0	 0.0	 0.0	 0.0	 0.0	 0.0	 0.0	 0.0	 
50010	50000	10	 sysNum: 	40008	 MissingNum: 	0	 50449.02916665223	 311905	 2	 Protocol_Missing: 10002	 0.0	 0.0	 0.0	 0.0	 0.0	 0.0	 0.0	 0.0	 
50010	50000	10	 sysNum: 	35007	 MissingNum: 	0	 48430.72499997983	 299503	 2	 Protocol_Missing: 15003	 0.0	 0.0	 0.0	 0.0	 0.0	 0.0	 0.0	 0.0	 
50010	50000	10	 sysNum: 	30006	 MissingNum: 	0	 46074.87499997312	 284958	 2	 Protocol_Missing: 20004	 0.0	 0.0	 0.0	 0.0	 0.0	 0.0	 0.0	 0.0	 
50010	50000	10	 sysNum: 	25005	 MissingNum: 	0	 43062.104166631034	 265818	 2	 Protocol_Missing: 25005	 0.0	 0.0	 0.0	 0.0	 0.0	 0.0	 0.0	 0.0	 
50010	50000	10	 sysNum: 	20004	 MissingNum: 	0	 39600.72083328963	 244880	 2	 Protocol_Missing: 30006	 0.0	 0.0	 0.0	 0.0	 0.0	 0.0	 0.0	 0.0	 
50010	50000	10	 sysNum: 	15001	 MissingNum: 	0	 36140.854166612145	 203334	 2	 Protocol_Missing: 35009	 0.0	 0.0	 0.0	 0.0	 0.0	 0.0	 0.0	 0.0	 
50010	50000	10	 sysNum: 	10000	 MissingNum: 	0	 30509.6749999455	 160346	 2	 Protocol_Missing: 40010	 0.0	 0.0	 0.0	 0.0	 0.0	 0.0	 0.0	 0.0	 
50010	50000	10	 sysNum: 	4999	 MissingNum: 	0	 20173.620833318317	 96866	 2	 Protocol_Missing: 45001	 0.0	 0.0	 0.0	 0.0	 0.0	 0.0	 0.0	 0.0	 
50010	50000	10	 sysNum: 	45009	 MissingNum: 	0	 51360.37083332147	 317340	 2	 Protocol_Missing: 5001	 0.0	 0.0	 0.0	 0.0	 0.0	 0.0	 0.0	 0.0	 
50010	50000	10	 sysNum: 	40008	 MissingNum: 	0	 50272.83333331843	 310624	 2	 Protocol_Missing: 10002	 0.0	 0.0	 0.0	 0.0	 0.0	 0.0	 0.0	 0.0	 
50010	50000	10	 sysNum: 	35007	 MissingNum: 	0	 48235.42499997934	 297992	 2	 Protocol_Missing: 15003	 0.0	 0.0	 0.0	 0.0	 0.0	 0.0	 0.0	 0.0	 
50010	50000	10	 sysNum: 	30006	 MissingNum: 	0	 45984.808333306166	 284306	 2	 Protocol_Missing: 20004	 0.0	 0.0	 0.0	 0.0	 0.0	 0.0	 0.0	 0.0	 
50010	50000	10	 sysNum: 	25005	 MissingNum: 	0	 42934.44166663071	 265249	 2	 Protocol_Missing: 25005	 0.0	 0.0	 0.0	 0.0	 0.0	 0.0	 0.0	 0.0	 
50010	50000	10	 sysNum: 	20004	 MissingNum: 	0	 39316.28749995563	 242637	 2	 Protocol_Missing: 30006	 0.0	 0.0	 0.0	 0.0	 0.0	 0.0	 0.0	 0.0	 
50010	50000	10	 sysNum: 	15001	 MissingNum: 	0	 36201.31666661226	 203163	 2	 Protocol_Missing: 35009	 0.0	 0.0	 0.0	 0.0	 0.0	 0.0	 0.0	 0.0	 
50010	50000	10	 sysNum: 	10000	 MissingNum: 	0	 30262.6624999464	 158473	 2	 Protocol_Missing: 40010	 0.0	 0.0	 0.0	 0.0	 0.0	 0.0	 0.0	 0.0	 
50010	50000	10	 sysNum: 	4999	 MissingNum: 	0	 20158.979166651734	 96869	 2	 Protocol_Missing: 45001	 0.0	 0.0	 0.0	 0.0	 0.0	 0.0	 0.0	 0.0	 
50010	50000	10	 sysNum: 	45009	 MissingNum: 	0	 51726.995833322464	 320123	 2	 Protocol_Missing: 5001	 0.0	 0.0	 0.0	 0.0	 0.0	 0.0	 0.0	 0.0	 
50010	50000	10	 sysNum: 	40008	 MissingNum: 	0	 50402.44999998539	 311396	 2	 Protocol_Missing: 10002	 0.0	 0.0	 0.0	 0.0	 0.0	 0.0	 0.0	 0.0	 
50010	50000	10	 sysNum: 	35007	 MissingNum: 	0	 48365.27499997973	 298789	 2	 Protocol_Missing: 15003	 0.0	 0.0	 0.0	 0.0	 0.0	 0.0	 0.0	 0.0	 
50010	50000	10	 sysNum: 	30006	 MissingNum: 	0	 45764.01666663893	 282606	 2	 Protocol_Missing: 20004	 0.0	 0.0	 0.0	 0.0	 0.0	 0.0	 0.0	 0.0	 
50010	50000	10	 sysNum: 	25005	 MissingNum: 	0	 43004.0333332976	 265685	 2	 Protocol_Missing: 25005	 0.0	 0.0	 0.0	 0.0	 0.0	 0.0	 0.0	 0.0	 
50010	50000	10	 sysNum: 	20004	 MissingNum: 	0	 39318.38749995551	 243042	 2	 Protocol_Missing: 30006	 0.0	 0.0	 0.0	 0.0	 0.0	 0.0	 0.0	 0.0	 
50010	50000	10	 sysNum: 	15001	 MissingNum: 	0	 36368.35416661275	 204375	 2	 Protocol_Missing: 35009	 0.0	 0.0	 0.0	 0.0	 0.0	 0.0	 0.0	 0.0	 
50010	50000	10	 sysNum: 	10000	 MissingNum: 	0	 30317.116666612903	 158652	 2	 Protocol_Missing: 40010	 0.0	 0.0	 0.0	 0.0	 0.0	 0.0	 0.0	 0.0	 
50010	50000	10	 sysNum: 	4999	 MissingNum: 	0	 20270.366666651295	 97378	 2	 Protocol_Missing: 45001	 0.0	 0.0	 0.0	 0.0	 0.0	 0.0	 0.0	 0.0	 
50010	50000	10	 sysNum: 	45009	 MissingNum: 	0	 51761.412499989114	 319717	 2	 Protocol_Missing: 5001	 0.0	 0.0	 0.0	 0.0	 0.0	 0.0	 0.0	 0.0	 
50010	50000	10	 sysNum: 	40008	 MissingNum: 	0	 50359.95416665203	 311559	 2	 Protocol_Missing: 10002	 0.0	 0.0	 0.0	 0.0	 0.0	 0.0	 0.0	 0.0	 
50010	50000	10	 sysNum: 	35007	 MissingNum: 	0	 48423.4624999798	 299436	 2	 Protocol_Missing: 15003	 0.0	 0.0	 0.0	 0.0	 0.0	 0.0	 0.0	 0.0	 
50010	50000	10	 sysNum: 	30006	 MissingNum: 	0	 45901.91666663921	 283657	 2	 Protocol_Missing: 20004	 0.0	 0.0	 0.0	 0.0	 0.0	 0.0	 0.0	 0.0	 
50010	50000	10	 sysNum: 	25005	 MissingNum: 	0	 42940.333333297436	 265359	 2	 Protocol_Missing: 25005	 0.0	 0.0	 0.0	 0.0	 0.0	 0.0	 0.0	 0.0	 
50010	50000	10	 sysNum: 	20004	 MissingNum: 	0	 39500.47499995559	 244141	 2	 Protocol_Missing: 30006	 0.0	 0.0	 0.0	 0.0	 0.0	 0.0	 0.0	 0.0	 
50010	50000	10	 sysNum: 	15001	 MissingNum: 	0	 36284.995833279216	 203924	 2	 Protocol_Missing: 35009	 0.0	 0.0	 0.0	 0.0	 0.0	 0.0	 0.0	 0.0	 
50010	50000	10	 sysNum: 	10000	 MissingNum: 	0	 30397.76249994593	 159394	 2	 Protocol_Missing: 40010	 0.0	 0.0	 0.0	 0.0	 0.0	 0.0	 0.0	 0.0	 
50010	50000	10	 sysNum: 	4999	 MissingNum: 	0	 20025.10416665228	 96172	 2	 Protocol_Missing: 45001	 0.0	 0.0	 0.0	 0.0	 0.0	 0.0	 0.0	 0.0	 
50010	50000	10	 sysNum: 	45009	 MissingNum: 	0	 51666.358333322314	 319110	 2	 Protocol_Missing: 5001	 0.0	 0.0	 0.0	 0.0	 0.0	 0.0	 0.0	 0.0	 
50010	50000	10	 sysNum: 	40008	 MissingNum: 	0	 50481.5499999857	 312097	 2	 Protocol_Missing: 10002	 0.0	 0.0	 0.0	 0.0	 0.0	 0.0	 0.0	 0.0	 
50010	50000	10	 sysNum: 	35007	 MissingNum: 	0	 48604.87916664712	 300379	 2	 Protocol_Missing: 15003	 0.0	 0.0	 0.0	 0.0	 0.0	 0.0	 0.0	 0.0	 
50010	50000	10	 sysNum: 	30006	 MissingNum: 	0	 46038.124999973115	 284694	 2	 Protocol_Missing: 20004	 0.0	 0.0	 0.0	 0.0	 0.0	 0.0	 0.0	 0.0	 
50010	50000	10	 sysNum: 	25005	 MissingNum: 	0	 43143.187499964624	 267000	 2	 Protocol_Missing: 25005	 0.0	 0.0	 0.0	 0.0	 0.0	 0.0	 0.0	 0.0	 
50010	50000	10	 sysNum: 	20004	 MissingNum: 	0	 39530.54583328891	 243897	 2	 Protocol_Missing: 30006	 0.0	 0.0	 0.0	 0.0	 0.0	 0.0	 0.0	 0.0	 
50010	50000	10	 sysNum: 	15001	 MissingNum: 	0	 36316.17499994593	 204104	 2	 Protocol_Missing: 35009	 0.0	 0.0	 0.0	 0.0	 0.0	 0.0	 0.0	 0.0	 
50010	50000	10	 sysNum: 	10000	 MissingNum: 	0	 30318.98333327958	 158966	 2	 Protocol_Missing: 40010	 0.0	 0.0	 0.0	 0.0	 0.0	 0.0	 0.0	 0.0	 
50010	50000	10	 sysNum: 	4999	 MissingNum: 	0	 20076.320833318758	 96427	 2	 Protocol_Missing: 45001	 0.0	 0.0	 0.0	 0.0	 0.0	 0.0	 0.0	 0.0	 
50010	50000	10	 sysNum: 	45009	 MissingNum: 	0	 51772.32083332251	 320142	 2	 Protocol_Missing: 5001	 0.0	 0.0	 0.0	 0.0	 0.0	 0.0	 0.0	 0.0	 
50010	50000	10	 sysNum: 	40008	 MissingNum: 	0	 50485.370833319015	 312233	 2	 Protocol_Missing: 10002	 0.0	 0.0	 0.0	 0.0	 0.0	 0.0	 0.0	 0.0	 
50010	50000	10	 sysNum: 	35007	 MissingNum: 	0	 48501.8916666468	 299488	 2	 Protocol_Missing: 15003	 0.0	 0.0	 0.0	 0.0	 0.0	 0.0	 0.0	 0.0	 
50010	50000	10	 sysNum: 	30006	 MissingNum: 	0	 45870.445833305894	 283025	 2	 Protocol_Missing: 20004	 0.0	 0.0	 0.0	 0.0	 0.0	 0.0	 0.0	 0.0	 
50010	50000	10	 sysNum: 	25005	 MissingNum: 	0	 42946.72083329737	 265459	 2	 Protocol_Missing: 25005	 0.0	 0.0	 0.0	 0.0	 0.0	 0.0	 0.0	 0.0	 
50010	50000	10	 sysNum: 	20004	 MissingNum: 	0	 39498.374999956206	 244380	 2	 Protocol_Missing: 30006	 0.0	 0.0	 0.0	 0.0	 0.0	 0.0	 0.0	 0.0	 
50010	50000	10	 sysNum: 	15001	 MissingNum: 	0	 36410.41249994625	 204802	 2	 Protocol_Missing: 35009	 0.0	 0.0	 0.0	 0.0	 0.0	 0.0	 0.0	 0.0	 
50010	50000	10	 sysNum: 	10000	 MissingNum: 	0	 30582.883333278598	 160539	 2	 Protocol_Missing: 40010	 0.0	 0.0	 0.0	 0.0	 0.0	 0.0	 0.0	 0.0	 
50010	50000	10	 sysNum: 	4999	 MissingNum: 	0	 20244.962499984733	 97063	 2	 Protocol_Missing: 45001	 0.0	 0.0	 0.0	 0.0	 0.0	 0.0	 0.0	 0.0	 
50010	50000	10	 sysNum: 	45009	 MissingNum: 	0	 51431.9749999883	 317585	 2	 Protocol_Missing: 5001	 0.0	 0.0	 0.0	 0.0	 0.0	 0.0	 0.0	 0.0	 
50010	50000	10	 sysNum: 	40008	 MissingNum: 	0	 50549.65416665252	 312766	 2	 Protocol_Missing: 10002	 0.0	 0.0	 0.0	 0.0	 0.0	 0.0	 0.0	 0.0	 
50010	50000	10	 sysNum: 	35007	 MissingNum: 	0	 48601.904166646986	 300493	 2	 Protocol_Missing: 15003	 0.0	 0.0	 0.0	 0.0	 0.0	 0.0	 0.0	 0.0	 
50010	50000	10	 sysNum: 	30006	 MissingNum: 	0	 45858.108333305885	 283039	 2	 Protocol_Missing: 20004	 0.0	 0.0	 0.0	 0.0	 0.0	 0.0	 0.0	 0.0	 
50010	50000	10	 sysNum: 	25005	 MissingNum: 	0	 42897.28333329727	 264910	 2	 Protocol_Missing: 25005	 0.0	 0.0	 0.0	 0.0	 0.0	 0.0	 0.0	 0.0	 
50010	50000	10	 sysNum: 	20004	 MissingNum: 	0	 39338.337499955625	 242859	 2	 Protocol_Missing: 30006	 0.0	 0.0	 0.0	 0.0	 0.0	 0.0	 0.0	 0.0	 
50010	50000	10	 sysNum: 	15001	 MissingNum: 	0	 36399.504166612955	 204676	 2	 Protocol_Missing: 35009	 0.0	 0.0	 0.0	 0.0	 0.0	 0.0	 0.0	 0.0	 
50010	50000	10	 sysNum: 	10000	 MissingNum: 	0	 30456.620833279096	 159634	 2	 Protocol_Missing: 40010	 0.0	 0.0	 0.0	 0.0	 0.0	 0.0	 0.0	 0.0	 
50010	50000	10	 sysNum: 	4999	 MissingNum: 	0	 20160.174999985073	 96745	 2	 Protocol_Missing: 45001	 0.0	 0.0	 0.0	 0.0	 0.0	 0.0	 0.0	 0.0	 
50010	50000	10	 sysNum: 	45009	 MissingNum: 	0	 51612.04999998879	 319038	 2	 Protocol_Missing: 5001	 0.0	 0.0	 0.0	 0.0	 0.0	 0.0	 0.0	 0.0	 
50010	50000	10	 sysNum: 	40008	 MissingNum: 	0	 50431.73333331892	 311958	 2	 Protocol_Missing: 10002	 0.0	 0.0	 0.0	 0.0	 0.0	 0.0	 0.0	 0.0	 
50010	50000	10	 sysNum: 	35007	 MissingNum: 	0	 48580.40833331372	 299999	 2	 Protocol_Missing: 15003	 0.0	 0.0	 0.0	 0.0	 0.0	 0.0	 0.0	 0.0	 
50010	50000	10	 sysNum: 	30006	 MissingNum: 	0	 45921.22499997274	 283610	 2	 Protocol_Missing: 20004	 0.0	 0.0	 0.0	 0.0	 0.0	 0.0	 0.0	 0.0	 
50010	50000	10	 sysNum: 	25005	 MissingNum: 	0	 43167.366666631315	 267059	 2	 Protocol_Missing: 25005	 0.0	 0.0	 0.0	 0.0	 0.0	 0.0	 0.0	 0.0	 
50010	50000	10	 sysNum: 	20004	 MissingNum: 	0	 39144.40833328875	 241288	 2	 Protocol_Missing: 30006	 0.0	 0.0	 0.0	 0.0	 0.0	 0.0	 0.0	 0.0	 
50010	50000	10	 sysNum: 	15001	 MissingNum: 	0	 36324.079166612726	 204300	 2	 Protocol_Missing: 35009	 0.0	 0.0	 0.0	 0.0	 0.0	 0.0	 0.0	 0.0	 
50010	50000	10	 sysNum: 	10000	 MissingNum: 	0	 30655.945833278318	 161140	 2	 Protocol_Missing: 40010	 0.0	 0.0	 0.0	 0.0	 0.0	 0.0	 0.0	 0.0	 
50010	50000	10	 sysNum: 	4999	 MissingNum: 	0	 20392.42916665085	 97789	 2	 Protocol_Missing: 45001	 0.0	 0.0	 0.0	 0.0	 0.0	 0.0	 0.0	 0.0	 
50010	50000	10	 sysNum: 	45009	 MissingNum: 	0	 51377.958333321454	 316986	 2	 Protocol_Missing: 5001	 0.0	 0.0	 0.0	 0.0	 0.0	 0.0	 0.0	 0.0	 
50010	50000	10	 sysNum: 	40008	 MissingNum: 	0	 50237.04583331838	 310383	 2	 Protocol_Missing: 10002	 0.0	 0.0	 0.0	 0.0	 0.0	 0.0	 0.0	 0.0	 
50010	50000	10	 sysNum: 	35007	 MissingNum: 	0	 48623.13749998042	 300694	 2	 Protocol_Missing: 15003	 0.0	 0.0	 0.0	 0.0	 0.0	 0.0	 0.0	 0.0	 
50010	50000	10	 sysNum: 	30006	 MissingNum: 	0	 46134.374999973326	 285354	 2	 Protocol_Missing: 20004	 0.0	 0.0	 0.0	 0.0	 0.0	 0.0	 0.0	 0.0	 
50010	50000	10	 sysNum: 	25005	 MissingNum: 	0	 42934.12083329737	 265335	 2	 Protocol_Missing: 25005	 0.0	 0.0	 0.0	 0.0	 0.0	 0.0	 0.0	 0.0	 
50010	50000	10	 sysNum: 	20004	 MissingNum: 	0	 39396.49583328939	 243675	 2	 Protocol_Missing: 30006	 0.0	 0.0	 0.0	 0.0	 0.0	 0.0	 0.0	 0.0	 
50010	50000	10	 sysNum: 	15001	 MissingNum: 	0	 36298.820833279235	 203480	 2	 Protocol_Missing: 35009	 0.0	 0.0	 0.0	 0.0	 0.0	 0.0	 0.0	 0.0	 
50010	50000	10	 sysNum: 	10000	 MissingNum: 	0	 30387.204166612642	 159508	 2	 Protocol_Missing: 40010	 0.0	 0.0	 0.0	 0.0	 0.0	 0.0	 0.0	 0.0	 
50010	50000	10	 sysNum: 	4999	 MissingNum: 	0	 20145.99999998512	 96628	 2	 Protocol_Missing: 45001	 0.0	 0.0	 0.0	 0.0	 0.0	 0.0	 0.0	 0.0	 
50010	50000	10	 sysNum: 	45009	 MissingNum: 	0	 51493.60416665508	 317964	 2	 Protocol_Missing: 5001	 0.0	 0.0	 0.0	 0.0	 0.0	 0.0	 0.0	 0.0	 
50010	50000	10	 sysNum: 	40008	 MissingNum: 	0	 50396.762499985336	 311752	 2	 Protocol_Missing: 10002	 0.0	 0.0	 0.0	 0.0	 0.0	 0.0	 0.0	 0.0	 
50010	50000	10	 sysNum: 	35007	 MissingNum: 	0	 48548.908333313535	 300031	 2	 Protocol_Missing: 15003	 0.0	 0.0	 0.0	 0.0	 0.0	 0.0	 0.0	 0.0	 
50010	50000	10	 sysNum: 	30006	 MissingNum: 	0	 45957.88749997286	 284046	 2	 Protocol_Missing: 20004	 0.0	 0.0	 0.0	 0.0	 0.0	 0.0	 0.0	 0.0	 
50010	50000	10	 sysNum: 	25005	 MissingNum: 	0	 43040.22916663093	 266110	 2	 Protocol_Missing: 25005	 0.0	 0.0	 0.0	 0.0	 0.0	 0.0	 0.0	 0.0	 
50010	50000	10	 sysNum: 	20004	 MissingNum: 	0	 39370.712499955654	 243199	 2	 Protocol_Missing: 30006	 0.0	 0.0	 0.0	 0.0	 0.0	 0.0	 0.0	 0.0	 
50010	50000	10	 sysNum: 	15001	 MissingNum: 	0	 36433.57083327976	 205181	 2	 Protocol_Missing: 35009	 0.0	 0.0	 0.0	 0.0	 0.0	 0.0	 0.0	 0.0	 
50010	50000	10	 sysNum: 	10000	 MissingNum: 	0	 30404.354166612637	 159615	 2	 Protocol_Missing: 40010	 0.0	 0.0	 0.0	 0.0	 0.0	 0.0	 0.0	 0.0	 
50010	50000	10	 sysNum: 	4999	 MissingNum: 	0	 20259.19583331801	 97216	 2	 Protocol_Missing: 45001	 0.0	 0.0	 0.0	 0.0	 0.0	 0.0	 0.0	 0.0	 
50010	50000	10	 sysNum: 	45009	 MissingNum: 	0	 51531.14166665528	 318649	 2	 Protocol_Missing: 5001	 0.0	 0.0	 0.0	 0.0	 0.0	 0.0	 0.0	 0.0	 
50010	50000	10	 sysNum: 	40008	 MissingNum: 	0	 50479.77083331898	 311827	 2	 Protocol_Missing: 10002	 0.0	 0.0	 0.0	 0.0	 0.0	 0.0	 0.0	 0.0	 
50010	50000	10	 sysNum: 	35007	 MissingNum: 	0	 48357.516666646334	 298608	 2	 Protocol_Missing: 15003	 0.0	 0.0	 0.0	 0.0	 0.0	 0.0	 0.0	 0.0	 
50010	50000	10	 sysNum: 	30006	 MissingNum: 	0	 46116.99166663989	 285149	 2	 Protocol_Missing: 20004	 0.0	 0.0	 0.0	 0.0	 0.0	 0.0	 0.0	 0.0	 
50010	50000	10	 sysNum: 	25005	 MissingNum: 	0	 43105.97083329788	 266273	 2	 Protocol_Missing: 25005	 0.0	 0.0	 0.0	 0.0	 0.0	 0.0	 0.0	 0.0	 
50010	50000	10	 sysNum: 	20004	 MissingNum: 	0	 39341.749999956	 243328	 2	 Protocol_Missing: 30006	 0.0	 0.0	 0.0	 0.0	 0.0	 0.0	 0.0	 0.0	 
50010	50000	10	 sysNum: 	15001	 MissingNum: 	0	 36379.466666612854	 204450	 2	 Protocol_Missing: 35009	 0.0	 0.0	 0.0	 0.0	 0.0	 0.0	 0.0	 0.0	 
50010	50000	10	 sysNum: 	10000	 MissingNum: 	0	 30281.27083327969	 158523	 2	 Protocol_Missing: 40010	 0.0	 0.0	 0.0	 0.0	 0.0	 0.0	 0.0	 0.0	 
50010	50000	10	 sysNum: 	4999	 MissingNum: 	0	 20001.30416665231	 95718	 2	 Protocol_Missing: 45001	 0.0	 0.0	 0.0	 0.0	 0.0	 0.0	 0.0	 0.0	 
50010	50000	10	 sysNum: 	45009	 MissingNum: 	0	 51664.78333332228	 319248	 2	 Protocol_Missing: 5001	 0.0	 0.0	 0.0	 0.0	 0.0	 0.0	 0.0	 0.0	 
50010	50000	10	 sysNum: 	40008	 MissingNum: 	0	 50514.56666665232	 312612	 2	 Protocol_Missing: 10002	 0.0	 0.0	 0.0	 0.0	 0.0	 0.0	 0.0	 0.0	 
50010	50000	10	 sysNum: 	35007	 MissingNum: 	0	 48776.43749998078	 301763	 2	 Protocol_Missing: 15003	 0.0	 0.0	 0.0	 0.0	 0.0	 0.0	 0.0	 0.0	 
50010	50000	10	 sysNum: 	30006	 MissingNum: 	0	 46166.079166640026	 285443	 2	 Protocol_Missing: 20004	 0.0	 0.0	 0.0	 0.0	 0.0	 0.0	 0.0	 0.0	 
50010	50000	10	 sysNum: 	25005	 MissingNum: 	0	 42946.51666663079	 265357	 2	 Protocol_Missing: 25005	 0.0	 0.0	 0.0	 0.0	 0.0	 0.0	 0.0	 0.0	 
50010	50000	10	 sysNum: 	20004	 MissingNum: 	0	 39337.46249995592	 243096	 2	 Protocol_Missing: 30006	 0.0	 0.0	 0.0	 0.0	 0.0	 0.0	 0.0	 0.0	 
50010	50000	10	 sysNum: 	15001	 MissingNum: 	0	 36334.11249994608	 203772	 2	 Protocol_Missing: 35009	 0.0	 0.0	 0.0	 0.0	 0.0	 0.0	 0.0	 0.0	 
50010	50000	10	 sysNum: 	10000	 MissingNum: 	0	 30441.774999945814	 159623	 2	 Protocol_Missing: 40010	 0.0	 0.0	 0.0	 0.0	 0.0	 0.0	 0.0	 0.0	 
50010	50000	10	 sysNum: 	4999	 MissingNum: 	0	 20179.54166665167	 96911	 2	 Protocol_Missing: 45001	 0.0	 0.0	 0.0	 0.0	 0.0	 0.0	 0.0	 0.0	 
50010	50000	10	 sysNum: 	45009	 MissingNum: 	0	 51525.59999998852	 318488	 2	 Protocol_Missing: 5001	 0.0	 0.0	 0.0	 0.0	 0.0	 0.0	 0.0	 0.0	 
50010	50000	10	 sysNum: 	40008	 MissingNum: 	0	 50412.658333318745	 311605	 2	 Protocol_Missing: 10002	 0.0	 0.0	 0.0	 0.0	 0.0	 0.0	 0.0	 0.0	 
50010	50000	10	 sysNum: 	35007	 MissingNum: 	0	 48746.07499998064	 301407	 2	 Protocol_Missing: 15003	 0.0	 0.0	 0.0	 0.0	 0.0	 0.0	 0.0	 0.0	 
50010	50000	10	 sysNum: 	30006	 MissingNum: 	0	 46049.32499997303	 284636	 2	 Protocol_Missing: 20004	 0.0	 0.0	 0.0	 0.0	 0.0	 0.0	 0.0	 0.0	 
50010	50000	10	 sysNum: 	25005	 MissingNum: 	0	 42914.19999996392	 265682	 2	 Protocol_Missing: 25005	 0.0	 0.0	 0.0	 0.0	 0.0	 0.0	 0.0	 0.0	 
50010	50000	10	 sysNum: 	20004	 MissingNum: 	0	 39291.05833328902	 242474	 2	 Protocol_Missing: 30006	 0.0	 0.0	 0.0	 0.0	 0.0	 0.0	 0.0	 0.0	 
50010	50000	10	 sysNum: 	15001	 MissingNum: 	0	 36133.1249999454	 202780	 2	 Protocol_Missing: 35009	 0.0	 0.0	 0.0	 0.0	 0.0	 0.0	 0.0	 0.0	 
50010	50000	10	 sysNum: 	10000	 MissingNum: 	0	 30410.158333279203	 159263	 2	 Protocol_Missing: 40010	 0.0	 0.0	 0.0	 0.0	 0.0	 0.0	 0.0	 0.0	 
50010	50000	10	 sysNum: 	4999	 MissingNum: 	0	 20362.474999984286	 97794	 2	 Protocol_Missing: 45001	 0.0	 0.0	 0.0	 0.0	 0.0	 0.0	 0.0	 0.0	 
50010	50000	10	 sysNum: 	45009	 MissingNum: 	0	 51402.42916665492	 317728	 2	 Protocol_Missing: 5001	 0.0	 0.0	 0.0	 0.0	 0.0	 0.0	 0.0	 0.0	 
50010	50000	10	 sysNum: 	40008	 MissingNum: 	0	 50535.5666666524	 312380	 2	 Protocol_Missing: 10002	 0.0	 0.0	 0.0	 0.0	 0.0	 0.0	 0.0	 0.0	 
50010	50000	10	 sysNum: 	35007	 MissingNum: 	0	 48280.5458333128	 298264	 2	 Protocol_Missing: 15003	 0.0	 0.0	 0.0	 0.0	 0.0	 0.0	 0.0	 0.0	 
50010	50000	10	 sysNum: 	30006	 MissingNum: 	0	 46076.099999973005	 284410	 2	 Protocol_Missing: 20004	 0.0	 0.0	 0.0	 0.0	 0.0	 0.0	 0.0	 0.0	 
50010	50000	10	 sysNum: 	25005	 MissingNum: 	0	 42898.07083329728	 264988	 2	 Protocol_Missing: 25005	 0.0	 0.0	 0.0	 0.0	 0.0	 0.0	 0.0	 0.0	 
50010	50000	10	 sysNum: 	20004	 MissingNum: 	0	 39302.19999995595	 243218	 2	 Protocol_Missing: 30006	 0.0	 0.0	 0.0	 0.0	 0.0	 0.0	 0.0	 0.0	 
50010	50000	10	 sysNum: 	15001	 MissingNum: 	0	 36167.16249994548	 202815	 2	 Protocol_Missing: 35009	 0.0	 0.0	 0.0	 0.0	 0.0	 0.0	 0.0	 0.0	 
50010	50000	10	 sysNum: 	10000	 MissingNum: 	0	 30410.624999945903	 159704	 2	 Protocol_Missing: 40010	 0.0	 0.0	 0.0	 0.0	 0.0	 0.0	 0.0	 0.0	 
50010	50000	10	 sysNum: 	4999	 MissingNum: 	0	 20044.937499985514	 96245	 2	 Protocol_Missing: 45001	 0.0	 0.0	 0.0	 0.0	 0.0	 0.0	 0.0	 0.0	 
50010	50000	10	 sysNum: 	45009	 MissingNum: 	0	 51991.39166665647	 321737	 2	 Protocol_Missing: 5001	 0.0	 0.0	 0.0	 0.0	 0.0	 0.0	 0.0	 0.0	 
50010	50000	10	 sysNum: 	40008	 MissingNum: 	0	 50384.833333318755	 311404	 2	 Protocol_Missing: 10002	 0.0	 0.0	 0.0	 0.0	 0.0	 0.0	 0.0	 0.0	 
50010	50000	10	 sysNum: 	35007	 MissingNum: 	0	 48235.2208333127	 297854	 2	 Protocol_Missing: 15003	 0.0	 0.0	 0.0	 0.0	 0.0	 0.0	 0.0	 0.0	 
50010	50000	10	 sysNum: 	30006	 MissingNum: 	0	 46078.66666663982	 284809	 2	 Protocol_Missing: 20004	 0.0	 0.0	 0.0	 0.0	 0.0	 0.0	 0.0	 0.0	 
50010	50000	10	 sysNum: 	25005	 MissingNum: 	0	 43084.970833297775	 266607	 2	 Protocol_Missing: 25005	 0.0	 0.0	 0.0	 0.0	 0.0	 0.0	 0.0	 0.0	 
50010	50000	10	 sysNum: 	20004	 MissingNum: 	0	 39498.28749995642	 244134	 2	 Protocol_Missing: 30006	 0.0	 0.0	 0.0	 0.0	 0.0	 0.0	 0.0	 0.0	 
50010	50000	10	 sysNum: 	15001	 MissingNum: 	0	 36168.1541666122	 203029	 2	 Protocol_Missing: 35009	 0.0	 0.0	 0.0	 0.0	 0.0	 0.0	 0.0	 0.0	 
50010	50000	10	 sysNum: 	10000	 MissingNum: 	0	 30287.979166613004	 158379	 2	 Protocol_Missing: 40010	 0.0	 0.0	 0.0	 0.0	 0.0	 0.0	 0.0	 0.0	 
50010	50000	10	 sysNum: 	4999	 MissingNum: 	0	 20248.63749998473	 97257	 2	 Protocol_Missing: 45001	 0.0	 0.0	 0.0	 0.0	 0.0	 0.0	 0.0	 0.0	 
50010	50000	10	 sysNum: 	45009	 MissingNum: 	0	 51615.05416665546	 319192	 2	 Protocol_Missing: 5001	 0.0	 0.0	 0.0	 0.0	 0.0	 0.0	 0.0	 0.0	 
50010	50000	10	 sysNum: 	40008	 MissingNum: 	0	 50359.691666652005	 311234	 2	 Protocol_Missing: 10002	 0.0	 0.0	 0.0	 0.0	 0.0	 0.0	 0.0	 0.0	 
50010	50000	10	 sysNum: 	35007	 MissingNum: 	0	 48575.945833313606	 300526	 2	 Protocol_Missing: 15003	 0.0	 0.0	 0.0	 0.0	 0.0	 0.0	 0.0	 0.0	 
50010	50000	10	 sysNum: 	30006	 MissingNum: 	0	 45881.966666639295	 283415	 2	 Protocol_Missing: 20004	 0.0	 0.0	 0.0	 0.0	 0.0	 0.0	 0.0	 0.0	 
50010	50000	10	 sysNum: 	25005	 MissingNum: 	0	 42957.59999996411	 265470	 2	 Protocol_Missing: 25005	 0.0	 0.0	 0.0	 0.0	 0.0	 0.0	 0.0	 0.0	 
50010	50000	10	 sysNum: 	20004	 MissingNum: 	0	 39549.591666622946	 244582	 2	 Protocol_Missing: 30006	 0.0	 0.0	 0.0	 0.0	 0.0	 0.0	 0.0	 0.0	 
50010	50000	10	 sysNum: 	15001	 MissingNum: 	0	 36186.73333327893	 203326	 2	 Protocol_Missing: 35009	 0.0	 0.0	 0.0	 0.0	 0.0	 0.0	 0.0	 0.0	 
50010	50000	10	 sysNum: 	10000	 MissingNum: 	0	 30420.395833279224	 159638	 2	 Protocol_Missing: 40010	 0.0	 0.0	 0.0	 0.0	 0.0	 0.0	 0.0	 0.0	 
50010	50000	10	 sysNum: 	4999	 MissingNum: 	0	 20154.34166665178	 96926	 2	 Protocol_Missing: 45001	 0.0	 0.0	 0.0	 0.0	 0.0	 0.0	 0.0	 0.0	 
50010	50000	10	 sysNum: 	45009	 MissingNum: 	0	 51456.09583332181	 317936	 2	 Protocol_Missing: 5001	 0.0	 0.0	 0.0	 0.0	 0.0	 0.0	 0.0	 0.0	 
50010	50000	10	 sysNum: 	40008	 MissingNum: 	0	 50448.766666652285	 312049	 2	 Protocol_Missing: 10002	 0.0	 0.0	 0.0	 0.0	 0.0	 0.0	 0.0	 0.0	 
50010	50000	10	 sysNum: 	35007	 MissingNum: 	0	 48321.40833331293	 298701	 2	 Protocol_Missing: 15003	 0.0	 0.0	 0.0	 0.0	 0.0	 0.0	 0.0	 0.0	 
50010	50000	10	 sysNum: 	30006	 MissingNum: 	0	 45976.75833330625	 284229	 2	 Protocol_Missing: 20004	 0.0	 0.0	 0.0	 0.0	 0.0	 0.0	 0.0	 0.0	 
50010	50000	10	 sysNum: 	25005	 MissingNum: 	0	 42878.7333332973	 264772	 2	 Protocol_Missing: 25005	 0.0	 0.0	 0.0	 0.0	 0.0	 0.0	 0.0	 0.0	 
50010	50000	10	 sysNum: 	20004	 MissingNum: 	0	 39428.229166622325	 243964	 2	 Protocol_Missing: 30006	 0.0	 0.0	 0.0	 0.0	 0.0	 0.0	 0.0	 0.0	 
50010	50000	10	 sysNum: 	15001	 MissingNum: 	0	 36152.666666612095	 202913	 2	 Protocol_Missing: 35009	 0.0	 0.0	 0.0	 0.0	 0.0	 0.0	 0.0	 0.0	 
50010	50000	10	 sysNum: 	10000	 MissingNum: 	0	 30454.17083327907	 159555	 2	 Protocol_Missing: 40010	 0.0	 0.0	 0.0	 0.0	 0.0	 0.0	 0.0	 0.0	 
50010	50000	10	 sysNum: 	4999	 MissingNum: 	0	 20319.424999984374	 97450	 2	 Protocol_Missing: 45001	 0.0	 0.0	 0.0	 0.0	 0.0	 0.0	 0.0	 0.0	 
50010	50000	10	 sysNum: 	45009	 MissingNum: 	0	 51622.37499998878	 319018	 2	 Protocol_Missing: 5001	 0.0	 0.0	 0.0	 0.0	 0.0	 0.0	 0.0	 0.0	 
50010	50000	10	 sysNum: 	40008	 MissingNum: 	0	 50303.22499998513	 310918	 2	 Protocol_Missing: 10002	 0.0	 0.0	 0.0	 0.0	 0.0	 0.0	 0.0	 0.0	 
50010	50000	10	 sysNum: 	35007	 MissingNum: 	0	 48400.42083331314	 299217	 2	 Protocol_Missing: 15003	 0.0	 0.0	 0.0	 0.0	 0.0	 0.0	 0.0	 0.0	 
50010	50000	10	 sysNum: 	30006	 MissingNum: 	0	 46039.34999997301	 284578	 2	 Protocol_Missing: 20004	 0.0	 0.0	 0.0	 0.0	 0.0	 0.0	 0.0	 0.0	 
50010	50000	10	 sysNum: 	25005	 MissingNum: 	0	 43032.52916663093	 265688	 2	 Protocol_Missing: 25005	 0.0	 0.0	 0.0	 0.0	 0.0	 0.0	 0.0	 0.0	 
50010	50000	10	 sysNum: 	20004	 MissingNum: 	0	 39543.3791666222	 244150	 2	 Protocol_Missing: 30006	 0.0	 0.0	 0.0	 0.0	 0.0	 0.0	 0.0	 0.0	 
50010	50000	10	 sysNum: 	15001	 MissingNum: 	0	 36398.424999946204	 204442	 2	 Protocol_Missing: 35009	 0.0	 0.0	 0.0	 0.0	 0.0	 0.0	 0.0	 0.0	 
50010	50000	10	 sysNum: 	10000	 MissingNum: 	0	 30563.837499945323	 160634	 2	 Protocol_Missing: 40010	 0.0	 0.0	 0.0	 0.0	 0.0	 0.0	 0.0	 0.0	 
50010	50000	10	 sysNum: 	4999	 MissingNum: 	0	 20410.920833317414	 98134	 2	 Protocol_Missing: 45001	 0.0	 0.0	 0.0	 0.0	 0.0	 0.0	 0.0	 0.0	 
