50010	50000	10	 sysNum: 	45009	 MissingNum: 	0	 30056.316666649083	 199288	 2	 Protocol_Missing: 5001	 0.0	 0.0	 0.0	 0.0	 0.0	 0.0	 0.0	 0.0	 
50010	50000	10	 sysNum: 	40008	 MissingNum: 	0	 30058.999999982225	 199656	 2	 Protocol_Missing: 10002	 0.0	 0.0	 0.0	 0.0	 0.0	 0.0	 0.0	 0.0	 
50010	50000	10	 sysNum: 	35007	 MissingNum: 	0	 30069.566666649134	 199372	 2	 Protocol_Missing: 15003	 0.0	 0.0	 0.0	 0.0	 0.0	 0.0	 0.0	 0.0	 
50010	50000	10	 sysNum: 	30006	 MissingNum: 	0	 30007.79166664946	 198130	 2	 Protocol_Missing: 20004	 0.0	 0.0	 0.0	 0.0	 0.0	 0.0	 0.0	 0.0	 
50010	50000	10	 sysNum: 	25005	 MissingNum: 	0	 29995.099999982798	 197958	 2	 Protocol_Missing: 25005	 0.0	 0.0	 0.0	 0.0	 0.0	 0.0	 0.0	 0.0	 
50010	50000	10	 sysNum: 	20004	 MissingNum: 	0	 29994.999999982898	 197982	 2	 Protocol_Missing: 30006	 0.0	 0.0	 0.0	 0.0	 0.0	 0.0	 0.0	 0.0	 
50010	50000	10	 sysNum: 	15001	 MissingNum: 	0	 29986.183333316367	 197132	 2	 Protocol_Missing: 35009	 0.0	 0.0	 0.0	 0.0	 0.0	 0.0	 0.0	 0.0	 
50010	50000	10	 sysNum: 	10000	 MissingNum: 	0	 29995.49166664963	 197452	 2	 Protocol_Missing: 40010	 0.0	 0.0	 0.0	 0.0	 0.0	 0.0	 0.0	 0.0	 
50010	50000	10	 sysNum: 	4999	 MissingNum: 	0	 30010.641666649604	 198388	 2	 Protocol_Missing: 45001	 0.0	 0.0	 0.0	 0.0	 0.0	 0.0	 0.0	 0.0	 
50010	50000	10	 sysNum: 	45009	 MissingNum: 	0	 30019.424999982766	 198384	 2	 Protocol_Missing: 5001	 0.0	 0.0	 0.0	 0.0	 0.0	 0.0	 0.0	 0.0	 
50010	50000	10	 sysNum: 	40008	 MissingNum: 	0	 30007.799999982748	 198300	 2	 Protocol_Missing: 10002	 0.0	 0.0	 0.0	 0.0	 0.0	 0.0	 0.0	 0.0	 
50010	50000	10	 sysNum: 	35007	 MissingNum: 	0	 29979.699999982964	 197088	 2	 Protocol_Missing: 15003	 0.0	 0.0	 0.0	 0.0	 0.0	 0.0	 0.0	 0.0	 
50010	50000	10	 sysNum: 	30006	 MissingNum: 	0	 30012.399999982805	 197916	 2	 Protocol_Missing: 20004	 0.0	 0.0	 0.0	 0.0	 0.0	 0.0	 0.0	 0.0	 
50010	50000	10	 sysNum: 	25005	 MissingNum: 	0	 29992.899999982747	 197736	 2	 Protocol_Missing: 25005	 0.0	 0.0	 0.0	 0.0	 0.0	 0.0	 0.0	 0.0	 
50010	50000	10	 sysNum: 	20004	 MissingNum: 	0	 29984.849999982795	 197286	 2	 Protocol_Missing: 30006	 0.0	 0.0	 0.0	 0.0	 0.0	 0.0	 0.0	 0.0	 
50010	50000	10	 sysNum: 	15001	 MissingNum: 	0	 30021.13333331598	 198200	 2	 Protocol_Missing: 35009	 0.0	 0.0	 0.0	 0.0	 0.0	 0.0	 0.0	 0.0	 
50010	50000	10	 sysNum: 	10000	 MissingNum: 	0	 30033.416666649056	 198448	 2	 Protocol_Missing: 40010	 0.0	 0.0	 0.0	 0.0	 0.0	 0.0	 0.0	 0.0	 
50010	50000	10	 sysNum: 	4999	 MissingNum: 	0	 30045.93333331586	 199238	 2	 Protocol_Missing: 45001	 0.0	 0.0	 0.0	 0.0	 0.0	 0.0	 0.0	 0.0	 
50010	50000	10	 sysNum: 	45009	 MissingNum: 	0	 30003.899999983063	 197856	 2	 Protocol_Missing: 5001	 0.0	 0.0	 0.0	 0.0	 0.0	 0.0	 0.0	 0.0	 
50010	50000	10	 sysNum: 	40008	 MissingNum: 	0	 30001.649999982732	 197652	 2	 Protocol_Missing: 10002	 0.0	 0.0	 0.0	 0.0	 0.0	 0.0	 0.0	 0.0	 
50010	50000	10	 sysNum: 	35007	 MissingNum: 	0	 30021.60833331601	 198152	 2	 Protocol_Missing: 15003	 0.0	 0.0	 0.0	 0.0	 0.0	 0.0	 0.0	 0.0	 
50010	50000	10	 sysNum: 	30006	 MissingNum: 	0	 30008.79166664943	 198358	 2	 Protocol_Missing: 20004	 0.0	 0.0	 0.0	 0.0	 0.0	 0.0	 0.0	 0.0	 
50010	50000	10	 sysNum: 	25005	 MissingNum: 	0	 30062.69166664896	 199564	 2	 Protocol_Missing: 25005	 0.0	 0.0	 0.0	 0.0	 0.0	 0.0	 0.0	 0.0	 
50010	50000	10	 sysNum: 	20004	 MissingNum: 	0	 30029.69999998258	 198270	 2	 Protocol_Missing: 30006	 0.0	 0.0	 0.0	 0.0	 0.0	 0.0	 0.0	 0.0	 
50010	50000	10	 sysNum: 	15001	 MissingNum: 	0	 30044.591666649234	 198796	 2	 Protocol_Missing: 35009	 0.0	 0.0	 0.0	 0.0	 0.0	 0.0	 0.0	 0.0	 
50010	50000	10	 sysNum: 	10000	 MissingNum: 	0	 29966.933333316792	 196526	 2	 Protocol_Missing: 40010	 0.0	 0.0	 0.0	 0.0	 0.0	 0.0	 0.0	 0.0	 
50010	50000	10	 sysNum: 	4999	 MissingNum: 	0	 30062.00833331578	 199526	 2	 Protocol_Missing: 45001	 0.0	 0.0	 0.0	 0.0	 0.0	 0.0	 0.0	 0.0	 
50010	50000	10	 sysNum: 	45009	 MissingNum: 	0	 30006.083333316088	 197978	 2	 Protocol_Missing: 5001	 0.0	 0.0	 0.0	 0.0	 0.0	 0.0	 0.0	 0.0	 
50010	50000	10	 sysNum: 	40008	 MissingNum: 	0	 30018.924999983024	 198072	 2	 Protocol_Missing: 10002	 0.0	 0.0	 0.0	 0.0	 0.0	 0.0	 0.0	 0.0	 
50010	50000	10	 sysNum: 	35007	 MissingNum: 	0	 30011.091666649496	 197824	 2	 Protocol_Missing: 15003	 0.0	 0.0	 0.0	 0.0	 0.0	 0.0	 0.0	 0.0	 
50010	50000	10	 sysNum: 	30006	 MissingNum: 	0	 30033.708333315826	 198470	 2	 Protocol_Missing: 20004	 0.0	 0.0	 0.0	 0.0	 0.0	 0.0	 0.0	 0.0	 
50010	50000	10	 sysNum: 	25005	 MissingNum: 	0	 30022.724999982434	 198330	 2	 Protocol_Missing: 25005	 0.0	 0.0	 0.0	 0.0	 0.0	 0.0	 0.0	 0.0	 
50010	50000	10	 sysNum: 	20004	 MissingNum: 	0	 30059.208333315702	 199598	 2	 Protocol_Missing: 30006	 0.0	 0.0	 0.0	 0.0	 0.0	 0.0	 0.0	 0.0	 
50010	50000	10	 sysNum: 	15001	 MissingNum: 	0	 30035.83333331619	 198602	 2	 Protocol_Missing: 35009	 0.0	 0.0	 0.0	 0.0	 0.0	 0.0	 0.0	 0.0	 
50010	50000	10	 sysNum: 	10000	 MissingNum: 	0	 30026.724999982966	 198732	 2	 Protocol_Missing: 40010	 0.0	 0.0	 0.0	 0.0	 0.0	 0.0	 0.0	 0.0	 
50010	50000	10	 sysNum: 	4999	 MissingNum: 	0	 30007.158333316256	 197894	 2	 Protocol_Missing: 45001	 0.0	 0.0	 0.0	 0.0	 0.0	 0.0	 0.0	 0.0	 
50010	50000	10	 sysNum: 	45009	 MissingNum: 	0	 30035.4416666492	 198682	 2	 Protocol_Missing: 5001	 0.0	 0.0	 0.0	 0.0	 0.0	 0.0	 0.0	 0.0	 
50010	50000	10	 sysNum: 	40008	 MissingNum: 	0	 30005.991666649283	 198100	 2	 Protocol_Missing: 10002	 0.0	 0.0	 0.0	 0.0	 0.0	 0.0	 0.0	 0.0	 
50010	50000	10	 sysNum: 	35007	 MissingNum: 	0	 30016.7499999823	 198294	 2	 Protocol_Missing: 15003	 0.0	 0.0	 0.0	 0.0	 0.0	 0.0	 0.0	 0.0	 
50010	50000	10	 sysNum: 	30006	 MissingNum: 	0	 30020.291666649315	 198400	 2	 Protocol_Missing: 20004	 0.0	 0.0	 0.0	 0.0	 0.0	 0.0	 0.0	 0.0	 
50010	50000	10	 sysNum: 	25005	 MissingNum: 	0	 30047.77499998252	 198876	 2	 Protocol_Missing: 25005	 0.0	 0.0	 0.0	 0.0	 0.0	 0.0	 0.0	 0.0	 
50010	50000	10	 sysNum: 	20004	 MissingNum: 	0	 29987.833333316416	 197126	 2	 Protocol_Missing: 30006	 0.0	 0.0	 0.0	 0.0	 0.0	 0.0	 0.0	 0.0	 
50010	50000	10	 sysNum: 	15001	 MissingNum: 	0	 30016.374999982792	 198294	 2	 Protocol_Missing: 35009	 0.0	 0.0	 0.0	 0.0	 0.0	 0.0	 0.0	 0.0	 
50010	50000	10	 sysNum: 	10000	 MissingNum: 	0	 29977.408333316314	 197102	 2	 Protocol_Missing: 40010	 0.0	 0.0	 0.0	 0.0	 0.0	 0.0	 0.0	 0.0	 
50010	50000	10	 sysNum: 	4999	 MissingNum: 	0	 30033.233333315773	 198590	 2	 Protocol_Missing: 45001	 0.0	 0.0	 0.0	 0.0	 0.0	 0.0	 0.0	 0.0	 
50010	50000	10	 sysNum: 	45009	 MissingNum: 	0	 30015.49166664945	 197770	 2	 Protocol_Missing: 5001	 0.0	 0.0	 0.0	 0.0	 0.0	 0.0	 0.0	 0.0	 
50010	50000	10	 sysNum: 	40008	 MissingNum: 	0	 29988.23333331613	 197780	 2	 Protocol_Missing: 10002	 0.0	 0.0	 0.0	 0.0	 0.0	 0.0	 0.0	 0.0	 
50010	50000	10	 sysNum: 	35007	 MissingNum: 	0	 30031.89166664918	 198688	 2	 Protocol_Missing: 15003	 0.0	 0.0	 0.0	 0.0	 0.0	 0.0	 0.0	 0.0	 
50010	50000	10	 sysNum: 	30006	 MissingNum: 	0	 30035.783333315874	 198428	 2	 Protocol_Missing: 20004	 0.0	 0.0	 0.0	 0.0	 0.0	 0.0	 0.0	 0.0	 
50010	50000	10	 sysNum: 	25005	 MissingNum: 	0	 29993.09166664956	 197572	 2	 Protocol_Missing: 25005	 0.0	 0.0	 0.0	 0.0	 0.0	 0.0	 0.0	 0.0	 
50010	50000	10	 sysNum: 	20004	 MissingNum: 	0	 30008.549999982966	 198240	 2	 Protocol_Missing: 30006	 0.0	 0.0	 0.0	 0.0	 0.0	 0.0	 0.0	 0.0	 
50010	50000	10	 sysNum: 	15001	 MissingNum: 	0	 29994.72499998275	 197694	 2	 Protocol_Missing: 35009	 0.0	 0.0	 0.0	 0.0	 0.0	 0.0	 0.0	 0.0	 
50010	50000	10	 sysNum: 	10000	 MissingNum: 	0	 29946.891666649644	 196468	 2	 Protocol_Missing: 40010	 0.0	 0.0	 0.0	 0.0	 0.0	 0.0	 0.0	 0.0	 
50010	50000	10	 sysNum: 	4999	 MissingNum: 	0	 30015.999999982494	 198126	 2	 Protocol_Missing: 45001	 0.0	 0.0	 0.0	 0.0	 0.0	 0.0	 0.0	 0.0	 
50010	50000	10	 sysNum: 	45009	 MissingNum: 	0	 30034.183333315916	 198578	 2	 Protocol_Missing: 5001	 0.0	 0.0	 0.0	 0.0	 0.0	 0.0	 0.0	 0.0	 
50010	50000	10	 sysNum: 	40008	 MissingNum: 	0	 29989.641666649528	 197194	 2	 Protocol_Missing: 10002	 0.0	 0.0	 0.0	 0.0	 0.0	 0.0	 0.0	 0.0	 
50010	50000	10	 sysNum: 	35007	 MissingNum: 	0	 30027.1833333157	 198752	 2	 Protocol_Missing: 15003	 0.0	 0.0	 0.0	 0.0	 0.0	 0.0	 0.0	 0.0	 
50010	50000	10	 sysNum: 	30006	 MissingNum: 	0	 30039.78333331607	 198758	 2	 Protocol_Missing: 20004	 0.0	 0.0	 0.0	 0.0	 0.0	 0.0	 0.0	 0.0	 
50010	50000	10	 sysNum: 	25005	 MissingNum: 	0	 29986.38333331634	 197312	 2	 Protocol_Missing: 25005	 0.0	 0.0	 0.0	 0.0	 0.0	 0.0	 0.0	 0.0	 
50010	50000	10	 sysNum: 	20004	 MissingNum: 	0	 30016.741666649206	 198352	 2	 Protocol_Missing: 30006	 0.0	 0.0	 0.0	 0.0	 0.0	 0.0	 0.0	 0.0	 
50010	50000	10	 sysNum: 	15001	 MissingNum: 	0	 30022.108333316002	 198476	 2	 Protocol_Missing: 35009	 0.0	 0.0	 0.0	 0.0	 0.0	 0.0	 0.0	 0.0	 
50010	50000	10	 sysNum: 	10000	 MissingNum: 	0	 30015.24166664955	 198238	 2	 Protocol_Missing: 40010	 0.0	 0.0	 0.0	 0.0	 0.0	 0.0	 0.0	 0.0	 
50010	50000	10	 sysNum: 	4999	 MissingNum: 	0	 30004.9583333163	 198020	 2	 Protocol_Missing: 45001	 0.0	 0.0	 0.0	 0.0	 0.0	 0.0	 0.0	 0.0	 
50010	50000	10	 sysNum: 	45009	 MissingNum: 	0	 30043.96666664931	 198670	 2	 Protocol_Missing: 5001	 0.0	 0.0	 0.0	 0.0	 0.0	 0.0	 0.0	 0.0	 
50010	50000	10	 sysNum: 	40008	 MissingNum: 	0	 30017.80833331604	 197984	 2	 Protocol_Missing: 10002	 0.0	 0.0	 0.0	 0.0	 0.0	 0.0	 0.0	 0.0	 
50010	50000	10	 sysNum: 	35007	 MissingNum: 	0	 30045.308333315916	 199052	 2	 Protocol_Missing: 15003	 0.0	 0.0	 0.0	 0.0	 0.0	 0.0	 0.0	 0.0	 
50010	50000	10	 sysNum: 	30006	 MissingNum: 	0	 30002.59999998292	 197694	 2	 Protocol_Missing: 20004	 0.0	 0.0	 0.0	 0.0	 0.0	 0.0	 0.0	 0.0	 
50010	50000	10	 sysNum: 	25005	 MissingNum: 	0	 30013.91666664925	 198202	 2	 Protocol_Missing: 25005	 0.0	 0.0	 0.0	 0.0	 0.0	 0.0	 0.0	 0.0	 
50010	50000	10	 sysNum: 	20004	 MissingNum: 	0	 30043.974999982456	 198900	 2	 Protocol_Missing: 30006	 0.0	 0.0	 0.0	 0.0	 0.0	 0.0	 0.0	 0.0	 
50010	50000	10	 sysNum: 	15001	 MissingNum: 	0	 30024.883333315956	 198260	 2	 Protocol_Missing: 35009	 0.0	 0.0	 0.0	 0.0	 0.0	 0.0	 0.0	 0.0	 
50010	50000	10	 sysNum: 	10000	 MissingNum: 	0	 30046.14166664934	 199054	 2	 Protocol_Missing: 40010	 0.0	 0.0	 0.0	 0.0	 0.0	 0.0	 0.0	 0.0	 
50010	50000	10	 sysNum: 	4999	 MissingNum: 	0	 30033.48333331596	 198644	 2	 Protocol_Missing: 45001	 0.0	 0.0	 0.0	 0.0	 0.0	 0.0	 0.0	 0.0	 
50010	50000	10	 sysNum: 	45009	 MissingNum: 	0	 30042.67499998257	 198870	 2	 Protocol_Missing: 5001	 0.0	 0.0	 0.0	 0.0	 0.0	 0.0	 0.0	 0.0	 
50010	50000	10	 sysNum: 	40008	 MissingNum: 	0	 30019.183333316152	 198254	 2	 Protocol_Missing: 10002	 0.0	 0.0	 0.0	 0.0	 0.0	 0.0	 0.0	 0.0	 
50010	50000	10	 sysNum: 	35007	 MissingNum: 	0	 30045.674999982424	 199152	 2	 Protocol_Missing: 15003	 0.0	 0.0	 0.0	 0.0	 0.0	 0.0	 0.0	 0.0	 
50010	50000	10	 sysNum: 	30006	 MissingNum: 	0	 30052.649999982314	 199446	 2	 Protocol_Missing: 20004	 0.0	 0.0	 0.0	 0.0	 0.0	 0.0	 0.0	 0.0	 
50010	50000	10	 sysNum: 	25005	 MissingNum: 	0	 30020.566666649695	 198322	 2	 Protocol_Missing: 25005	 0.0	 0.0	 0.0	 0.0	 0.0	 0.0	 0.0	 0.0	 
50010	50000	10	 sysNum: 	20004	 MissingNum: 	0	 30026.366666649355	 198232	 2	 Protocol_Missing: 30006	 0.0	 0.0	 0.0	 0.0	 0.0	 0.0	 0.0	 0.0	 
50010	50000	10	 sysNum: 	15001	 MissingNum: 	0	 30000.299999982544	 197880	 2	 Protocol_Missing: 35009	 0.0	 0.0	 0.0	 0.0	 0.0	 0.0	 0.0	 0.0	 
50010	50000	10	 sysNum: 	10000	 MissingNum: 	0	 30013.23333331595	 198122	 2	 Protocol_Missing: 40010	 0.0	 0.0	 0.0	 0.0	 0.0	 0.0	 0.0	 0.0	 
50010	50000	10	 sysNum: 	4999	 MissingNum: 	0	 29994.108333316486	 197396	 2	 Protocol_Missing: 45001	 0.0	 0.0	 0.0	 0.0	 0.0	 0.0	 0.0	 0.0	 
50010	50000	10	 sysNum: 	45009	 MissingNum: 	0	 30011.833333316186	 197780	 2	 Protocol_Missing: 5001	 0.0	 0.0	 0.0	 0.0	 0.0	 0.0	 0.0	 0.0	 
50010	50000	10	 sysNum: 	40008	 MissingNum: 	0	 30011.183333316083	 198008	 2	 Protocol_Missing: 10002	 0.0	 0.0	 0.0	 0.0	 0.0	 0.0	 0.0	 0.0	 
50010	50000	10	 sysNum: 	35007	 MissingNum: 	0	 29997.991666649457	 197728	 2	 Protocol_Missing: 15003	 0.0	 0.0	 0.0	 0.0	 0.0	 0.0	 0.0	 0.0	 
50010	50000	10	 sysNum: 	30006	 MissingNum: 	0	 30011.1249999829	 198276	 2	 Protocol_Missing: 20004	 0.0	 0.0	 0.0	 0.0	 0.0	 0.0	 0.0	 0.0	 
50010	50000	10	 sysNum: 	25005	 MissingNum: 	0	 30025.591666649667	 198274	 2	 Protocol_Missing: 25005	 0.0	 0.0	 0.0	 0.0	 0.0	 0.0	 0.0	 0.0	 
50010	50000	10	 sysNum: 	20004	 MissingNum: 	0	 30025.133333315756	 198740	 2	 Protocol_Missing: 30006	 0.0	 0.0	 0.0	 0.0	 0.0	 0.0	 0.0	 0.0	 
50010	50000	10	 sysNum: 	15001	 MissingNum: 	0	 30032.16666664933	 198718	 2	 Protocol_Missing: 35009	 0.0	 0.0	 0.0	 0.0	 0.0	 0.0	 0.0	 0.0	 
50010	50000	10	 sysNum: 	10000	 MissingNum: 	0	 30009.041666649835	 198016	 2	 Protocol_Missing: 40010	 0.0	 0.0	 0.0	 0.0	 0.0	 0.0	 0.0	 0.0	 
50010	50000	10	 sysNum: 	4999	 MissingNum: 	0	 30014.81666664909	 198214	 2	 Protocol_Missing: 45001	 0.0	 0.0	 0.0	 0.0	 0.0	 0.0	 0.0	 0.0	 
50010	50000	10	 sysNum: 	45009	 MissingNum: 	0	 30011.57499998262	 197964	 2	 Protocol_Missing: 5001	 0.0	 0.0	 0.0	 0.0	 0.0	 0.0	 0.0	 0.0	 
50010	50000	10	 sysNum: 	40008	 MissingNum: 	0	 30019.98333331584	 198734	 2	 Protocol_Missing: 10002	 0.0	 0.0	 0.0	 0.0	 0.0	 0.0	 0.0	 0.0	 
50010	50000	10	 sysNum: 	35007	 MissingNum: 	0	 30100.608333315333	 200468	 2	 Protocol_Missing: 15003	 0.0	 0.0	 0.0	 0.0	 0.0	 0.0	 0.0	 0.0	 
50010	50000	10	 sysNum: 	30006	 MissingNum: 	0	 30010.508333316226	 198098	 2	 Protocol_Missing: 20004	 0.0	 0.0	 0.0	 0.0	 0.0	 0.0	 0.0	 0.0	 
50010	50000	10	 sysNum: 	25005	 MissingNum: 	0	 30035.983333316068	 198806	 2	 Protocol_Missing: 25005	 0.0	 0.0	 0.0	 0.0	 0.0	 0.0	 0.0	 0.0	 
50010	50000	10	 sysNum: 	20004	 MissingNum: 	0	 30052.116666649425	 199096	 2	 Protocol_Missing: 30006	 0.0	 0.0	 0.0	 0.0	 0.0	 0.0	 0.0	 0.0	 
50010	50000	10	 sysNum: 	15001	 MissingNum: 	0	 30025.783333316158	 198566	 2	 Protocol_Missing: 35009	 0.0	 0.0	 0.0	 0.0	 0.0	 0.0	 0.0	 0.0	 
50010	50000	10	 sysNum: 	10000	 MissingNum: 	0	 30016.458333315746	 198344	 2	 Protocol_Missing: 40010	 0.0	 0.0	 0.0	 0.0	 0.0	 0.0	 0.0	 0.0	 
50010	50000	10	 sysNum: 	4999	 MissingNum: 	0	 30024.124999982625	 198306	 2	 Protocol_Missing: 45001	 0.0	 0.0	 0.0	 0.0	 0.0	 0.0	 0.0	 0.0	 
50010	50000	10	 sysNum: 	45009	 MissingNum: 	0	 29992.39999998291	 197292	 2	 Protocol_Missing: 5001	 0.0	 0.0	 0.0	 0.0	 0.0	 0.0	 0.0	 0.0	 
50010	50000	10	 sysNum: 	40008	 MissingNum: 	0	 30024.283333315725	 198704	 2	 Protocol_Missing: 10002	 0.0	 0.0	 0.0	 0.0	 0.0	 0.0	 0.0	 0.0	 
50010	50000	10	 sysNum: 	35007	 MissingNum: 	0	 30010.02499998244	 198252	 2	 Protocol_Missing: 15003	 0.0	 0.0	 0.0	 0.0	 0.0	 0.0	 0.0	 0.0	 
50010	50000	10	 sysNum: 	30006	 MissingNum: 	0	 29989.07499998274	 197652	 2	 Protocol_Missing: 20004	 0.0	 0.0	 0.0	 0.0	 0.0	 0.0	 0.0	 0.0	 
50010	50000	10	 sysNum: 	25005	 MissingNum: 	0	 30030.799999982813	 198312	 2	 Protocol_Missing: 25005	 0.0	 0.0	 0.0	 0.0	 0.0	 0.0	 0.0	 0.0	 
50010	50000	10	 sysNum: 	20004	 MissingNum: 	0	 30008.699999982964	 198216	 2	 Protocol_Missing: 30006	 0.0	 0.0	 0.0	 0.0	 0.0	 0.0	 0.0	 0.0	 
50010	50000	10	 sysNum: 	15001	 MissingNum: 	0	 30022.29166664922	 198388	 2	 Protocol_Missing: 35009	 0.0	 0.0	 0.0	 0.0	 0.0	 0.0	 0.0	 0.0	 
50010	50000	10	 sysNum: 	10000	 MissingNum: 	0	 30037.149999982743	 199104	 2	 Protocol_Missing: 40010	 0.0	 0.0	 0.0	 0.0	 0.0	 0.0	 0.0	 0.0	 
50010	50000	10	 sysNum: 	4999	 MissingNum: 	0	 30002.941666649742	 197482	 2	 Protocol_Missing: 45001	 0.0	 0.0	 0.0	 0.0	 0.0	 0.0	 0.0	 0.0	 
50010	50000	10	 sysNum: 	45009	 MissingNum: 	0	 30033.008333315698	 198758	 2	 Protocol_Missing: 5001	 0.0	 0.0	 0.0	 0.0	 0.0	 0.0	 0.0	 0.0	 
50010	50000	10	 sysNum: 	40008	 MissingNum: 	0	 30065.799999982697	 199362	 2	 Protocol_Missing: 10002	 0.0	 0.0	 0.0	 0.0	 0.0	 0.0	 0.0	 0.0	 
50010	50000	10	 sysNum: 	35007	 MissingNum: 	0	 30021.149999982914	 198168	 2	 Protocol_Missing: 15003	 0.0	 0.0	 0.0	 0.0	 0.0	 0.0	 0.0	 0.0	 
50010	50000	10	 sysNum: 	30006	 MissingNum: 	0	 30006.774999982903	 198162	 2	 Protocol_Missing: 20004	 0.0	 0.0	 0.0	 0.0	 0.0	 0.0	 0.0	 0.0	 
50010	50000	10	 sysNum: 	25005	 MissingNum: 	0	 30043.674999982628	 199104	 2	 Protocol_Missing: 25005	 0.0	 0.0	 0.0	 0.0	 0.0	 0.0	 0.0	 0.0	 
50010	50000	10	 sysNum: 	20004	 MissingNum: 	0	 29985.999999983054	 197394	 2	 Protocol_Missing: 30006	 0.0	 0.0	 0.0	 0.0	 0.0	 0.0	 0.0	 0.0	 
50010	50000	10	 sysNum: 	15001	 MissingNum: 	0	 30028.416666649264	 198544	 2	 Protocol_Missing: 35009	 0.0	 0.0	 0.0	 0.0	 0.0	 0.0	 0.0	 0.0	 
50010	50000	10	 sysNum: 	10000	 MissingNum: 	0	 29987.724999983107	 197202	 2	 Protocol_Missing: 40010	 0.0	 0.0	 0.0	 0.0	 0.0	 0.0	 0.0	 0.0	 
50010	50000	10	 sysNum: 	4999	 MissingNum: 	0	 29992.86666664933	 197530	 2	 Protocol_Missing: 45001	 0.0	 0.0	 0.0	 0.0	 0.0	 0.0	 0.0	 0.0	 
50010	50000	10	 sysNum: 	45009	 MissingNum: 	0	 30018.999999982712	 198276	 2	 Protocol_Missing: 5001	 0.0	 0.0	 0.0	 0.0	 0.0	 0.0	 0.0	 0.0	 
50010	50000	10	 sysNum: 	40008	 MissingNum: 	0	 30067.09999998258	 199464	 2	 Protocol_Missing: 10002	 0.0	 0.0	 0.0	 0.0	 0.0	 0.0	 0.0	 0.0	 
50010	50000	10	 sysNum: 	35007	 MissingNum: 	0	 30011.766666649462	 198358	 2	 Protocol_Missing: 15003	 0.0	 0.0	 0.0	 0.0	 0.0	 0.0	 0.0	 0.0	 
50010	50000	10	 sysNum: 	30006	 MissingNum: 	0	 29977.883333316513	 197132	 2	 Protocol_Missing: 20004	 0.0	 0.0	 0.0	 0.0	 0.0	 0.0	 0.0	 0.0	 
50010	50000	10	 sysNum: 	25005	 MissingNum: 	0	 30005.51666664954	 198196	 2	 Protocol_Missing: 25005	 0.0	 0.0	 0.0	 0.0	 0.0	 0.0	 0.0	 0.0	 
50010	50000	10	 sysNum: 	20004	 MissingNum: 	0	 30030.508333316	 198044	 2	 Protocol_Missing: 30006	 0.0	 0.0	 0.0	 0.0	 0.0	 0.0	 0.0	 0.0	 
50010	50000	10	 sysNum: 	15001	 MissingNum: 	0	 30066.749999982294	 199170	 2	 Protocol_Missing: 35009	 0.0	 0.0	 0.0	 0.0	 0.0	 0.0	 0.0	 0.0	 
50010	50000	10	 sysNum: 	10000	 MissingNum: 	0	 29993.641666649397	 197302	 2	 Protocol_Missing: 40010	 0.0	 0.0	 0.0	 0.0	 0.0	 0.0	 0.0	 0.0	 
50010	50000	10	 sysNum: 	4999	 MissingNum: 	0	 29997.174999982988	 197952	 2	 Protocol_Missing: 45001	 0.0	 0.0	 0.0	 0.0	 0.0	 0.0	 0.0	 0.0	 
50010	50000	10	 sysNum: 	45009	 MissingNum: 	0	 30011.80833331626	 197816	 2	 Protocol_Missing: 5001	 0.0	 0.0	 0.0	 0.0	 0.0	 0.0	 0.0	 0.0	 
50010	50000	10	 sysNum: 	40008	 MissingNum: 	0	 30025.42499998261	 198600	 2	 Protocol_Missing: 10002	 0.0	 0.0	 0.0	 0.0	 0.0	 0.0	 0.0	 0.0	 
50010	50000	10	 sysNum: 	35007	 MissingNum: 	0	 30032.39999998274	 198630	 2	 Protocol_Missing: 15003	 0.0	 0.0	 0.0	 0.0	 0.0	 0.0	 0.0	 0.0	 
50010	50000	10	 sysNum: 	30006	 MissingNum: 	0	 29978.058333316167	 196976	 2	 Protocol_Missing: 20004	 0.0	 0.0	 0.0	 0.0	 0.0	 0.0	 0.0	 0.0	 
50010	50000	10	 sysNum: 	25005	 MissingNum: 	0	 30031.816666649574	 198556	 2	 Protocol_Missing: 25005	 0.0	 0.0	 0.0	 0.0	 0.0	 0.0	 0.0	 0.0	 
50010	50000	10	 sysNum: 	20004	 MissingNum: 	0	 30033.391666649524	 198694	 2	 Protocol_Missing: 30006	 0.0	 0.0	 0.0	 0.0	 0.0	 0.0	 0.0	 0.0	 
50010	50000	10	 sysNum: 	15001	 MissingNum: 	0	 30040.858333316053	 198632	 2	 Protocol_Missing: 35009	 0.0	 0.0	 0.0	 0.0	 0.0	 0.0	 0.0	 0.0	 
50010	50000	10	 sysNum: 	10000	 MissingNum: 	0	 30036.874999982396	 198534	 2	 Protocol_Missing: 40010	 0.0	 0.0	 0.0	 0.0	 0.0	 0.0	 0.0	 0.0	 
50010	50000	10	 sysNum: 	4999	 MissingNum: 	0	 30030.141666649117	 198790	 2	 Protocol_Missing: 45001	 0.0	 0.0	 0.0	 0.0	 0.0	 0.0	 0.0	 0.0	 
50010	50000	10	 sysNum: 	45009	 MissingNum: 	0	 30066.89166664911	 199618	 2	 Protocol_Missing: 5001	 0.0	 0.0	 0.0	 0.0	 0.0	 0.0	 0.0	 0.0	 
50010	50000	10	 sysNum: 	40008	 MissingNum: 	0	 30036.424999982457	 198690	 2	 Protocol_Missing: 10002	 0.0	 0.0	 0.0	 0.0	 0.0	 0.0	 0.0	 0.0	 
50010	50000	10	 sysNum: 	35007	 MissingNum: 	0	 30017.44999998282	 197838	 2	 Protocol_Missing: 15003	 0.0	 0.0	 0.0	 0.0	 0.0	 0.0	 0.0	 0.0	 
50010	50000	10	 sysNum: 	30006	 MissingNum: 	0	 30039.9333333158	 199112	 2	 Protocol_Missing: 20004	 0.0	 0.0	 0.0	 0.0	 0.0	 0.0	 0.0	 0.0	 
50010	50000	10	 sysNum: 	25005	 MissingNum: 	0	 30006.78333331596	 197582	 2	 Protocol_Missing: 25005	 0.0	 0.0	 0.0	 0.0	 0.0	 0.0	 0.0	 0.0	 
50010	50000	10	 sysNum: 	20004	 MissingNum: 	0	 30009.399999982612	 198264	 2	 Protocol_Missing: 30006	 0.0	 0.0	 0.0	 0.0	 0.0	 0.0	 0.0	 0.0	 
50010	50000	10	 sysNum: 	15001	 MissingNum: 	0	 30054.683333315577	 199550	 2	 Protocol_Missing: 35009	 0.0	 0.0	 0.0	 0.0	 0.0	 0.0	 0.0	 0.0	 
50010	50000	10	 sysNum: 	10000	 MissingNum: 	0	 30036.06666664931	 198874	 2	 Protocol_Missing: 40010	 0.0	 0.0	 0.0	 0.0	 0.0	 0.0	 0.0	 0.0	 
50010	50000	10	 sysNum: 	4999	 MissingNum: 	0	 30005.499999982705	 197778	 2	 Protocol_Missing: 45001	 0.0	 0.0	 0.0	 0.0	 0.0	 0.0	 0.0	 0.0	 
50010	50000	10	 sysNum: 	45009	 MissingNum: 	0	 30014.549999982773	 198018	 2	 Protocol_Missing: 5001	 0.0	 0.0	 0.0	 0.0	 0.0	 0.0	 0.0	 0.0	 
50010	50000	10	 sysNum: 	40008	 MissingNum: 	0	 30028.758333316204	 198374	 2	 Protocol_Missing: 10002	 0.0	 0.0	 0.0	 0.0	 0.0	 0.0	 0.0	 0.0	 
50010	50000	10	 sysNum: 	35007	 MissingNum: 	0	 30023.14166664921	 198532	 2	 Protocol_Missing: 15003	 0.0	 0.0	 0.0	 0.0	 0.0	 0.0	 0.0	 0.0	 
50010	50000	10	 sysNum: 	30006	 MissingNum: 	0	 30017.10833331596	 198440	 2	 Protocol_Missing: 20004	 0.0	 0.0	 0.0	 0.0	 0.0	 0.0	 0.0	 0.0	 
50010	50000	10	 sysNum: 	25005	 MissingNum: 	0	 30054.73333331592	 198836	 2	 Protocol_Missing: 25005	 0.0	 0.0	 0.0	 0.0	 0.0	 0.0	 0.0	 0.0	 
50010	50000	10	 sysNum: 	20004	 MissingNum: 	0	 29996.13333331628	 197738	 2	 Protocol_Missing: 30006	 0.0	 0.0	 0.0	 0.0	 0.0	 0.0	 0.0	 0.0	 
50010	50000	10	 sysNum: 	15001	 MissingNum: 	0	 30085.224999982307	 200244	 2	 Protocol_Missing: 35009	 0.0	 0.0	 0.0	 0.0	 0.0	 0.0	 0.0	 0.0	 
50010	50000	10	 sysNum: 	10000	 MissingNum: 	0	 30014.808333316363	 197798	 2	 Protocol_Missing: 40010	 0.0	 0.0	 0.0	 0.0	 0.0	 0.0	 0.0	 0.0	 
50010	50000	10	 sysNum: 	4999	 MissingNum: 	0	 30021.474999982736	 197880	 2	 Protocol_Missing: 45001	 0.0	 0.0	 0.0	 0.0	 0.0	 0.0	 0.0	 0.0	 
50010	50000	10	 sysNum: 	45009	 MissingNum: 	0	 30048.19166664914	 198916	 2	 Protocol_Missing: 5001	 0.0	 0.0	 0.0	 0.0	 0.0	 0.0	 0.0	 0.0	 
50010	50000	10	 sysNum: 	40008	 MissingNum: 	0	 30043.69166664933	 198952	 2	 Protocol_Missing: 10002	 0.0	 0.0	 0.0	 0.0	 0.0	 0.0	 0.0	 0.0	 
50010	50000	10	 sysNum: 	35007	 MissingNum: 	0	 30008.316666649447	 197908	 2	 Protocol_Missing: 15003	 0.0	 0.0	 0.0	 0.0	 0.0	 0.0	 0.0	 0.0	 
50010	50000	10	 sysNum: 	30006	 MissingNum: 	0	 30012.491666649537	 197686	 2	 Protocol_Missing: 20004	 0.0	 0.0	 0.0	 0.0	 0.0	 0.0	 0.0	 0.0	 
50010	50000	10	 sysNum: 	25005	 MissingNum: 	0	 29995.516666649626	 197560	 2	 Protocol_Missing: 25005	 0.0	 0.0	 0.0	 0.0	 0.0	 0.0	 0.0	 0.0	 
50010	50000	10	 sysNum: 	20004	 MissingNum: 	0	 29970.10833331641	 196868	 2	 Protocol_Missing: 30006	 0.0	 0.0	 0.0	 0.0	 0.0	 0.0	 0.0	 0.0	 
50010	50000	10	 sysNum: 	15001	 MissingNum: 	0	 30055.183333315796	 199262	 2	 Protocol_Missing: 35009	 0.0	 0.0	 0.0	 0.0	 0.0	 0.0	 0.0	 0.0	 
50010	50000	10	 sysNum: 	10000	 MissingNum: 	0	 30031.358333316097	 198344	 2	 Protocol_Missing: 40010	 0.0	 0.0	 0.0	 0.0	 0.0	 0.0	 0.0	 0.0	 
50010	50000	10	 sysNum: 	4999	 MissingNum: 	0	 30022.09166664928	 198430	 2	 Protocol_Missing: 45001	 0.0	 0.0	 0.0	 0.0	 0.0	 0.0	 0.0	 0.0	 
50010	50000	10	 sysNum: 	45009	 MissingNum: 	0	 30014.57499998277	 197952	 2	 Protocol_Missing: 5001	 0.0	 0.0	 0.0	 0.0	 0.0	 0.0	 0.0	 0.0	 
50010	50000	10	 sysNum: 	40008	 MissingNum: 	0	 30013.349999982638	 198168	 2	 Protocol_Missing: 10002	 0.0	 0.0	 0.0	 0.0	 0.0	 0.0	 0.0	 0.0	 
50010	50000	10	 sysNum: 	35007	 MissingNum: 	0	 30003.2999999827	 197940	 2	 Protocol_Missing: 15003	 0.0	 0.0	 0.0	 0.0	 0.0	 0.0	 0.0	 0.0	 
50010	50000	10	 sysNum: 	30006	 MissingNum: 	0	 30000.758333316066	 197330	 2	 Protocol_Missing: 20004	 0.0	 0.0	 0.0	 0.0	 0.0	 0.0	 0.0	 0.0	 
50010	50000	10	 sysNum: 	25005	 MissingNum: 	0	 30044.733333315893	 199064	 2	 Protocol_Missing: 25005	 0.0	 0.0	 0.0	 0.0	 0.0	 0.0	 0.0	 0.0	 
50010	50000	10	 sysNum: 	20004	 MissingNum: 	0	 29991.466666649547	 197296	 2	 Protocol_Missing: 30006	 0.0	 0.0	 0.0	 0.0	 0.0	 0.0	 0.0	 0.0	 
50010	50000	10	 sysNum: 	15001	 MissingNum: 	0	 30022.074999982895	 198156	 2	 Protocol_Missing: 35009	 0.0	 0.0	 0.0	 0.0	 0.0	 0.0	 0.0	 0.0	 
50010	50000	10	 sysNum: 	10000	 MissingNum: 	0	 30067.391666649437	 199582	 2	 Protocol_Missing: 40010	 0.0	 0.0	 0.0	 0.0	 0.0	 0.0	 0.0	 0.0	 
50010	50000	10	 sysNum: 	4999	 MissingNum: 	0	 30015.391666649433	 198436	 2	 Protocol_Missing: 45001	 0.0	 0.0	 0.0	 0.0	 0.0	 0.0	 0.0	 0.0	 
50010	50000	10	 sysNum: 	45009	 MissingNum: 	0	 30030.699999982586	 198606	 2	 Protocol_Missing: 5001	 0.0	 0.0	 0.0	 0.0	 0.0	 0.0	 0.0	 0.0	 
50010	50000	10	 sysNum: 	40008	 MissingNum: 	0	 29995.31666664977	 197860	 2	 Protocol_Missing: 10002	 0.0	 0.0	 0.0	 0.0	 0.0	 0.0	 0.0	 0.0	 
50010	50000	10	 sysNum: 	35007	 MissingNum: 	0	 30047.908333315878	 199190	 2	 Protocol_Missing: 15003	 0.0	 0.0	 0.0	 0.0	 0.0	 0.0	 0.0	 0.0	 
50010	50000	10	 sysNum: 	30006	 MissingNum: 	0	 30001.824999982775	 197634	 2	 Protocol_Missing: 20004	 0.0	 0.0	 0.0	 0.0	 0.0	 0.0	 0.0	 0.0	 
50010	50000	10	 sysNum: 	25005	 MissingNum: 	0	 30020.61666664936	 198178	 2	 Protocol_Missing: 25005	 0.0	 0.0	 0.0	 0.0	 0.0	 0.0	 0.0	 0.0	 
50010	50000	10	 sysNum: 	20004	 MissingNum: 	0	 30037.158333315903	 198206	 2	 Protocol_Missing: 30006	 0.0	 0.0	 0.0	 0.0	 0.0	 0.0	 0.0	 0.0	 
50010	50000	10	 sysNum: 	15001	 MissingNum: 	0	 30017.66666664964	 197896	 2	 Protocol_Missing: 35009	 0.0	 0.0	 0.0	 0.0	 0.0	 0.0	 0.0	 0.0	 
50010	50000	10	 sysNum: 	10000	 MissingNum: 	0	 29992.449999982877	 197616	 2	 Protocol_Missing: 40010	 0.0	 0.0	 0.0	 0.0	 0.0	 0.0	 0.0	 0.0	 
50010	50000	10	 sysNum: 	4999	 MissingNum: 	0	 30042.716666649052	 198862	 2	 Protocol_Missing: 45001	 0.0	 0.0	 0.0	 0.0	 0.0	 0.0	 0.0	 0.0	 
50010	50000	10	 sysNum: 	45009	 MissingNum: 	0	 29974.883333316364	 197222	 2	 Protocol_Missing: 5001	 0.0	 0.0	 0.0	 0.0	 0.0	 0.0	 0.0	 0.0	 
50010	50000	10	 sysNum: 	40008	 MissingNum: 	0	 30028.18333331611	 198464	 2	 Protocol_Missing: 10002	 0.0	 0.0	 0.0	 0.0	 0.0	 0.0	 0.0	 0.0	 
50010	50000	10	 sysNum: 	35007	 MissingNum: 	0	 30017.158333316132	 198290	 2	 Protocol_Missing: 15003	 0.0	 0.0	 0.0	 0.0	 0.0	 0.0	 0.0	 0.0	 
50010	50000	10	 sysNum: 	30006	 MissingNum: 	0	 30004.96666664948	 197950	 2	 Protocol_Missing: 20004	 0.0	 0.0	 0.0	 0.0	 0.0	 0.0	 0.0	 0.0	 
50010	50000	10	 sysNum: 	25005	 MissingNum: 	0	 30024.70833331593	 197990	 2	 Protocol_Missing: 25005	 0.0	 0.0	 0.0	 0.0	 0.0	 0.0	 0.0	 0.0	 
50010	50000	10	 sysNum: 	20004	 MissingNum: 	0	 30020.941666649163	 198514	 2	 Protocol_Missing: 30006	 0.0	 0.0	 0.0	 0.0	 0.0	 0.0	 0.0	 0.0	 
50010	50000	10	 sysNum: 	15001	 MissingNum: 	0	 30020.774999982597	 198408	 2	 Protocol_Missing: 35009	 0.0	 0.0	 0.0	 0.0	 0.0	 0.0	 0.0	 0.0	 
50010	50000	10	 sysNum: 	10000	 MissingNum: 	0	 29987.499999983018	 197466	 2	 Protocol_Missing: 40010	 0.0	 0.0	 0.0	 0.0	 0.0	 0.0	 0.0	 0.0	 
50010	50000	10	 sysNum: 	4999	 MissingNum: 	0	 30037.066666649058	 198688	 2	 Protocol_Missing: 45001	 0.0	 0.0	 0.0	 0.0	 0.0	 0.0	 0.0	 0.0	 
50010	50000	10	 sysNum: 	45009	 MissingNum: 	0	 30042.741666648843	 198976	 2	 Protocol_Missing: 5001	 0.0	 0.0	 0.0	 0.0	 0.0	 0.0	 0.0	 0.0	 
50010	50000	10	 sysNum: 	40008	 MissingNum: 	0	 29992.108333316184	 197696	 2	 Protocol_Missing: 10002	 0.0	 0.0	 0.0	 0.0	 0.0	 0.0	 0.0	 0.0	 
50010	50000	10	 sysNum: 	35007	 MissingNum: 	0	 30034.649999982357	 198438	 2	 Protocol_Missing: 15003	 0.0	 0.0	 0.0	 0.0	 0.0	 0.0	 0.0	 0.0	 
50010	50000	10	 sysNum: 	30006	 MissingNum: 	0	 30023.383333315935	 198314	 2	 Protocol_Missing: 20004	 0.0	 0.0	 0.0	 0.0	 0.0	 0.0	 0.0	 0.0	 
50010	50000	10	 sysNum: 	25005	 MissingNum: 	0	 30010.98333331606	 198386	 2	 Protocol_Missing: 25005	 0.0	 0.0	 0.0	 0.0	 0.0	 0.0	 0.0	 0.0	 
50010	50000	10	 sysNum: 	20004	 MissingNum: 	0	 30002.14999998298	 198162	 2	 Protocol_Missing: 30006	 0.0	 0.0	 0.0	 0.0	 0.0	 0.0	 0.0	 0.0	 
50010	50000	10	 sysNum: 	15001	 MissingNum: 	0	 30021.999999982672	 198246	 2	 Protocol_Missing: 35009	 0.0	 0.0	 0.0	 0.0	 0.0	 0.0	 0.0	 0.0	 
50010	50000	10	 sysNum: 	10000	 MissingNum: 	0	 29978.566666649567	 197332	 2	 Protocol_Missing: 40010	 0.0	 0.0	 0.0	 0.0	 0.0	 0.0	 0.0	 0.0	 
50010	50000	10	 sysNum: 	4999	 MissingNum: 	0	 30052.099999982565	 199422	 2	 Protocol_Missing: 45001	 0.0	 0.0	 0.0	 0.0	 0.0	 0.0	 0.0	 0.0	 
50010	50000	10	 sysNum: 	45009	 MissingNum: 	0	 30011.866666649807	 198226	 2	 Protocol_Missing: 5001	 0.0	 0.0	 0.0	 0.0	 0.0	 0.0	 0.0	 0.0	 
50010	50000	10	 sysNum: 	40008	 MissingNum: 	0	 30012.39166664956	 198178	 2	 Protocol_Missing: 10002	 0.0	 0.0	 0.0	 0.0	 0.0	 0.0	 0.0	 0.0	 
50010	50000	10	 sysNum: 	35007	 MissingNum: 	0	 30036.933333315905	 199232	 2	 Protocol_Missing: 15003	 0.0	 0.0	 0.0	 0.0	 0.0	 0.0	 0.0	 0.0	 
50010	50000	10	 sysNum: 	30006	 MissingNum: 	0	 30041.633333315873	 198674	 2	 Protocol_Missing: 20004	 0.0	 0.0	 0.0	 0.0	 0.0	 0.0	 0.0	 0.0	 
50010	50000	10	 sysNum: 	25005	 MissingNum: 	0	 30008.64999998251	 198000	 2	 Protocol_Missing: 25005	 0.0	 0.0	 0.0	 0.0	 0.0	 0.0	 0.0	 0.0	 
50010	50000	10	 sysNum: 	20004	 MissingNum: 	0	 30030.808333315836	 198668	 2	 Protocol_Missing: 30006	 0.0	 0.0	 0.0	 0.0	 0.0	 0.0	 0.0	 0.0	 
50010	50000	10	 sysNum: 	15001	 MissingNum: 	0	 30038.674999982337	 198990	 2	 Protocol_Missing: 35009	 0.0	 0.0	 0.0	 0.0	 0.0	 0.0	 0.0	 0.0	 
50010	50000	10	 sysNum: 	10000	 MissingNum: 	0	 30020.341666649398	 198664	 2	 Protocol_Missing: 40010	 0.0	 0.0	 0.0	 0.0	 0.0	 0.0	 0.0	 0.0	 
50010	50000	10	 sysNum: 	4999	 MissingNum: 	0	 30069.566666648825	 200062	 2	 Protocol_Missing: 45001	 0.0	 0.0	 0.0	 0.0	 0.0	 0.0	 0.0	 0.0	 
50010	50000	10	 sysNum: 	45009	 MissingNum: 	0	 30041.03333331591	 198644	 2	 Protocol_Missing: 5001	 0.0	 0.0	 0.0	 0.0	 0.0	 0.0	 0.0	 0.0	 
50010	50000	10	 sysNum: 	40008	 MissingNum: 	0	 29995.29166664977	 197482	 2	 Protocol_Missing: 10002	 0.0	 0.0	 0.0	 0.0	 0.0	 0.0	 0.0	 0.0	 
50010	50000	10	 sysNum: 	35007	 MissingNum: 	0	 30007.04166664948	 197836	 2	 Protocol_Missing: 15003	 0.0	 0.0	 0.0	 0.0	 0.0	 0.0	 0.0	 0.0	 
50010	50000	10	 sysNum: 	30006	 MissingNum: 	0	 30035.716666649172	 198886	 2	 Protocol_Missing: 20004	 0.0	 0.0	 0.0	 0.0	 0.0	 0.0	 0.0	 0.0	 
50010	50000	10	 sysNum: 	25005	 MissingNum: 	0	 30052.25833331562	 199100	 2	 Protocol_Missing: 25005	 0.0	 0.0	 0.0	 0.0	 0.0	 0.0	 0.0	 0.0	 
50010	50000	10	 sysNum: 	20004	 MissingNum: 	0	 29994.716666649467	 197716	 2	 Protocol_Missing: 30006	 0.0	 0.0	 0.0	 0.0	 0.0	 0.0	 0.0	 0.0	 
50010	50000	10	 sysNum: 	15001	 MissingNum: 	0	 30045.433333315686	 199046	 2	 Protocol_Missing: 35009	 0.0	 0.0	 0.0	 0.0	 0.0	 0.0	 0.0	 0.0	 
50010	50000	10	 sysNum: 	10000	 MissingNum: 	0	 30007.141666649688	 198016	 2	 Protocol_Missing: 40010	 0.0	 0.0	 0.0	 0.0	 0.0	 0.0	 0.0	 0.0	 
50010	50000	10	 sysNum: 	4999	 MissingNum: 	0	 29973.358333316144	 197060	 2	 Protocol_Missing: 45001	 0.0	 0.0	 0.0	 0.0	 0.0	 0.0	 0.0	 0.0	 
50010	50000	10	 sysNum: 	45009	 MissingNum: 	0	 30045.68333331585	 198776	 2	 Protocol_Missing: 5001	 0.0	 0.0	 0.0	 0.0	 0.0	 0.0	 0.0	 0.0	 
50010	50000	10	 sysNum: 	40008	 MissingNum: 	0	 30045.899999982394	 199086	 2	 Protocol_Missing: 10002	 0.0	 0.0	 0.0	 0.0	 0.0	 0.0	 0.0	 0.0	 
50010	50000	10	 sysNum: 	35007	 MissingNum: 	0	 29998.099999982926	 197604	 2	 Protocol_Missing: 15003	 0.0	 0.0	 0.0	 0.0	 0.0	 0.0	 0.0	 0.0	 
50010	50000	10	 sysNum: 	30006	 MissingNum: 	0	 30052.374999982294	 198948	 2	 Protocol_Missing: 20004	 0.0	 0.0	 0.0	 0.0	 0.0	 0.0	 0.0	 0.0	 
50010	50000	10	 sysNum: 	25005	 MissingNum: 	0	 30047.816666649032	 199210	 2	 Protocol_Missing: 25005	 0.0	 0.0	 0.0	 0.0	 0.0	 0.0	 0.0	 0.0	 
50010	50000	10	 sysNum: 	20004	 MissingNum: 	0	 30007.149999983238	 197862	 2	 Protocol_Missing: 30006	 0.0	 0.0	 0.0	 0.0	 0.0	 0.0	 0.0	 0.0	 
50010	50000	10	 sysNum: 	15001	 MissingNum: 	0	 30004.8999999823	 197910	 2	 Protocol_Missing: 35009	 0.0	 0.0	 0.0	 0.0	 0.0	 0.0	 0.0	 0.0	 
50010	50000	10	 sysNum: 	10000	 MissingNum: 	0	 30068.708333315757	 199742	 2	 Protocol_Missing: 40010	 0.0	 0.0	 0.0	 0.0	 0.0	 0.0	 0.0	 0.0	 
50010	50000	10	 sysNum: 	4999	 MissingNum: 	0	 30023.891666649575	 198364	 2	 Protocol_Missing: 45001	 0.0	 0.0	 0.0	 0.0	 0.0	 0.0	 0.0	 0.0	 
50010	50000	10	 sysNum: 	45009	 MissingNum: 	0	 30023.849999982678	 198414	 2	 Protocol_Missing: 5001	 0.0	 0.0	 0.0	 0.0	 0.0	 0.0	 0.0	 0.0	 
50010	50000	10	 sysNum: 	40008	 MissingNum: 	0	 30019.13333331606	 198596	 2	 Protocol_Missing: 10002	 0.0	 0.0	 0.0	 0.0	 0.0	 0.0	 0.0	 0.0	 
50010	50000	10	 sysNum: 	35007	 MissingNum: 	0	 30036.174999982322	 198582	 2	 Protocol_Missing: 15003	 0.0	 0.0	 0.0	 0.0	 0.0	 0.0	 0.0	 0.0	 
50010	50000	10	 sysNum: 	30006	 MissingNum: 	0	 30010.816666649833	 197824	 2	 Protocol_Missing: 20004	 0.0	 0.0	 0.0	 0.0	 0.0	 0.0	 0.0	 0.0	 
50010	50000	10	 sysNum: 	25005	 MissingNum: 	0	 30025.02499998258	 198138	 2	 Protocol_Missing: 25005	 0.0	 0.0	 0.0	 0.0	 0.0	 0.0	 0.0	 0.0	 
50010	50000	10	 sysNum: 	20004	 MissingNum: 	0	 29983.324999982815	 197658	 2	 Protocol_Missing: 30006	 0.0	 0.0	 0.0	 0.0	 0.0	 0.0	 0.0	 0.0	 
50010	50000	10	 sysNum: 	15001	 MissingNum: 	0	 30018.958333315913	 198356	 2	 Protocol_Missing: 35009	 0.0	 0.0	 0.0	 0.0	 0.0	 0.0	 0.0	 0.0	 
50010	50000	10	 sysNum: 	10000	 MissingNum: 	0	 30042.716666649205	 198820	 2	 Protocol_Missing: 40010	 0.0	 0.0	 0.0	 0.0	 0.0	 0.0	 0.0	 0.0	 
50010	50000	10	 sysNum: 	4999	 MissingNum: 	0	 30020.891666649255	 198442	 2	 Protocol_Missing: 45001	 0.0	 0.0	 0.0	 0.0	 0.0	 0.0	 0.0	 0.0	 
50010	50000	10	 sysNum: 	45009	 MissingNum: 	0	 30063.466666649136	 199282	 2	 Protocol_Missing: 5001	 0.0	 0.0	 0.0	 0.0	 0.0	 0.0	 0.0	 0.0	 
50010	50000	10	 sysNum: 	40008	 MissingNum: 	0	 30035.133333315887	 198794	 2	 Protocol_Missing: 10002	 0.0	 0.0	 0.0	 0.0	 0.0	 0.0	 0.0	 0.0	 
50010	50000	10	 sysNum: 	35007	 MissingNum: 	0	 30017.366666649425	 198370	 2	 Protocol_Missing: 15003	 0.0	 0.0	 0.0	 0.0	 0.0	 0.0	 0.0	 0.0	 
50010	50000	10	 sysNum: 	30006	 MissingNum: 	0	 29997.958333315906	 197570	 2	 Protocol_Missing: 20004	 0.0	 0.0	 0.0	 0.0	 0.0	 0.0	 0.0	 0.0	 
50010	50000	10	 sysNum: 	25005	 MissingNum: 	0	 30009.733333316075	 198272	 2	 Protocol_Missing: 25005	 0.0	 0.0	 0.0	 0.0	 0.0	 0.0	 0.0	 0.0	 
50010	50000	10	 sysNum: 	20004	 MissingNum: 	0	 30006.94166664939	 198088	 2	 Protocol_Missing: 30006	 0.0	 0.0	 0.0	 0.0	 0.0	 0.0	 0.0	 0.0	 
50010	50000	10	 sysNum: 	15001	 MissingNum: 	0	 29949.383333316484	 196448	 2	 Protocol_Missing: 35009	 0.0	 0.0	 0.0	 0.0	 0.0	 0.0	 0.0	 0.0	 
50010	50000	10	 sysNum: 	10000	 MissingNum: 	0	 30018.75833331601	 198446	 2	 Protocol_Missing: 40010	 0.0	 0.0	 0.0	 0.0	 0.0	 0.0	 0.0	 0.0	 
50010	50000	10	 sysNum: 	4999	 MissingNum: 	0	 30023.94166664927	 198490	 2	 Protocol_Missing: 45001	 0.0	 0.0	 0.0	 0.0	 0.0	 0.0	 0.0	 0.0	 
50010	50000	10	 sysNum: 	45009	 MissingNum: 	0	 30045.04999998262	 199152	 2	 Protocol_Missing: 5001	 0.0	 0.0	 0.0	 0.0	 0.0	 0.0	 0.0	 0.0	 
50010	50000	10	 sysNum: 	40008	 MissingNum: 	0	 30064.599999982245	 199824	 2	 Protocol_Missing: 10002	 0.0	 0.0	 0.0	 0.0	 0.0	 0.0	 0.0	 0.0	 
50010	50000	10	 sysNum: 	35007	 MissingNum: 	0	 30052.79166664889	 199540	 2	 Protocol_Missing: 15003	 0.0	 0.0	 0.0	 0.0	 0.0	 0.0	 0.0	 0.0	 
50010	50000	10	 sysNum: 	30006	 MissingNum: 	0	 30045.033333316092	 198716	 2	 Protocol_Missing: 20004	 0.0	 0.0	 0.0	 0.0	 0.0	 0.0	 0.0	 0.0	 
50010	50000	10	 sysNum: 	25005	 MissingNum: 	0	 30034.241666649395	 198334	 2	 Protocol_Missing: 25005	 0.0	 0.0	 0.0	 0.0	 0.0	 0.0	 0.0	 0.0	 
50010	50000	10	 sysNum: 	20004	 MissingNum: 	0	 30004.349999982795	 197922	 2	 Protocol_Missing: 30006	 0.0	 0.0	 0.0	 0.0	 0.0	 0.0	 0.0	 0.0	 
50010	50000	10	 sysNum: 	15001	 MissingNum: 	0	 29995.47499998298	 197574	 2	 Protocol_Missing: 35009	 0.0	 0.0	 0.0	 0.0	 0.0	 0.0	 0.0	 0.0	 
50010	50000	10	 sysNum: 	10000	 MissingNum: 	0	 29962.374999983076	 197076	 2	 Protocol_Missing: 40010	 0.0	 0.0	 0.0	 0.0	 0.0	 0.0	 0.0	 0.0	 
50010	50000	10	 sysNum: 	4999	 MissingNum: 	0	 30019.29999998279	 198210	 2	 Protocol_Missing: 45001	 0.0	 0.0	 0.0	 0.0	 0.0	 0.0	 0.0	 0.0	 
50010	50000	10	 sysNum: 	45009	 MissingNum: 	0	 30003.549999982442	 198108	 2	 Protocol_Missing: 5001	 0.0	 0.0	 0.0	 0.0	 0.0	 0.0	 0.0	 0.0	 
50010	50000	10	 sysNum: 	40008	 MissingNum: 	0	 30016.87499998286	 198606	 2	 Protocol_Missing: 10002	 0.0	 0.0	 0.0	 0.0	 0.0	 0.0	 0.0	 0.0	 
50010	50000	10	 sysNum: 	35007	 MissingNum: 	0	 30044.733333315602	 199034	 2	 Protocol_Missing: 15003	 0.0	 0.0	 0.0	 0.0	 0.0	 0.0	 0.0	 0.0	 
50010	50000	10	 sysNum: 	30006	 MissingNum: 	0	 30030.458333316008	 198332	 2	 Protocol_Missing: 20004	 0.0	 0.0	 0.0	 0.0	 0.0	 0.0	 0.0	 0.0	 
50010	50000	10	 sysNum: 	25005	 MissingNum: 	0	 29984.016666649837	 197212	 2	 Protocol_Missing: 25005	 0.0	 0.0	 0.0	 0.0	 0.0	 0.0	 0.0	 0.0	 
50010	50000	10	 sysNum: 	20004	 MissingNum: 	0	 30002.858333316268	 197750	 2	 Protocol_Missing: 30006	 0.0	 0.0	 0.0	 0.0	 0.0	 0.0	 0.0	 0.0	 
50010	50000	10	 sysNum: 	15001	 MissingNum: 	0	 30021.224999982907	 198330	 2	 Protocol_Missing: 35009	 0.0	 0.0	 0.0	 0.0	 0.0	 0.0	 0.0	 0.0	 
50010	50000	10	 sysNum: 	10000	 MissingNum: 	0	 30038.80833331572	 199136	 2	 Protocol_Missing: 40010	 0.0	 0.0	 0.0	 0.0	 0.0	 0.0	 0.0	 0.0	 
50010	50000	10	 sysNum: 	4999	 MissingNum: 	0	 30039.174999982813	 198708	 2	 Protocol_Missing: 45001	 0.0	 0.0	 0.0	 0.0	 0.0	 0.0	 0.0	 0.0	 
50010	50000	10	 sysNum: 	45009	 MissingNum: 	0	 30005.741666649526	 197998	 2	 Protocol_Missing: 5001	 0.0	 0.0	 0.0	 0.0	 0.0	 0.0	 0.0	 0.0	 
50010	50000	10	 sysNum: 	40008	 MissingNum: 	0	 30028.599999982718	 198360	 2	 Protocol_Missing: 10002	 0.0	 0.0	 0.0	 0.0	 0.0	 0.0	 0.0	 0.0	 
50010	50000	10	 sysNum: 	35007	 MissingNum: 	0	 30022.949999982764	 198480	 2	 Protocol_Missing: 15003	 0.0	 0.0	 0.0	 0.0	 0.0	 0.0	 0.0	 0.0	 
50010	50000	10	 sysNum: 	30006	 MissingNum: 	0	 30018.38333331618	 198764	 2	 Protocol_Missing: 20004	 0.0	 0.0	 0.0	 0.0	 0.0	 0.0	 0.0	 0.0	 
50010	50000	10	 sysNum: 	25005	 MissingNum: 	0	 30001.85833331629	 197858	 2	 Protocol_Missing: 25005	 0.0	 0.0	 0.0	 0.0	 0.0	 0.0	 0.0	 0.0	 
50010	50000	10	 sysNum: 	20004	 MissingNum: 	0	 30033.891666649208	 198340	 2	 Protocol_Missing: 30006	 0.0	 0.0	 0.0	 0.0	 0.0	 0.0	 0.0	 0.0	 
50010	50000	10	 sysNum: 	15001	 MissingNum: 	0	 30053.774999982208	 199374	 2	 Protocol_Missing: 35009	 0.0	 0.0	 0.0	 0.0	 0.0	 0.0	 0.0	 0.0	 
50010	50000	10	 sysNum: 	10000	 MissingNum: 	0	 30001.26666664954	 197746	 2	 Protocol_Missing: 40010	 0.0	 0.0	 0.0	 0.0	 0.0	 0.0	 0.0	 0.0	 
50010	50000	10	 sysNum: 	4999	 MissingNum: 	0	 29993.50833331626	 197612	 2	 Protocol_Missing: 45001	 0.0	 0.0	 0.0	 0.0	 0.0	 0.0	 0.0	 0.0	 
50010	50000	10	 sysNum: 	45009	 MissingNum: 	0	 30021.524999982845	 198426	 2	 Protocol_Missing: 5001	 0.0	 0.0	 0.0	 0.0	 0.0	 0.0	 0.0	 0.0	 
50010	50000	10	 sysNum: 	40008	 MissingNum: 	0	 30024.324999982466	 198576	 2	 Protocol_Missing: 10002	 0.0	 0.0	 0.0	 0.0	 0.0	 0.0	 0.0	 0.0	 
50010	50000	10	 sysNum: 	35007	 MissingNum: 	0	 30055.033333315845	 199286	 2	 Protocol_Missing: 15003	 0.0	 0.0	 0.0	 0.0	 0.0	 0.0	 0.0	 0.0	 
50010	50000	10	 sysNum: 	30006	 MissingNum: 	0	 30026.749999982967	 198252	 2	 Protocol_Missing: 20004	 0.0	 0.0	 0.0	 0.0	 0.0	 0.0	 0.0	 0.0	 
50010	50000	10	 sysNum: 	25005	 MissingNum: 	0	 30013.124999982734	 198132	 2	 Protocol_Missing: 25005	 0.0	 0.0	 0.0	 0.0	 0.0	 0.0	 0.0	 0.0	 
50010	50000	10	 sysNum: 	20004	 MissingNum: 	0	 30011.224999982544	 198240	 2	 Protocol_Missing: 30006	 0.0	 0.0	 0.0	 0.0	 0.0	 0.0	 0.0	 0.0	 
50010	50000	10	 sysNum: 	15001	 MissingNum: 	0	 30020.24999998253	 198564	 2	 Protocol_Missing: 35009	 0.0	 0.0	 0.0	 0.0	 0.0	 0.0	 0.0	 0.0	 
50010	50000	10	 sysNum: 	10000	 MissingNum: 	0	 30015.741666649585	 197998	 2	 Protocol_Missing: 40010	 0.0	 0.0	 0.0	 0.0	 0.0	 0.0	 0.0	 0.0	 
50010	50000	10	 sysNum: 	4999	 MissingNum: 	0	 29992.991666649352	 197962	 2	 Protocol_Missing: 45001	 0.0	 0.0	 0.0	 0.0	 0.0	 0.0	 0.0	 0.0	 
50010	50000	10	 sysNum: 	45009	 MissingNum: 	0	 30000.016666649353	 198316	 2	 Protocol_Missing: 5001	 0.0	 0.0	 0.0	 0.0	 0.0	 0.0	 0.0	 0.0	 
50010	50000	10	 sysNum: 	40008	 MissingNum: 	0	 30029.14999998259	 198324	 2	 Protocol_Missing: 10002	 0.0	 0.0	 0.0	 0.0	 0.0	 0.0	 0.0	 0.0	 
50010	50000	10	 sysNum: 	35007	 MissingNum: 	0	 29979.274999982845	 197364	 2	 Protocol_Missing: 15003	 0.0	 0.0	 0.0	 0.0	 0.0	 0.0	 0.0	 0.0	 
50010	50000	10	 sysNum: 	30006	 MissingNum: 	0	 30016.974999982667	 198642	 2	 Protocol_Missing: 20004	 0.0	 0.0	 0.0	 0.0	 0.0	 0.0	 0.0	 0.0	 
50010	50000	10	 sysNum: 	25005	 MissingNum: 	0	 30014.458333316154	 197672	 2	 Protocol_Missing: 25005	 0.0	 0.0	 0.0	 0.0	 0.0	 0.0	 0.0	 0.0	 
50010	50000	10	 sysNum: 	20004	 MissingNum: 	0	 30036.899999982892	 199134	 2	 Protocol_Missing: 30006	 0.0	 0.0	 0.0	 0.0	 0.0	 0.0	 0.0	 0.0	 
50010	50000	10	 sysNum: 	15001	 MissingNum: 	0	 30066.183333315625	 199658	 2	 Protocol_Missing: 35009	 0.0	 0.0	 0.0	 0.0	 0.0	 0.0	 0.0	 0.0	 
50010	50000	10	 sysNum: 	10000	 MissingNum: 	0	 30014.499999982872	 198090	 2	 Protocol_Missing: 40010	 0.0	 0.0	 0.0	 0.0	 0.0	 0.0	 0.0	 0.0	 
50010	50000	10	 sysNum: 	4999	 MissingNum: 	0	 30003.34999998286	 197748	 2	 Protocol_Missing: 45001	 0.0	 0.0	 0.0	 0.0	 0.0	 0.0	 0.0	 0.0	 
50010	50000	10	 sysNum: 	45009	 MissingNum: 	0	 29992.6333333165	 197804	 2	 Protocol_Missing: 5001	 0.0	 0.0	 0.0	 0.0	 0.0	 0.0	 0.0	 0.0	 
50010	50000	10	 sysNum: 	40008	 MissingNum: 	0	 30009.191666649553	 197608	 2	 Protocol_Missing: 10002	 0.0	 0.0	 0.0	 0.0	 0.0	 0.0	 0.0	 0.0	 
50010	50000	10	 sysNum: 	35007	 MissingNum: 	0	 30010.50833331604	 197912	 2	 Protocol_Missing: 15003	 0.0	 0.0	 0.0	 0.0	 0.0	 0.0	 0.0	 0.0	 
50010	50000	10	 sysNum: 	30006	 MissingNum: 	0	 29989.333333316503	 197654	 2	 Protocol_Missing: 20004	 0.0	 0.0	 0.0	 0.0	 0.0	 0.0	 0.0	 0.0	 
50010	50000	10	 sysNum: 	25005	 MissingNum: 	0	 30048.64166664893	 199018	 2	 Protocol_Missing: 25005	 0.0	 0.0	 0.0	 0.0	 0.0	 0.0	 0.0	 0.0	 
50010	50000	10	 sysNum: 	20004	 MissingNum: 	0	 29997.11666664926	 197824	 2	 Protocol_Missing: 30006	 0.0	 0.0	 0.0	 0.0	 0.0	 0.0	 0.0	 0.0	 
50010	50000	10	 sysNum: 	15001	 MissingNum: 	0	 30014.68333331618	 198308	 2	 Protocol_Missing: 35009	 0.0	 0.0	 0.0	 0.0	 0.0	 0.0	 0.0	 0.0	 
50010	50000	10	 sysNum: 	10000	 MissingNum: 	0	 30021.20833331596	 198314	 2	 Protocol_Missing: 40010	 0.0	 0.0	 0.0	 0.0	 0.0	 0.0	 0.0	 0.0	 
50010	50000	10	 sysNum: 	4999	 MissingNum: 	0	 30019.74166664943	 198328	 2	 Protocol_Missing: 45001	 0.0	 0.0	 0.0	 0.0	 0.0	 0.0	 0.0	 0.0	 
50010	50000	10	 sysNum: 	45009	 MissingNum: 	0	 30000.39166664951	 197506	 2	 Protocol_Missing: 5001	 0.0	 0.0	 0.0	 0.0	 0.0	 0.0	 0.0	 0.0	 
50010	50000	10	 sysNum: 	40008	 MissingNum: 	0	 30038.008333316004	 199052	 2	 Protocol_Missing: 10002	 0.0	 0.0	 0.0	 0.0	 0.0	 0.0	 0.0	 0.0	 
50010	50000	10	 sysNum: 	35007	 MissingNum: 	0	 30037.84166664927	 198844	 2	 Protocol_Missing: 15003	 0.0	 0.0	 0.0	 0.0	 0.0	 0.0	 0.0	 0.0	 
50010	50000	10	 sysNum: 	30006	 MissingNum: 	0	 30018.608333316002	 198320	 2	 Protocol_Missing: 20004	 0.0	 0.0	 0.0	 0.0	 0.0	 0.0	 0.0	 0.0	 
50010	50000	10	 sysNum: 	25005	 MissingNum: 	0	 30041.208333315637	 199214	 2	 Protocol_Missing: 25005	 0.0	 0.0	 0.0	 0.0	 0.0	 0.0	 0.0	 0.0	 
50010	50000	10	 sysNum: 	20004	 MissingNum: 	0	 30002.93333331613	 198134	 2	 Protocol_Missing: 30006	 0.0	 0.0	 0.0	 0.0	 0.0	 0.0	 0.0	 0.0	 
50010	50000	10	 sysNum: 	15001	 MissingNum: 	0	 30049.808333316025	 198974	 2	 Protocol_Missing: 35009	 0.0	 0.0	 0.0	 0.0	 0.0	 0.0	 0.0	 0.0	 
50010	50000	10	 sysNum: 	10000	 MissingNum: 	0	 30028.383333315807	 198842	 2	 Protocol_Missing: 40010	 0.0	 0.0	 0.0	 0.0	 0.0	 0.0	 0.0	 0.0	 
50010	50000	10	 sysNum: 	4999	 MissingNum: 	0	 30012.333333316023	 198092	 2	 Protocol_Missing: 45001	 0.0	 0.0	 0.0	 0.0	 0.0	 0.0	 0.0	 0.0	 
50010	50000	10	 sysNum: 	45009	 MissingNum: 	0	 30001.299999982843	 197640	 2	 Protocol_Missing: 5001	 0.0	 0.0	 0.0	 0.0	 0.0	 0.0	 0.0	 0.0	 
50010	50000	10	 sysNum: 	40008	 MissingNum: 	0	 30036.808333315603	 198644	 2	 Protocol_Missing: 10002	 0.0	 0.0	 0.0	 0.0	 0.0	 0.0	 0.0	 0.0	 
50010	50000	10	 sysNum: 	35007	 MissingNum: 	0	 29991.69999998325	 197442	 2	 Protocol_Missing: 15003	 0.0	 0.0	 0.0	 0.0	 0.0	 0.0	 0.0	 0.0	 
50010	50000	10	 sysNum: 	30006	 MissingNum: 	0	 29995.474999982835	 197496	 2	 Protocol_Missing: 20004	 0.0	 0.0	 0.0	 0.0	 0.0	 0.0	 0.0	 0.0	 
50010	50000	10	 sysNum: 	25005	 MissingNum: 	0	 30017.408333316016	 197792	 2	 Protocol_Missing: 25005	 0.0	 0.0	 0.0	 0.0	 0.0	 0.0	 0.0	 0.0	 
50010	50000	10	 sysNum: 	20004	 MissingNum: 	0	 30004.016666649382	 198100	 2	 Protocol_Missing: 30006	 0.0	 0.0	 0.0	 0.0	 0.0	 0.0	 0.0	 0.0	 
50010	50000	10	 sysNum: 	15001	 MissingNum: 	0	 30031.90833331609	 198818	 2	 Protocol_Missing: 35009	 0.0	 0.0	 0.0	 0.0	 0.0	 0.0	 0.0	 0.0	 
50010	50000	10	 sysNum: 	10000	 MissingNum: 	0	 30006.866666649436	 197878	 2	 Protocol_Missing: 40010	 0.0	 0.0	 0.0	 0.0	 0.0	 0.0	 0.0	 0.0	 
50010	50000	10	 sysNum: 	4999	 MissingNum: 	0	 29997.15833331624	 197774	 2	 Protocol_Missing: 45001	 0.0	 0.0	 0.0	 0.0	 0.0	 0.0	 0.0	 0.0	 
50010	50000	10	 sysNum: 	45009	 MissingNum: 	0	 30035.099999982296	 198480	 2	 Protocol_Missing: 5001	 0.0	 0.0	 0.0	 0.0	 0.0	 0.0	 0.0	 0.0	 
50010	50000	10	 sysNum: 	40008	 MissingNum: 	0	 30002.899999982776	 198162	 2	 Protocol_Missing: 10002	 0.0	 0.0	 0.0	 0.0	 0.0	 0.0	 0.0	 0.0	 
50010	50000	10	 sysNum: 	35007	 MissingNum: 	0	 30021.04999998277	 198660	 2	 Protocol_Missing: 15003	 0.0	 0.0	 0.0	 0.0	 0.0	 0.0	 0.0	 0.0	 
50010	50000	10	 sysNum: 	30006	 MissingNum: 	0	 30020.041666649246	 197902	 2	 Protocol_Missing: 20004	 0.0	 0.0	 0.0	 0.0	 0.0	 0.0	 0.0	 0.0	 
50010	50000	10	 sysNum: 	25005	 MissingNum: 	0	 29997.074999982928	 197178	 2	 Protocol_Missing: 25005	 0.0	 0.0	 0.0	 0.0	 0.0	 0.0	 0.0	 0.0	 
50010	50000	10	 sysNum: 	20004	 MissingNum: 	0	 30046.358333315835	 199010	 2	 Protocol_Missing: 30006	 0.0	 0.0	 0.0	 0.0	 0.0	 0.0	 0.0	 0.0	 
50010	50000	10	 sysNum: 	15001	 MissingNum: 	0	 30004.316666649527	 197908	 2	 Protocol_Missing: 35009	 0.0	 0.0	 0.0	 0.0	 0.0	 0.0	 0.0	 0.0	 
50010	50000	10	 sysNum: 	10000	 MissingNum: 	0	 30008.133333316164	 197648	 2	 Protocol_Missing: 40010	 0.0	 0.0	 0.0	 0.0	 0.0	 0.0	 0.0	 0.0	 
50010	50000	10	 sysNum: 	4999	 MissingNum: 	0	 30026.266666649444	 198886	 2	 Protocol_Missing: 45001	 0.0	 0.0	 0.0	 0.0	 0.0	 0.0	 0.0	 0.0	 
50010	50000	10	 sysNum: 	45009	 MissingNum: 	0	 30063.133333315738	 199508	 2	 Protocol_Missing: 5001	 0.0	 0.0	 0.0	 0.0	 0.0	 0.0	 0.0	 0.0	 
50010	50000	10	 sysNum: 	40008	 MissingNum: 	0	 30049.36666664913	 198814	 2	 Protocol_Missing: 10002	 0.0	 0.0	 0.0	 0.0	 0.0	 0.0	 0.0	 0.0	 
50010	50000	10	 sysNum: 	35007	 MissingNum: 	0	 30074.44999998213	 199782	 2	 Protocol_Missing: 15003	 0.0	 0.0	 0.0	 0.0	 0.0	 0.0	 0.0	 0.0	 
50010	50000	10	 sysNum: 	30006	 MissingNum: 	0	 30045.749999982178	 198942	 2	 Protocol_Missing: 20004	 0.0	 0.0	 0.0	 0.0	 0.0	 0.0	 0.0	 0.0	 
50010	50000	10	 sysNum: 	25005	 MissingNum: 	0	 30026.783333315834	 198638	 2	 Protocol_Missing: 25005	 0.0	 0.0	 0.0	 0.0	 0.0	 0.0	 0.0	 0.0	 
50010	50000	10	 sysNum: 	20004	 MissingNum: 	0	 30010.48333331619	 198152	 2	 Protocol_Missing: 30006	 0.0	 0.0	 0.0	 0.0	 0.0	 0.0	 0.0	 0.0	 
50010	50000	10	 sysNum: 	15001	 MissingNum: 	0	 30012.549999982868	 197820	 2	 Protocol_Missing: 35009	 0.0	 0.0	 0.0	 0.0	 0.0	 0.0	 0.0	 0.0	 
50010	50000	10	 sysNum: 	10000	 MissingNum: 	0	 29987.608333316297	 197600	 2	 Protocol_Missing: 40010	 0.0	 0.0	 0.0	 0.0	 0.0	 0.0	 0.0	 0.0	 
50010	50000	10	 sysNum: 	4999	 MissingNum: 	0	 30027.64999998275	 198834	 2	 Protocol_Missing: 45001	 0.0	 0.0	 0.0	 0.0	 0.0	 0.0	 0.0	 0.0	 
50010	50000	10	 sysNum: 	45009	 MissingNum: 	0	 29987.716666649467	 197338	 2	 Protocol_Missing: 5001	 0.0	 0.0	 0.0	 0.0	 0.0	 0.0	 0.0	 0.0	 
50010	50000	10	 sysNum: 	40008	 MissingNum: 	0	 30068.84166664905	 199666	 2	 Protocol_Missing: 10002	 0.0	 0.0	 0.0	 0.0	 0.0	 0.0	 0.0	 0.0	 
50010	50000	10	 sysNum: 	35007	 MissingNum: 	0	 30041.366666649374	 198658	 2	 Protocol_Missing: 15003	 0.0	 0.0	 0.0	 0.0	 0.0	 0.0	 0.0	 0.0	 
50010	50000	10	 sysNum: 	30006	 MissingNum: 	0	 30016.599999982467	 198150	 2	 Protocol_Missing: 20004	 0.0	 0.0	 0.0	 0.0	 0.0	 0.0	 0.0	 0.0	 
50010	50000	10	 sysNum: 	25005	 MissingNum: 	0	 29996.449999982815	 197886	 2	 Protocol_Missing: 25005	 0.0	 0.0	 0.0	 0.0	 0.0	 0.0	 0.0	 0.0	 
50010	50000	10	 sysNum: 	20004	 MissingNum: 	0	 30015.316666649742	 198142	 2	 Protocol_Missing: 30006	 0.0	 0.0	 0.0	 0.0	 0.0	 0.0	 0.0	 0.0	 
50010	50000	10	 sysNum: 	15001	 MissingNum: 	0	 30004.241666649694	 197722	 2	 Protocol_Missing: 35009	 0.0	 0.0	 0.0	 0.0	 0.0	 0.0	 0.0	 0.0	 
50010	50000	10	 sysNum: 	10000	 MissingNum: 	0	 30049.45833331565	 199340	 2	 Protocol_Missing: 40010	 0.0	 0.0	 0.0	 0.0	 0.0	 0.0	 0.0	 0.0	 
50010	50000	10	 sysNum: 	4999	 MissingNum: 	0	 29985.716666649892	 197398	 2	 Protocol_Missing: 45001	 0.0	 0.0	 0.0	 0.0	 0.0	 0.0	 0.0	 0.0	 
50010	50000	10	 sysNum: 	45009	 MissingNum: 	0	 29998.308333316345	 197690	 2	 Protocol_Missing: 5001	 0.0	 0.0	 0.0	 0.0	 0.0	 0.0	 0.0	 0.0	 
50010	50000	10	 sysNum: 	40008	 MissingNum: 	0	 30019.7999999826	 197814	 2	 Protocol_Missing: 10002	 0.0	 0.0	 0.0	 0.0	 0.0	 0.0	 0.0	 0.0	 
50010	50000	10	 sysNum: 	35007	 MissingNum: 	0	 30006.399999982794	 197988	 2	 Protocol_Missing: 15003	 0.0	 0.0	 0.0	 0.0	 0.0	 0.0	 0.0	 0.0	 
50010	50000	10	 sysNum: 	30006	 MissingNum: 	0	 30034.624999982723	 198636	 2	 Protocol_Missing: 20004	 0.0	 0.0	 0.0	 0.0	 0.0	 0.0	 0.0	 0.0	 
50010	50000	10	 sysNum: 	25005	 MissingNum: 	0	 30036.458333315943	 198908	 2	 Protocol_Missing: 25005	 0.0	 0.0	 0.0	 0.0	 0.0	 0.0	 0.0	 0.0	 
50010	50000	10	 sysNum: 	20004	 MissingNum: 	0	 29998.566666649196	 197692	 2	 Protocol_Missing: 30006	 0.0	 0.0	 0.0	 0.0	 0.0	 0.0	 0.0	 0.0	 
50010	50000	10	 sysNum: 	15001	 MissingNum: 	0	 30019.741666649537	 198136	 2	 Protocol_Missing: 35009	 0.0	 0.0	 0.0	 0.0	 0.0	 0.0	 0.0	 0.0	 
50010	50000	10	 sysNum: 	10000	 MissingNum: 	0	 29998.716666649747	 197596	 2	 Protocol_Missing: 40010	 0.0	 0.0	 0.0	 0.0	 0.0	 0.0	 0.0	 0.0	 
50010	50000	10	 sysNum: 	4999	 MissingNum: 	0	 29991.474999983027	 197358	 2	 Protocol_Missing: 45001	 0.0	 0.0	 0.0	 0.0	 0.0	 0.0	 0.0	 0.0	 
50010	50000	10	 sysNum: 	45009	 MissingNum: 	0	 30010.191666649604	 198136	 2	 Protocol_Missing: 5001	 0.0	 0.0	 0.0	 0.0	 0.0	 0.0	 0.0	 0.0	 
50010	50000	10	 sysNum: 	40008	 MissingNum: 	0	 30002.00833331607	 197696	 2	 Protocol_Missing: 10002	 0.0	 0.0	 0.0	 0.0	 0.0	 0.0	 0.0	 0.0	 
50010	50000	10	 sysNum: 	35007	 MissingNum: 	0	 30021.766666649313	 198184	 2	 Protocol_Missing: 15003	 0.0	 0.0	 0.0	 0.0	 0.0	 0.0	 0.0	 0.0	 
50010	50000	10	 sysNum: 	30006	 MissingNum: 	0	 30032.491666649224	 198682	 2	 Protocol_Missing: 20004	 0.0	 0.0	 0.0	 0.0	 0.0	 0.0	 0.0	 0.0	 
50010	50000	10	 sysNum: 	25005	 MissingNum: 	0	 30009.89166664952	 197728	 2	 Protocol_Missing: 25005	 0.0	 0.0	 0.0	 0.0	 0.0	 0.0	 0.0	 0.0	 
50010	50000	10	 sysNum: 	20004	 MissingNum: 	0	 30034.149999982412	 198432	 2	 Protocol_Missing: 30006	 0.0	 0.0	 0.0	 0.0	 0.0	 0.0	 0.0	 0.0	 
50010	50000	10	 sysNum: 	15001	 MissingNum: 	0	 30082.34999998225	 200178	 2	 Protocol_Missing: 35009	 0.0	 0.0	 0.0	 0.0	 0.0	 0.0	 0.0	 0.0	 
50010	50000	10	 sysNum: 	10000	 MissingNum: 	0	 30011.233333316508	 197774	 2	 Protocol_Missing: 40010	 0.0	 0.0	 0.0	 0.0	 0.0	 0.0	 0.0	 0.0	 
50010	50000	10	 sysNum: 	4999	 MissingNum: 	0	 30041.63333331597	 198950	 2	 Protocol_Missing: 45001	 0.0	 0.0	 0.0	 0.0	 0.0	 0.0	 0.0	 0.0	 
50010	50000	10	 sysNum: 	45009	 MissingNum: 	0	 30046.674999982464	 198684	 2	 Protocol_Missing: 5001	 0.0	 0.0	 0.0	 0.0	 0.0	 0.0	 0.0	 0.0	 
50010	50000	10	 sysNum: 	40008	 MissingNum: 	0	 30008.12499998292	 197616	 2	 Protocol_Missing: 10002	 0.0	 0.0	 0.0	 0.0	 0.0	 0.0	 0.0	 0.0	 
50010	50000	10	 sysNum: 	35007	 MissingNum: 	0	 29977.341666650296	 197086	 2	 Protocol_Missing: 15003	 0.0	 0.0	 0.0	 0.0	 0.0	 0.0	 0.0	 0.0	 
50010	50000	10	 sysNum: 	30006	 MissingNum: 	0	 30028.683333316127	 198458	 2	 Protocol_Missing: 20004	 0.0	 0.0	 0.0	 0.0	 0.0	 0.0	 0.0	 0.0	 
50010	50000	10	 sysNum: 	25005	 MissingNum: 	0	 30016.76666664932	 198064	 2	 Protocol_Missing: 25005	 0.0	 0.0	 0.0	 0.0	 0.0	 0.0	 0.0	 0.0	 
50010	50000	10	 sysNum: 	20004	 MissingNum: 	0	 30047.6333333157	 198944	 2	 Protocol_Missing: 30006	 0.0	 0.0	 0.0	 0.0	 0.0	 0.0	 0.0	 0.0	 
50010	50000	10	 sysNum: 	15001	 MissingNum: 	0	 30050.783333315783	 198842	 2	 Protocol_Missing: 35009	 0.0	 0.0	 0.0	 0.0	 0.0	 0.0	 0.0	 0.0	 
50010	50000	10	 sysNum: 	10000	 MissingNum: 	0	 30026.658333315852	 198770	 2	 Protocol_Missing: 40010	 0.0	 0.0	 0.0	 0.0	 0.0	 0.0	 0.0	 0.0	 
50010	50000	10	 sysNum: 	4999	 MissingNum: 	0	 29996.44999998289	 197256	 2	 Protocol_Missing: 45001	 0.0	 0.0	 0.0	 0.0	 0.0	 0.0	 0.0	 0.0	 
50010	50000	10	 sysNum: 	45009	 MissingNum: 	0	 30014.649999982797	 198252	 2	 Protocol_Missing: 5001	 0.0	 0.0	 0.0	 0.0	 0.0	 0.0	 0.0	 0.0	 
50010	50000	10	 sysNum: 	40008	 MissingNum: 	0	 30063.749999982127	 199932	 2	 Protocol_Missing: 10002	 0.0	 0.0	 0.0	 0.0	 0.0	 0.0	 0.0	 0.0	 
50010	50000	10	 sysNum: 	35007	 MissingNum: 	0	 29975.40833331646	 197018	 2	 Protocol_Missing: 15003	 0.0	 0.0	 0.0	 0.0	 0.0	 0.0	 0.0	 0.0	 
50010	50000	10	 sysNum: 	30006	 MissingNum: 	0	 30020.64166664938	 198454	 2	 Protocol_Missing: 20004	 0.0	 0.0	 0.0	 0.0	 0.0	 0.0	 0.0	 0.0	 
50010	50000	10	 sysNum: 	25005	 MissingNum: 	0	 30057.658333315725	 198932	 2	 Protocol_Missing: 25005	 0.0	 0.0	 0.0	 0.0	 0.0	 0.0	 0.0	 0.0	 
50010	50000	10	 sysNum: 	20004	 MissingNum: 	0	 29985.466666649627	 197506	 2	 Protocol_Missing: 30006	 0.0	 0.0	 0.0	 0.0	 0.0	 0.0	 0.0	 0.0	 
50010	50000	10	 sysNum: 	15001	 MissingNum: 	0	 30008.408333316063	 198140	 2	 Protocol_Missing: 35009	 0.0	 0.0	 0.0	 0.0	 0.0	 0.0	 0.0	 0.0	 
50010	50000	10	 sysNum: 	10000	 MissingNum: 	0	 30033.824999982706	 198162	 2	 Protocol_Missing: 40010	 0.0	 0.0	 0.0	 0.0	 0.0	 0.0	 0.0	 0.0	 
50010	50000	10	 sysNum: 	4999	 MissingNum: 	0	 30019.67499998293	 198636	 2	 Protocol_Missing: 45001	 0.0	 0.0	 0.0	 0.0	 0.0	 0.0	 0.0	 0.0	 
50010	50000	10	 sysNum: 	45009	 MissingNum: 	0	 30050.516666649186	 198862	 2	 Protocol_Missing: 5001	 0.0	 0.0	 0.0	 0.0	 0.0	 0.0	 0.0	 0.0	 
50010	50000	10	 sysNum: 	40008	 MissingNum: 	0	 30050.8999999827	 199140	 2	 Protocol_Missing: 10002	 0.0	 0.0	 0.0	 0.0	 0.0	 0.0	 0.0	 0.0	 
50010	50000	10	 sysNum: 	35007	 MissingNum: 	0	 30016.31666664924	 198598	 2	 Protocol_Missing: 15003	 0.0	 0.0	 0.0	 0.0	 0.0	 0.0	 0.0	 0.0	 
50010	50000	10	 sysNum: 	30006	 MissingNum: 	0	 30008.741666649436	 198280	 2	 Protocol_Missing: 20004	 0.0	 0.0	 0.0	 0.0	 0.0	 0.0	 0.0	 0.0	 
50010	50000	10	 sysNum: 	25005	 MissingNum: 	0	 30009.64166664951	 198130	 2	 Protocol_Missing: 25005	 0.0	 0.0	 0.0	 0.0	 0.0	 0.0	 0.0	 0.0	 
50010	50000	10	 sysNum: 	20004	 MissingNum: 	0	 29993.76666664968	 197698	 2	 Protocol_Missing: 30006	 0.0	 0.0	 0.0	 0.0	 0.0	 0.0	 0.0	 0.0	 
50010	50000	10	 sysNum: 	15001	 MissingNum: 	0	 30042.066666649112	 198856	 2	 Protocol_Missing: 35009	 0.0	 0.0	 0.0	 0.0	 0.0	 0.0	 0.0	 0.0	 
50010	50000	10	 sysNum: 	10000	 MissingNum: 	0	 30047.2583333156	 198758	 2	 Protocol_Missing: 40010	 0.0	 0.0	 0.0	 0.0	 0.0	 0.0	 0.0	 0.0	 
50010	50000	10	 sysNum: 	4999	 MissingNum: 	0	 30001.516666649513	 197590	 2	 Protocol_Missing: 45001	 0.0	 0.0	 0.0	 0.0	 0.0	 0.0	 0.0	 0.0	 
50010	50000	10	 sysNum: 	45009	 MissingNum: 	0	 29996.98333331639	 197798	 2	 Protocol_Missing: 5001	 0.0	 0.0	 0.0	 0.0	 0.0	 0.0	 0.0	 0.0	 
50010	50000	10	 sysNum: 	40008	 MissingNum: 	0	 30026.34999998289	 198552	 2	 Protocol_Missing: 10002	 0.0	 0.0	 0.0	 0.0	 0.0	 0.0	 0.0	 0.0	 
50010	50000	10	 sysNum: 	35007	 MissingNum: 	0	 30024.716666649492	 198616	 2	 Protocol_Missing: 15003	 0.0	 0.0	 0.0	 0.0	 0.0	 0.0	 0.0	 0.0	 
50010	50000	10	 sysNum: 	30006	 MissingNum: 	0	 29951.433333316345	 196160	 2	 Protocol_Missing: 20004	 0.0	 0.0	 0.0	 0.0	 0.0	 0.0	 0.0	 0.0	 
50010	50000	10	 sysNum: 	25005	 MissingNum: 	0	 30008.608333316457	 198260	 2	 Protocol_Missing: 25005	 0.0	 0.0	 0.0	 0.0	 0.0	 0.0	 0.0	 0.0	 
50010	50000	10	 sysNum: 	20004	 MissingNum: 	0	 30040.29999998249	 199476	 2	 Protocol_Missing: 30006	 0.0	 0.0	 0.0	 0.0	 0.0	 0.0	 0.0	 0.0	 
50010	50000	10	 sysNum: 	15001	 MissingNum: 	0	 30010.391666649615	 198010	 2	 Protocol_Missing: 35009	 0.0	 0.0	 0.0	 0.0	 0.0	 0.0	 0.0	 0.0	 
50010	50000	10	 sysNum: 	10000	 MissingNum: 	0	 30013.39999998282	 197940	 2	 Protocol_Missing: 40010	 0.0	 0.0	 0.0	 0.0	 0.0	 0.0	 0.0	 0.0	 
50010	50000	10	 sysNum: 	4999	 MissingNum: 	0	 30039.37499998278	 198870	 2	 Protocol_Missing: 45001	 0.0	 0.0	 0.0	 0.0	 0.0	 0.0	 0.0	 0.0	 
50010	50000	10	 sysNum: 	45009	 MissingNum: 	0	 30003.224999982805	 197964	 2	 Protocol_Missing: 5001	 0.0	 0.0	 0.0	 0.0	 0.0	 0.0	 0.0	 0.0	 
50010	50000	10	 sysNum: 	40008	 MissingNum: 	0	 30041.674999982544	 199032	 2	 Protocol_Missing: 10002	 0.0	 0.0	 0.0	 0.0	 0.0	 0.0	 0.0	 0.0	 
50010	50000	10	 sysNum: 	35007	 MissingNum: 	0	 29994.874999983193	 197436	 2	 Protocol_Missing: 15003	 0.0	 0.0	 0.0	 0.0	 0.0	 0.0	 0.0	 0.0	 
50010	50000	10	 sysNum: 	30006	 MissingNum: 	0	 30043.00833331602	 198620	 2	 Protocol_Missing: 20004	 0.0	 0.0	 0.0	 0.0	 0.0	 0.0	 0.0	 0.0	 
50010	50000	10	 sysNum: 	25005	 MissingNum: 	0	 30047.324999982422	 198756	 2	 Protocol_Missing: 25005	 0.0	 0.0	 0.0	 0.0	 0.0	 0.0	 0.0	 0.0	 
50010	50000	10	 sysNum: 	20004	 MissingNum: 	0	 30056.308333315596	 199388	 2	 Protocol_Missing: 30006	 0.0	 0.0	 0.0	 0.0	 0.0	 0.0	 0.0	 0.0	 
50010	50000	10	 sysNum: 	15001	 MissingNum: 	0	 29998.691666649742	 197368	 2	 Protocol_Missing: 35009	 0.0	 0.0	 0.0	 0.0	 0.0	 0.0	 0.0	 0.0	 
50010	50000	10	 sysNum: 	10000	 MissingNum: 	0	 30035.458333316164	 198482	 2	 Protocol_Missing: 40010	 0.0	 0.0	 0.0	 0.0	 0.0	 0.0	 0.0	 0.0	 
50010	50000	10	 sysNum: 	4999	 MissingNum: 	0	 30045.258333315745	 198932	 2	 Protocol_Missing: 45001	 0.0	 0.0	 0.0	 0.0	 0.0	 0.0	 0.0	 0.0	 
50010	50000	10	 sysNum: 	45009	 MissingNum: 	0	 30038.074999982633	 198810	 2	 Protocol_Missing: 5001	 0.0	 0.0	 0.0	 0.0	 0.0	 0.0	 0.0	 0.0	 
50010	50000	10	 sysNum: 	40008	 MissingNum: 	0	 30030.05833331584	 198818	 2	 Protocol_Missing: 10002	 0.0	 0.0	 0.0	 0.0	 0.0	 0.0	 0.0	 0.0	 
50010	50000	10	 sysNum: 	35007	 MissingNum: 	0	 30005.14166664952	 198046	 2	 Protocol_Missing: 15003	 0.0	 0.0	 0.0	 0.0	 0.0	 0.0	 0.0	 0.0	 
50010	50000	10	 sysNum: 	30006	 MissingNum: 	0	 30017.241666649308	 198346	 2	 Protocol_Missing: 20004	 0.0	 0.0	 0.0	 0.0	 0.0	 0.0	 0.0	 0.0	 
50010	50000	10	 sysNum: 	25005	 MissingNum: 	0	 30021.81666664914	 198544	 2	 Protocol_Missing: 25005	 0.0	 0.0	 0.0	 0.0	 0.0	 0.0	 0.0	 0.0	 
50010	50000	10	 sysNum: 	20004	 MissingNum: 	0	 30041.58333331584	 198722	 2	 Protocol_Missing: 30006	 0.0	 0.0	 0.0	 0.0	 0.0	 0.0	 0.0	 0.0	 
50010	50000	10	 sysNum: 	15001	 MissingNum: 	0	 30030.98333331606	 198494	 2	 Protocol_Missing: 35009	 0.0	 0.0	 0.0	 0.0	 0.0	 0.0	 0.0	 0.0	 
50010	50000	10	 sysNum: 	10000	 MissingNum: 	0	 30071.383333315876	 199772	 2	 Protocol_Missing: 40010	 0.0	 0.0	 0.0	 0.0	 0.0	 0.0	 0.0	 0.0	 
50010	50000	10	 sysNum: 	4999	 MissingNum: 	0	 30020.558333316007	 198314	 2	 Protocol_Missing: 45001	 0.0	 0.0	 0.0	 0.0	 0.0	 0.0	 0.0	 0.0	 
50010	50000	10	 sysNum: 	45009	 MissingNum: 	0	 30052.016666648975	 199450	 2	 Protocol_Missing: 5001	 0.0	 0.0	 0.0	 0.0	 0.0	 0.0	 0.0	 0.0	 
50010	50000	10	 sysNum: 	40008	 MissingNum: 	0	 30000.94166664928	 197608	 2	 Protocol_Missing: 10002	 0.0	 0.0	 0.0	 0.0	 0.0	 0.0	 0.0	 0.0	 
50010	50000	10	 sysNum: 	35007	 MissingNum: 	0	 30005.591666649223	 198100	 2	 Protocol_Missing: 15003	 0.0	 0.0	 0.0	 0.0	 0.0	 0.0	 0.0	 0.0	 
50010	50000	10	 sysNum: 	30006	 MissingNum: 	0	 30051.633333315884	 199076	 2	 Protocol_Missing: 20004	 0.0	 0.0	 0.0	 0.0	 0.0	 0.0	 0.0	 0.0	 
50010	50000	10	 sysNum: 	25005	 MissingNum: 	0	 29995.991666649414	 197662	 2	 Protocol_Missing: 25005	 0.0	 0.0	 0.0	 0.0	 0.0	 0.0	 0.0	 0.0	 
50010	50000	10	 sysNum: 	20004	 MissingNum: 	0	 30010.699999982597	 197700	 2	 Protocol_Missing: 30006	 0.0	 0.0	 0.0	 0.0	 0.0	 0.0	 0.0	 0.0	 
50010	50000	10	 sysNum: 	15001	 MissingNum: 	0	 30037.30833331588	 198818	 2	 Protocol_Missing: 35009	 0.0	 0.0	 0.0	 0.0	 0.0	 0.0	 0.0	 0.0	 
50010	50000	10	 sysNum: 	10000	 MissingNum: 	0	 30066.533333315525	 199742	 2	 Protocol_Missing: 40010	 0.0	 0.0	 0.0	 0.0	 0.0	 0.0	 0.0	 0.0	 
50010	50000	10	 sysNum: 	4999	 MissingNum: 	0	 30031.45833331596	 198896	 2	 Protocol_Missing: 45001	 0.0	 0.0	 0.0	 0.0	 0.0	 0.0	 0.0	 0.0	 
50010	50000	10	 sysNum: 	45009	 MissingNum: 	0	 30023.44166664918	 198268	 2	 Protocol_Missing: 5001	 0.0	 0.0	 0.0	 0.0	 0.0	 0.0	 0.0	 0.0	 
50010	50000	10	 sysNum: 	40008	 MissingNum: 	0	 30006.891666649495	 198034	 2	 Protocol_Missing: 10002	 0.0	 0.0	 0.0	 0.0	 0.0	 0.0	 0.0	 0.0	 
50010	50000	10	 sysNum: 	35007	 MissingNum: 	0	 29994.424999982864	 197226	 2	 Protocol_Missing: 15003	 0.0	 0.0	 0.0	 0.0	 0.0	 0.0	 0.0	 0.0	 
50010	50000	10	 sysNum: 	30006	 MissingNum: 	0	 30014.94999998266	 197916	 2	 Protocol_Missing: 20004	 0.0	 0.0	 0.0	 0.0	 0.0	 0.0	 0.0	 0.0	 
50010	50000	10	 sysNum: 	25005	 MissingNum: 	0	 30056.30833331559	 199556	 2	 Protocol_Missing: 25005	 0.0	 0.0	 0.0	 0.0	 0.0	 0.0	 0.0	 0.0	 
50010	50000	10	 sysNum: 	20004	 MissingNum: 	0	 30029.799999982693	 198360	 2	 Protocol_Missing: 30006	 0.0	 0.0	 0.0	 0.0	 0.0	 0.0	 0.0	 0.0	 
50010	50000	10	 sysNum: 	15001	 MissingNum: 	0	 30012.733333316024	 198302	 2	 Protocol_Missing: 35009	 0.0	 0.0	 0.0	 0.0	 0.0	 0.0	 0.0	 0.0	 
50010	50000	10	 sysNum: 	10000	 MissingNum: 	0	 30016.94999998272	 198294	 2	 Protocol_Missing: 40010	 0.0	 0.0	 0.0	 0.0	 0.0	 0.0	 0.0	 0.0	 
50010	50000	10	 sysNum: 	4999	 MissingNum: 	0	 30018.46666664924	 198232	 2	 Protocol_Missing: 45001	 0.0	 0.0	 0.0	 0.0	 0.0	 0.0	 0.0	 0.0	 
50010	50000	10	 sysNum: 	45009	 MissingNum: 	0	 29967.708333316295	 196904	 2	 Protocol_Missing: 5001	 0.0	 0.0	 0.0	 0.0	 0.0	 0.0	 0.0	 0.0	 
50010	50000	10	 sysNum: 	40008	 MissingNum: 	0	 29989.49999998288	 197244	 2	 Protocol_Missing: 10002	 0.0	 0.0	 0.0	 0.0	 0.0	 0.0	 0.0	 0.0	 
50010	50000	10	 sysNum: 	35007	 MissingNum: 	0	 30004.591666649623	 197656	 2	 Protocol_Missing: 15003	 0.0	 0.0	 0.0	 0.0	 0.0	 0.0	 0.0	 0.0	 
50010	50000	10	 sysNum: 	30006	 MissingNum: 	0	 30032.958333315997	 198458	 2	 Protocol_Missing: 20004	 0.0	 0.0	 0.0	 0.0	 0.0	 0.0	 0.0	 0.0	 
50010	50000	10	 sysNum: 	25005	 MissingNum: 	0	 30024.258333316087	 198650	 2	 Protocol_Missing: 25005	 0.0	 0.0	 0.0	 0.0	 0.0	 0.0	 0.0	 0.0	 
50010	50000	10	 sysNum: 	20004	 MissingNum: 	0	 30084.658333315503	 200576	 2	 Protocol_Missing: 30006	 0.0	 0.0	 0.0	 0.0	 0.0	 0.0	 0.0	 0.0	 
50010	50000	10	 sysNum: 	15001	 MissingNum: 	0	 30018.95833331616	 198218	 2	 Protocol_Missing: 35009	 0.0	 0.0	 0.0	 0.0	 0.0	 0.0	 0.0	 0.0	 
50010	50000	10	 sysNum: 	10000	 MissingNum: 	0	 30035.00833331605	 198578	 2	 Protocol_Missing: 40010	 0.0	 0.0	 0.0	 0.0	 0.0	 0.0	 0.0	 0.0	 
50010	50000	10	 sysNum: 	4999	 MissingNum: 	0	 30058.258333315684	 199268	 2	 Protocol_Missing: 45001	 0.0	 0.0	 0.0	 0.0	 0.0	 0.0	 0.0	 0.0	 
50010	50000	10	 sysNum: 	45009	 MissingNum: 	0	 30056.933333315923	 199580	 2	 Protocol_Missing: 5001	 0.0	 0.0	 0.0	 0.0	 0.0	 0.0	 0.0	 0.0	 
50010	50000	10	 sysNum: 	40008	 MissingNum: 	0	 29993.41666664941	 197620	 2	 Protocol_Missing: 10002	 0.0	 0.0	 0.0	 0.0	 0.0	 0.0	 0.0	 0.0	 
50010	50000	10	 sysNum: 	35007	 MissingNum: 	0	 30027.816666649258	 198736	 2	 Protocol_Missing: 15003	 0.0	 0.0	 0.0	 0.0	 0.0	 0.0	 0.0	 0.0	 
50010	50000	10	 sysNum: 	30006	 MissingNum: 	0	 30044.54999998264	 198654	 2	 Protocol_Missing: 20004	 0.0	 0.0	 0.0	 0.0	 0.0	 0.0	 0.0	 0.0	 
50010	50000	10	 sysNum: 	25005	 MissingNum: 	0	 30053.291666649	 199072	 2	 Protocol_Missing: 25005	 0.0	 0.0	 0.0	 0.0	 0.0	 0.0	 0.0	 0.0	 
50010	50000	10	 sysNum: 	20004	 MissingNum: 	0	 30011.474999982736	 198132	 2	 Protocol_Missing: 30006	 0.0	 0.0	 0.0	 0.0	 0.0	 0.0	 0.0	 0.0	 
50010	50000	10	 sysNum: 	15001	 MissingNum: 	0	 30028.549999982384	 198624	 2	 Protocol_Missing: 35009	 0.0	 0.0	 0.0	 0.0	 0.0	 0.0	 0.0	 0.0	 
50010	50000	10	 sysNum: 	10000	 MissingNum: 	0	 30031.70833331604	 198680	 2	 Protocol_Missing: 40010	 0.0	 0.0	 0.0	 0.0	 0.0	 0.0	 0.0	 0.0	 
50010	50000	10	 sysNum: 	4999	 MissingNum: 	0	 30027.858333315842	 198566	 2	 Protocol_Missing: 45001	 0.0	 0.0	 0.0	 0.0	 0.0	 0.0	 0.0	 0.0	 
