50010	50000	10	 sysNum: 	45009	 MissingNum: 	0	 54676.58333333444	 286932	 2	 Protocol_Missing: 5001	 0.0	 0.0	 0.0	 0.0	 0.0	 0.0	 0.0	 0.0	 
50010	50000	10	 sysNum: 	40008	 MissingNum: 	0	 54806.20000000092	 288189	 2	 Protocol_Missing: 10002	 0.0	 0.0	 0.0	 0.0	 0.0	 0.0	 0.0	 0.0	 
50010	50000	10	 sysNum: 	35007	 MissingNum: 	0	 54482.5083333338	 286923	 2	 Protocol_Missing: 15003	 0.0	 0.0	 0.0	 0.0	 0.0	 0.0	 0.0	 0.0	 
50010	50000	10	 sysNum: 	30006	 MissingNum: 	0	 54489.991666667076	 287565	 2	 Protocol_Missing: 20004	 0.0	 0.0	 0.0	 0.0	 0.0	 0.0	 0.0	 0.0	 
50010	50000	10	 sysNum: 	25005	 MissingNum: 	0	 54559.233333333425	 288399	 2	 Protocol_Missing: 25005	 0.0	 0.0	 0.0	 0.0	 0.0	 0.0	 0.0	 0.0	 
50010	50000	10	 sysNum: 	20004	 MissingNum: 	0	 54202.90833333335	 287256	 2	 Protocol_Missing: 30006	 0.0	 0.0	 0.0	 0.0	 0.0	 0.0	 0.0	 0.0	 
50010	50000	10	 sysNum: 	15001	 MissingNum: 	0	 53668.88333333318	 285150	 2	 Protocol_Missing: 35009	 0.0	 0.0	 0.0	 0.0	 0.0	 0.0	 0.0	 0.0	 
50010	50000	10	 sysNum: 	10000	 MissingNum: 	0	 53756.85833333282	 286410	 2	 Protocol_Missing: 40010	 0.0	 0.0	 0.0	 0.0	 0.0	 0.0	 0.0	 0.0	 
50010	50000	10	 sysNum: 	4999	 MissingNum: 	0	 53690.84166666641	 286863	 2	 Protocol_Missing: 45001	 0.0	 0.0	 0.0	 0.0	 0.0	 0.0	 0.0	 0.0	 
50010	50000	10	 sysNum: 	45009	 MissingNum: 	0	 55049.908333334715	 288966	 2	 Protocol_Missing: 5001	 0.0	 0.0	 0.0	 0.0	 0.0	 0.0	 0.0	 0.0	 
50010	50000	10	 sysNum: 	40008	 MissingNum: 	0	 54834.166666667435	 288240	 2	 Protocol_Missing: 10002	 0.0	 0.0	 0.0	 0.0	 0.0	 0.0	 0.0	 0.0	 
50010	50000	10	 sysNum: 	35007	 MissingNum: 	0	 54477.9166666672	 286881	 2	 Protocol_Missing: 15003	 0.0	 0.0	 0.0	 0.0	 0.0	 0.0	 0.0	 0.0	 
50010	50000	10	 sysNum: 	30006	 MissingNum: 	0	 54497.6249999999	 287658	 2	 Protocol_Missing: 20004	 0.0	 0.0	 0.0	 0.0	 0.0	 0.0	 0.0	 0.0	 
50010	50000	10	 sysNum: 	25005	 MissingNum: 	0	 54430.59166666717	 287826	 2	 Protocol_Missing: 25005	 0.0	 0.0	 0.0	 0.0	 0.0	 0.0	 0.0	 0.0	 
50010	50000	10	 sysNum: 	20004	 MissingNum: 	0	 54218.63333333334	 287382	 2	 Protocol_Missing: 30006	 0.0	 0.0	 0.0	 0.0	 0.0	 0.0	 0.0	 0.0	 
50010	50000	10	 sysNum: 	15001	 MissingNum: 	0	 54129.12499999987	 287577	 2	 Protocol_Missing: 35009	 0.0	 0.0	 0.0	 0.0	 0.0	 0.0	 0.0	 0.0	 
50010	50000	10	 sysNum: 	10000	 MissingNum: 	0	 53982.82499999959	 287559	 2	 Protocol_Missing: 40010	 0.0	 0.0	 0.0	 0.0	 0.0	 0.0	 0.0	 0.0	 
50010	50000	10	 sysNum: 	4999	 MissingNum: 	0	 53636.624999999935	 286587	 2	 Protocol_Missing: 45001	 0.0	 0.0	 0.0	 0.0	 0.0	 0.0	 0.0	 0.0	 
50010	50000	10	 sysNum: 	45009	 MissingNum: 	0	 54717.30000000109	 287154	 2	 Protocol_Missing: 5001	 0.0	 0.0	 0.0	 0.0	 0.0	 0.0	 0.0	 0.0	 
50010	50000	10	 sysNum: 	40008	 MissingNum: 	0	 54317.19166666708	 285513	 2	 Protocol_Missing: 10002	 0.0	 0.0	 0.0	 0.0	 0.0	 0.0	 0.0	 0.0	 
50010	50000	10	 sysNum: 	35007	 MissingNum: 	0	 54695.10833333444	 288039	 2	 Protocol_Missing: 15003	 0.0	 0.0	 0.0	 0.0	 0.0	 0.0	 0.0	 0.0	 
50010	50000	10	 sysNum: 	30006	 MissingNum: 	0	 54449.67500000031	 287289	 2	 Protocol_Missing: 20004	 0.0	 0.0	 0.0	 0.0	 0.0	 0.0	 0.0	 0.0	 
50010	50000	10	 sysNum: 	25005	 MissingNum: 	0	 54466.950000000266	 288072	 2	 Protocol_Missing: 25005	 0.0	 0.0	 0.0	 0.0	 0.0	 0.0	 0.0	 0.0	 
50010	50000	10	 sysNum: 	20004	 MissingNum: 	0	 54094.033333333005	 286734	 2	 Protocol_Missing: 30006	 0.0	 0.0	 0.0	 0.0	 0.0	 0.0	 0.0	 0.0	 
50010	50000	10	 sysNum: 	15001	 MissingNum: 	0	 53883.30833333332	 286302	 2	 Protocol_Missing: 35009	 0.0	 0.0	 0.0	 0.0	 0.0	 0.0	 0.0	 0.0	 
50010	50000	10	 sysNum: 	10000	 MissingNum: 	0	 54001.09999999948	 287694	 2	 Protocol_Missing: 40010	 0.0	 0.0	 0.0	 0.0	 0.0	 0.0	 0.0	 0.0	 
50010	50000	10	 sysNum: 	4999	 MissingNum: 	0	 53868.89999999994	 287829	 2	 Protocol_Missing: 45001	 0.0	 0.0	 0.0	 0.0	 0.0	 0.0	 0.0	 0.0	 
50010	50000	10	 sysNum: 	45009	 MissingNum: 	0	 54772.916666667654	 287439	 2	 Protocol_Missing: 5001	 0.0	 0.0	 0.0	 0.0	 0.0	 0.0	 0.0	 0.0	 
50010	50000	10	 sysNum: 	40008	 MissingNum: 	0	 54714.12500000069	 287631	 2	 Protocol_Missing: 10002	 0.0	 0.0	 0.0	 0.0	 0.0	 0.0	 0.0	 0.0	 
50010	50000	10	 sysNum: 	35007	 MissingNum: 	0	 54730.908333334184	 288237	 2	 Protocol_Missing: 15003	 0.0	 0.0	 0.0	 0.0	 0.0	 0.0	 0.0	 0.0	 
50010	50000	10	 sysNum: 	30006	 MissingNum: 	0	 54443.41666666669	 287313	 2	 Protocol_Missing: 20004	 0.0	 0.0	 0.0	 0.0	 0.0	 0.0	 0.0	 0.0	 
50010	50000	10	 sysNum: 	25005	 MissingNum: 	0	 54311.166666666686	 287187	 2	 Protocol_Missing: 25005	 0.0	 0.0	 0.0	 0.0	 0.0	 0.0	 0.0	 0.0	 
50010	50000	10	 sysNum: 	20004	 MissingNum: 	0	 54157.45833333317	 287022	 2	 Protocol_Missing: 30006	 0.0	 0.0	 0.0	 0.0	 0.0	 0.0	 0.0	 0.0	 
50010	50000	10	 sysNum: 	15001	 MissingNum: 	0	 54094.958333333285	 287427	 2	 Protocol_Missing: 35009	 0.0	 0.0	 0.0	 0.0	 0.0	 0.0	 0.0	 0.0	 
50010	50000	10	 sysNum: 	10000	 MissingNum: 	0	 53995.20000000008	 287667	 2	 Protocol_Missing: 40010	 0.0	 0.0	 0.0	 0.0	 0.0	 0.0	 0.0	 0.0	 
50010	50000	10	 sysNum: 	4999	 MissingNum: 	0	 53874.24999999966	 287874	 2	 Protocol_Missing: 45001	 0.0	 0.0	 0.0	 0.0	 0.0	 0.0	 0.0	 0.0	 
50010	50000	10	 sysNum: 	45009	 MissingNum: 	0	 54477.316666667204	 285864	 2	 Protocol_Missing: 5001	 0.0	 0.0	 0.0	 0.0	 0.0	 0.0	 0.0	 0.0	 
50010	50000	10	 sysNum: 	40008	 MissingNum: 	0	 54777.508333333746	 287958	 2	 Protocol_Missing: 10002	 0.0	 0.0	 0.0	 0.0	 0.0	 0.0	 0.0	 0.0	 
50010	50000	10	 sysNum: 	35007	 MissingNum: 	0	 54694.10833333339	 287976	 2	 Protocol_Missing: 15003	 0.0	 0.0	 0.0	 0.0	 0.0	 0.0	 0.0	 0.0	 
50010	50000	10	 sysNum: 	30006	 MissingNum: 	0	 54526.54166666692	 287673	 2	 Protocol_Missing: 20004	 0.0	 0.0	 0.0	 0.0	 0.0	 0.0	 0.0	 0.0	 
50010	50000	10	 sysNum: 	25005	 MissingNum: 	0	 54451.99166666703	 287880	 2	 Protocol_Missing: 25005	 0.0	 0.0	 0.0	 0.0	 0.0	 0.0	 0.0	 0.0	 
50010	50000	10	 sysNum: 	20004	 MissingNum: 	0	 54138.06666666637	 286962	 2	 Protocol_Missing: 30006	 0.0	 0.0	 0.0	 0.0	 0.0	 0.0	 0.0	 0.0	 
50010	50000	10	 sysNum: 	15001	 MissingNum: 	0	 54355.983333333315	 288768	 2	 Protocol_Missing: 35009	 0.0	 0.0	 0.0	 0.0	 0.0	 0.0	 0.0	 0.0	 
50010	50000	10	 sysNum: 	10000	 MissingNum: 	0	 53854.62499999993	 286929	 2	 Protocol_Missing: 40010	 0.0	 0.0	 0.0	 0.0	 0.0	 0.0	 0.0	 0.0	 
50010	50000	10	 sysNum: 	4999	 MissingNum: 	0	 53893.85833333319	 287940	 2	 Protocol_Missing: 45001	 0.0	 0.0	 0.0	 0.0	 0.0	 0.0	 0.0	 0.0	 
50010	50000	10	 sysNum: 	45009	 MissingNum: 	0	 55008.73333333474	 288723	 2	 Protocol_Missing: 5001	 0.0	 0.0	 0.0	 0.0	 0.0	 0.0	 0.0	 0.0	 
50010	50000	10	 sysNum: 	40008	 MissingNum: 	0	 54595.508333334066	 286968	 2	 Protocol_Missing: 10002	 0.0	 0.0	 0.0	 0.0	 0.0	 0.0	 0.0	 0.0	 
50010	50000	10	 sysNum: 	35007	 MissingNum: 	0	 54444.008333333724	 286707	 2	 Protocol_Missing: 15003	 0.0	 0.0	 0.0	 0.0	 0.0	 0.0	 0.0	 0.0	 
50010	50000	10	 sysNum: 	30006	 MissingNum: 	0	 54633.86666666723	 288204	 2	 Protocol_Missing: 20004	 0.0	 0.0	 0.0	 0.0	 0.0	 0.0	 0.0	 0.0	 
50010	50000	10	 sysNum: 	25005	 MissingNum: 	0	 54483.499999999745	 288108	 2	 Protocol_Missing: 25005	 0.0	 0.0	 0.0	 0.0	 0.0	 0.0	 0.0	 0.0	 
50010	50000	10	 sysNum: 	20004	 MissingNum: 	0	 54063.44166666658	 286557	 2	 Protocol_Missing: 30006	 0.0	 0.0	 0.0	 0.0	 0.0	 0.0	 0.0	 0.0	 
50010	50000	10	 sysNum: 	15001	 MissingNum: 	0	 54161.97500000009	 287775	 2	 Protocol_Missing: 35009	 0.0	 0.0	 0.0	 0.0	 0.0	 0.0	 0.0	 0.0	 
50010	50000	10	 sysNum: 	10000	 MissingNum: 	0	 54179.92499999979	 288639	 2	 Protocol_Missing: 40010	 0.0	 0.0	 0.0	 0.0	 0.0	 0.0	 0.0	 0.0	 
50010	50000	10	 sysNum: 	4999	 MissingNum: 	0	 53533.49166666655	 286071	 2	 Protocol_Missing: 45001	 0.0	 0.0	 0.0	 0.0	 0.0	 0.0	 0.0	 0.0	 
50010	50000	10	 sysNum: 	45009	 MissingNum: 	0	 54916.4083333342	 288174	 2	 Protocol_Missing: 5001	 0.0	 0.0	 0.0	 0.0	 0.0	 0.0	 0.0	 0.0	 
50010	50000	10	 sysNum: 	40008	 MissingNum: 	0	 54583.57500000033	 286911	 2	 Protocol_Missing: 10002	 0.0	 0.0	 0.0	 0.0	 0.0	 0.0	 0.0	 0.0	 
50010	50000	10	 sysNum: 	35007	 MissingNum: 	0	 54572.700000000405	 287334	 2	 Protocol_Missing: 15003	 0.0	 0.0	 0.0	 0.0	 0.0	 0.0	 0.0	 0.0	 
50010	50000	10	 sysNum: 	30006	 MissingNum: 	0	 54537.8333333337	 287769	 2	 Protocol_Missing: 20004	 0.0	 0.0	 0.0	 0.0	 0.0	 0.0	 0.0	 0.0	 
50010	50000	10	 sysNum: 	25005	 MissingNum: 	0	 54504.81666666689	 288231	 2	 Protocol_Missing: 25005	 0.0	 0.0	 0.0	 0.0	 0.0	 0.0	 0.0	 0.0	 
50010	50000	10	 sysNum: 	20004	 MissingNum: 	0	 54163.333333333205	 287031	 2	 Protocol_Missing: 30006	 0.0	 0.0	 0.0	 0.0	 0.0	 0.0	 0.0	 0.0	 
50010	50000	10	 sysNum: 	15001	 MissingNum: 	0	 53986.433333333225	 286878	 2	 Protocol_Missing: 35009	 0.0	 0.0	 0.0	 0.0	 0.0	 0.0	 0.0	 0.0	 
50010	50000	10	 sysNum: 	10000	 MissingNum: 	0	 53892.93333333344	 287148	 2	 Protocol_Missing: 40010	 0.0	 0.0	 0.0	 0.0	 0.0	 0.0	 0.0	 0.0	 
50010	50000	10	 sysNum: 	4999	 MissingNum: 	0	 53667.51666666641	 286737	 2	 Protocol_Missing: 45001	 0.0	 0.0	 0.0	 0.0	 0.0	 0.0	 0.0	 0.0	 
50010	50000	10	 sysNum: 	45009	 MissingNum: 	0	 54745.84166666786	 287259	 2	 Protocol_Missing: 5001	 0.0	 0.0	 0.0	 0.0	 0.0	 0.0	 0.0	 0.0	 
50010	50000	10	 sysNum: 	40008	 MissingNum: 	0	 54352.83333333353	 285744	 2	 Protocol_Missing: 10002	 0.0	 0.0	 0.0	 0.0	 0.0	 0.0	 0.0	 0.0	 
50010	50000	10	 sysNum: 	35007	 MissingNum: 	0	 54562.341666667155	 287331	 2	 Protocol_Missing: 15003	 0.0	 0.0	 0.0	 0.0	 0.0	 0.0	 0.0	 0.0	 
50010	50000	10	 sysNum: 	30006	 MissingNum: 	0	 54470.89166666656	 287448	 2	 Protocol_Missing: 20004	 0.0	 0.0	 0.0	 0.0	 0.0	 0.0	 0.0	 0.0	 
50010	50000	10	 sysNum: 	25005	 MissingNum: 	0	 54524.2333333334	 288291	 2	 Protocol_Missing: 25005	 0.0	 0.0	 0.0	 0.0	 0.0	 0.0	 0.0	 0.0	 
50010	50000	10	 sysNum: 	20004	 MissingNum: 	0	 54422.82499999975	 288486	 2	 Protocol_Missing: 30006	 0.0	 0.0	 0.0	 0.0	 0.0	 0.0	 0.0	 0.0	 
50010	50000	10	 sysNum: 	15001	 MissingNum: 	0	 54279.075	 288351	 2	 Protocol_Missing: 35009	 0.0	 0.0	 0.0	 0.0	 0.0	 0.0	 0.0	 0.0	 
50010	50000	10	 sysNum: 	10000	 MissingNum: 	0	 53939.90833333326	 287346	 2	 Protocol_Missing: 40010	 0.0	 0.0	 0.0	 0.0	 0.0	 0.0	 0.0	 0.0	 
50010	50000	10	 sysNum: 	4999	 MissingNum: 	0	 54070.0583333333	 288885	 2	 Protocol_Missing: 45001	 0.0	 0.0	 0.0	 0.0	 0.0	 0.0	 0.0	 0.0	 
50010	50000	10	 sysNum: 	45009	 MissingNum: 	0	 54591.22500000072	 286497	 2	 Protocol_Missing: 5001	 0.0	 0.0	 0.0	 0.0	 0.0	 0.0	 0.0	 0.0	 
50010	50000	10	 sysNum: 	40008	 MissingNum: 	0	 55129.86666666767	 289878	 2	 Protocol_Missing: 10002	 0.0	 0.0	 0.0	 0.0	 0.0	 0.0	 0.0	 0.0	 
50010	50000	10	 sysNum: 	35007	 MissingNum: 	0	 54699.850000000486	 288036	 2	 Protocol_Missing: 15003	 0.0	 0.0	 0.0	 0.0	 0.0	 0.0	 0.0	 0.0	 
50010	50000	10	 sysNum: 	30006	 MissingNum: 	0	 54588.058333334004	 288075	 2	 Protocol_Missing: 20004	 0.0	 0.0	 0.0	 0.0	 0.0	 0.0	 0.0	 0.0	 
50010	50000	10	 sysNum: 	25005	 MissingNum: 	0	 54486.583333333205	 288120	 2	 Protocol_Missing: 25005	 0.0	 0.0	 0.0	 0.0	 0.0	 0.0	 0.0	 0.0	 
50010	50000	10	 sysNum: 	20004	 MissingNum: 	0	 54422.7916666666	 288474	 2	 Protocol_Missing: 30006	 0.0	 0.0	 0.0	 0.0	 0.0	 0.0	 0.0	 0.0	 
50010	50000	10	 sysNum: 	15001	 MissingNum: 	0	 53959.874999999614	 286677	 2	 Protocol_Missing: 35009	 0.0	 0.0	 0.0	 0.0	 0.0	 0.0	 0.0	 0.0	 
50010	50000	10	 sysNum: 	10000	 MissingNum: 	0	 54008.174999999734	 287712	 2	 Protocol_Missing: 40010	 0.0	 0.0	 0.0	 0.0	 0.0	 0.0	 0.0	 0.0	 
50010	50000	10	 sysNum: 	4999	 MissingNum: 	0	 53584.0416666666	 286287	 2	 Protocol_Missing: 45001	 0.0	 0.0	 0.0	 0.0	 0.0	 0.0	 0.0	 0.0	 
50010	50000	10	 sysNum: 	45009	 MissingNum: 	0	 54681.466666667664	 287025	 2	 Protocol_Missing: 5001	 0.0	 0.0	 0.0	 0.0	 0.0	 0.0	 0.0	 0.0	 
50010	50000	10	 sysNum: 	40008	 MissingNum: 	0	 54756.17500000069	 287901	 2	 Protocol_Missing: 10002	 0.0	 0.0	 0.0	 0.0	 0.0	 0.0	 0.0	 0.0	 
50010	50000	10	 sysNum: 	35007	 MissingNum: 	0	 54521.46666666695	 287160	 2	 Protocol_Missing: 15003	 0.0	 0.0	 0.0	 0.0	 0.0	 0.0	 0.0	 0.0	 
50010	50000	10	 sysNum: 	30006	 MissingNum: 	0	 54349.32500000027	 286776	 2	 Protocol_Missing: 20004	 0.0	 0.0	 0.0	 0.0	 0.0	 0.0	 0.0	 0.0	 
50010	50000	10	 sysNum: 	25005	 MissingNum: 	0	 54261.466666666536	 286971	 2	 Protocol_Missing: 25005	 0.0	 0.0	 0.0	 0.0	 0.0	 0.0	 0.0	 0.0	 
50010	50000	10	 sysNum: 	20004	 MissingNum: 	0	 54378.849999999635	 288162	 2	 Protocol_Missing: 30006	 0.0	 0.0	 0.0	 0.0	 0.0	 0.0	 0.0	 0.0	 
50010	50000	10	 sysNum: 	15001	 MissingNum: 	0	 53987.45833333324	 286842	 2	 Protocol_Missing: 35009	 0.0	 0.0	 0.0	 0.0	 0.0	 0.0	 0.0	 0.0	 
50010	50000	10	 sysNum: 	10000	 MissingNum: 	0	 53763.683333332956	 286428	 2	 Protocol_Missing: 40010	 0.0	 0.0	 0.0	 0.0	 0.0	 0.0	 0.0	 0.0	 
50010	50000	10	 sysNum: 	4999	 MissingNum: 	0	 53895.4083333331	 287850	 2	 Protocol_Missing: 45001	 0.0	 0.0	 0.0	 0.0	 0.0	 0.0	 0.0	 0.0	 
50010	50000	10	 sysNum: 	45009	 MissingNum: 	0	 54745.93333333463	 287337	 2	 Protocol_Missing: 5001	 0.0	 0.0	 0.0	 0.0	 0.0	 0.0	 0.0	 0.0	 
50010	50000	10	 sysNum: 	40008	 MissingNum: 	0	 54752.291666667414	 287808	 2	 Protocol_Missing: 10002	 0.0	 0.0	 0.0	 0.0	 0.0	 0.0	 0.0	 0.0	 
50010	50000	10	 sysNum: 	35007	 MissingNum: 	0	 54407.408333333624	 286473	 2	 Protocol_Missing: 15003	 0.0	 0.0	 0.0	 0.0	 0.0	 0.0	 0.0	 0.0	 
50010	50000	10	 sysNum: 	30006	 MissingNum: 	0	 54665.55000000015	 288450	 2	 Protocol_Missing: 20004	 0.0	 0.0	 0.0	 0.0	 0.0	 0.0	 0.0	 0.0	 
50010	50000	10	 sysNum: 	25005	 MissingNum: 	0	 54242.50833333301	 286788	 2	 Protocol_Missing: 25005	 0.0	 0.0	 0.0	 0.0	 0.0	 0.0	 0.0	 0.0	 
50010	50000	10	 sysNum: 	20004	 MissingNum: 	0	 54047.574999999786	 286452	 2	 Protocol_Missing: 30006	 0.0	 0.0	 0.0	 0.0	 0.0	 0.0	 0.0	 0.0	 
50010	50000	10	 sysNum: 	15001	 MissingNum: 	0	 54534.700000000084	 289692	 2	 Protocol_Missing: 35009	 0.0	 0.0	 0.0	 0.0	 0.0	 0.0	 0.0	 0.0	 
50010	50000	10	 sysNum: 	10000	 MissingNum: 	0	 53909.17499999996	 287190	 2	 Protocol_Missing: 40010	 0.0	 0.0	 0.0	 0.0	 0.0	 0.0	 0.0	 0.0	 
50010	50000	10	 sysNum: 	4999	 MissingNum: 	0	 53970.68333333322	 288291	 2	 Protocol_Missing: 45001	 0.0	 0.0	 0.0	 0.0	 0.0	 0.0	 0.0	 0.0	 
50010	50000	10	 sysNum: 	45009	 MissingNum: 	0	 54810.56666666755	 287673	 2	 Protocol_Missing: 5001	 0.0	 0.0	 0.0	 0.0	 0.0	 0.0	 0.0	 0.0	 
50010	50000	10	 sysNum: 	40008	 MissingNum: 	0	 54875.05000000036	 288432	 2	 Protocol_Missing: 10002	 0.0	 0.0	 0.0	 0.0	 0.0	 0.0	 0.0	 0.0	 
50010	50000	10	 sysNum: 	35007	 MissingNum: 	0	 54830.84166666754	 288771	 2	 Protocol_Missing: 15003	 0.0	 0.0	 0.0	 0.0	 0.0	 0.0	 0.0	 0.0	 
50010	50000	10	 sysNum: 	30006	 MissingNum: 	0	 54575.15833333337	 287976	 2	 Protocol_Missing: 20004	 0.0	 0.0	 0.0	 0.0	 0.0	 0.0	 0.0	 0.0	 
50010	50000	10	 sysNum: 	25005	 MissingNum: 	0	 54194.01666666619	 286602	 2	 Protocol_Missing: 25005	 0.0	 0.0	 0.0	 0.0	 0.0	 0.0	 0.0	 0.0	 
50010	50000	10	 sysNum: 	20004	 MissingNum: 	0	 53998.86666666617	 286260	 2	 Protocol_Missing: 30006	 0.0	 0.0	 0.0	 0.0	 0.0	 0.0	 0.0	 0.0	 
50010	50000	10	 sysNum: 	15001	 MissingNum: 	0	 53908.149999999616	 286371	 2	 Protocol_Missing: 35009	 0.0	 0.0	 0.0	 0.0	 0.0	 0.0	 0.0	 0.0	 
50010	50000	10	 sysNum: 	10000	 MissingNum: 	0	 53946.366666666574	 287358	 2	 Protocol_Missing: 40010	 0.0	 0.0	 0.0	 0.0	 0.0	 0.0	 0.0	 0.0	 
50010	50000	10	 sysNum: 	4999	 MissingNum: 	0	 53571.82499999994	 286236	 2	 Protocol_Missing: 45001	 0.0	 0.0	 0.0	 0.0	 0.0	 0.0	 0.0	 0.0	 
50010	50000	10	 sysNum: 	45009	 MissingNum: 	0	 54724.008333334656	 287229	 2	 Protocol_Missing: 5001	 0.0	 0.0	 0.0	 0.0	 0.0	 0.0	 0.0	 0.0	 
50010	50000	10	 sysNum: 	40008	 MissingNum: 	0	 54932.6500000006	 288756	 2	 Protocol_Missing: 10002	 0.0	 0.0	 0.0	 0.0	 0.0	 0.0	 0.0	 0.0	 
50010	50000	10	 sysNum: 	35007	 MissingNum: 	0	 54580.06666666696	 287430	 2	 Protocol_Missing: 15003	 0.0	 0.0	 0.0	 0.0	 0.0	 0.0	 0.0	 0.0	 
50010	50000	10	 sysNum: 	30006	 MissingNum: 	0	 54404.050000000185	 287091	 2	 Protocol_Missing: 20004	 0.0	 0.0	 0.0	 0.0	 0.0	 0.0	 0.0	 0.0	 
50010	50000	10	 sysNum: 	25005	 MissingNum: 	0	 54614.5	 288765	 2	 Protocol_Missing: 25005	 0.0	 0.0	 0.0	 0.0	 0.0	 0.0	 0.0	 0.0	 
50010	50000	10	 sysNum: 	20004	 MissingNum: 	0	 54557.216666666354	 289131	 2	 Protocol_Missing: 30006	 0.0	 0.0	 0.0	 0.0	 0.0	 0.0	 0.0	 0.0	 
50010	50000	10	 sysNum: 	15001	 MissingNum: 	0	 53956.333333333285	 286653	 2	 Protocol_Missing: 35009	 0.0	 0.0	 0.0	 0.0	 0.0	 0.0	 0.0	 0.0	 
50010	50000	10	 sysNum: 	10000	 MissingNum: 	0	 53855.19166666693	 286917	 2	 Protocol_Missing: 40010	 0.0	 0.0	 0.0	 0.0	 0.0	 0.0	 0.0	 0.0	 
50010	50000	10	 sysNum: 	4999	 MissingNum: 	0	 53770.54166666668	 287223	 2	 Protocol_Missing: 45001	 0.0	 0.0	 0.0	 0.0	 0.0	 0.0	 0.0	 0.0	 
50010	50000	10	 sysNum: 	45009	 MissingNum: 	0	 54725.716666667744	 287232	 2	 Protocol_Missing: 5001	 0.0	 0.0	 0.0	 0.0	 0.0	 0.0	 0.0	 0.0	 
50010	50000	10	 sysNum: 	40008	 MissingNum: 	0	 54664.05000000035	 287388	 2	 Protocol_Missing: 10002	 0.0	 0.0	 0.0	 0.0	 0.0	 0.0	 0.0	 0.0	 
50010	50000	10	 sysNum: 	35007	 MissingNum: 	0	 54452.27500000053	 286821	 2	 Protocol_Missing: 15003	 0.0	 0.0	 0.0	 0.0	 0.0	 0.0	 0.0	 0.0	 
50010	50000	10	 sysNum: 	30006	 MissingNum: 	0	 54377.083333333656	 286896	 2	 Protocol_Missing: 20004	 0.0	 0.0	 0.0	 0.0	 0.0	 0.0	 0.0	 0.0	 
50010	50000	10	 sysNum: 	25005	 MissingNum: 	0	 54317.591666666944	 287214	 2	 Protocol_Missing: 25005	 0.0	 0.0	 0.0	 0.0	 0.0	 0.0	 0.0	 0.0	 
50010	50000	10	 sysNum: 	20004	 MissingNum: 	0	 54302.32499999981	 287820	 2	 Protocol_Missing: 30006	 0.0	 0.0	 0.0	 0.0	 0.0	 0.0	 0.0	 0.0	 
50010	50000	10	 sysNum: 	15001	 MissingNum: 	0	 54028.95000000028	 287028	 2	 Protocol_Missing: 35009	 0.0	 0.0	 0.0	 0.0	 0.0	 0.0	 0.0	 0.0	 
50010	50000	10	 sysNum: 	10000	 MissingNum: 	0	 53830.241666666516	 286782	 2	 Protocol_Missing: 40010	 0.0	 0.0	 0.0	 0.0	 0.0	 0.0	 0.0	 0.0	 
50010	50000	10	 sysNum: 	4999	 MissingNum: 	0	 53795.6000000001	 287361	 2	 Protocol_Missing: 45001	 0.0	 0.0	 0.0	 0.0	 0.0	 0.0	 0.0	 0.0	 
50010	50000	10	 sysNum: 	45009	 MissingNum: 	0	 54890.22500000088	 288018	 2	 Protocol_Missing: 5001	 0.0	 0.0	 0.0	 0.0	 0.0	 0.0	 0.0	 0.0	 
50010	50000	10	 sysNum: 	40008	 MissingNum: 	0	 54531.50833333403	 286680	 2	 Protocol_Missing: 10002	 0.0	 0.0	 0.0	 0.0	 0.0	 0.0	 0.0	 0.0	 
50010	50000	10	 sysNum: 	35007	 MissingNum: 	0	 54505.0666666669	 287034	 2	 Protocol_Missing: 15003	 0.0	 0.0	 0.0	 0.0	 0.0	 0.0	 0.0	 0.0	 
50010	50000	10	 sysNum: 	30006	 MissingNum: 	0	 54488.89166666663	 287511	 2	 Protocol_Missing: 20004	 0.0	 0.0	 0.0	 0.0	 0.0	 0.0	 0.0	 0.0	 
50010	50000	10	 sysNum: 	25005	 MissingNum: 	0	 54226.891666666765	 286683	 2	 Protocol_Missing: 25005	 0.0	 0.0	 0.0	 0.0	 0.0	 0.0	 0.0	 0.0	 
50010	50000	10	 sysNum: 	20004	 MissingNum: 	0	 54466.36666666644	 288708	 2	 Protocol_Missing: 30006	 0.0	 0.0	 0.0	 0.0	 0.0	 0.0	 0.0	 0.0	 
50010	50000	10	 sysNum: 	15001	 MissingNum: 	0	 53902.333333333314	 286347	 2	 Protocol_Missing: 35009	 0.0	 0.0	 0.0	 0.0	 0.0	 0.0	 0.0	 0.0	 
50010	50000	10	 sysNum: 	10000	 MissingNum: 	0	 53948.73333333304	 287355	 2	 Protocol_Missing: 40010	 0.0	 0.0	 0.0	 0.0	 0.0	 0.0	 0.0	 0.0	 
50010	50000	10	 sysNum: 	4999	 MissingNum: 	0	 53660.06666666676	 286674	 2	 Protocol_Missing: 45001	 0.0	 0.0	 0.0	 0.0	 0.0	 0.0	 0.0	 0.0	 
50010	50000	10	 sysNum: 	45009	 MissingNum: 	0	 54693.033333334664	 287094	 2	 Protocol_Missing: 5001	 0.0	 0.0	 0.0	 0.0	 0.0	 0.0	 0.0	 0.0	 
50010	50000	10	 sysNum: 	40008	 MissingNum: 	0	 54681.100000000646	 287442	 2	 Protocol_Missing: 10002	 0.0	 0.0	 0.0	 0.0	 0.0	 0.0	 0.0	 0.0	 
50010	50000	10	 sysNum: 	35007	 MissingNum: 	0	 54811.77500000101	 288675	 2	 Protocol_Missing: 15003	 0.0	 0.0	 0.0	 0.0	 0.0	 0.0	 0.0	 0.0	 
50010	50000	10	 sysNum: 	30006	 MissingNum: 	0	 54441.916666666984	 287268	 2	 Protocol_Missing: 20004	 0.0	 0.0	 0.0	 0.0	 0.0	 0.0	 0.0	 0.0	 
50010	50000	10	 sysNum: 	25005	 MissingNum: 	0	 54507.550000000054	 288306	 2	 Protocol_Missing: 25005	 0.0	 0.0	 0.0	 0.0	 0.0	 0.0	 0.0	 0.0	 
50010	50000	10	 sysNum: 	20004	 MissingNum: 	0	 54259.9166666665	 287556	 2	 Protocol_Missing: 30006	 0.0	 0.0	 0.0	 0.0	 0.0	 0.0	 0.0	 0.0	 
50010	50000	10	 sysNum: 	15001	 MissingNum: 	0	 54158.80833333311	 287724	 2	 Protocol_Missing: 35009	 0.0	 0.0	 0.0	 0.0	 0.0	 0.0	 0.0	 0.0	 
50010	50000	10	 sysNum: 	10000	 MissingNum: 	0	 54124.76666666645	 288330	 2	 Protocol_Missing: 40010	 0.0	 0.0	 0.0	 0.0	 0.0	 0.0	 0.0	 0.0	 
50010	50000	10	 sysNum: 	4999	 MissingNum: 	0	 53737.55833333303	 287085	 2	 Protocol_Missing: 45001	 0.0	 0.0	 0.0	 0.0	 0.0	 0.0	 0.0	 0.0	 
50010	50000	10	 sysNum: 	45009	 MissingNum: 	0	 54924.37500000112	 288288	 2	 Protocol_Missing: 5001	 0.0	 0.0	 0.0	 0.0	 0.0	 0.0	 0.0	 0.0	 
50010	50000	10	 sysNum: 	40008	 MissingNum: 	0	 54943.97500000069	 288810	 2	 Protocol_Missing: 10002	 0.0	 0.0	 0.0	 0.0	 0.0	 0.0	 0.0	 0.0	 
50010	50000	10	 sysNum: 	35007	 MissingNum: 	0	 54636.85000000032	 287766	 2	 Protocol_Missing: 15003	 0.0	 0.0	 0.0	 0.0	 0.0	 0.0	 0.0	 0.0	 
50010	50000	10	 sysNum: 	30006	 MissingNum: 	0	 54603.474999999766	 288045	 2	 Protocol_Missing: 20004	 0.0	 0.0	 0.0	 0.0	 0.0	 0.0	 0.0	 0.0	 
50010	50000	10	 sysNum: 	25005	 MissingNum: 	0	 54491.04166666708	 288141	 2	 Protocol_Missing: 25005	 0.0	 0.0	 0.0	 0.0	 0.0	 0.0	 0.0	 0.0	 
50010	50000	10	 sysNum: 	20004	 MissingNum: 	0	 54298.80833333297	 287715	 2	 Protocol_Missing: 30006	 0.0	 0.0	 0.0	 0.0	 0.0	 0.0	 0.0	 0.0	 
50010	50000	10	 sysNum: 	15001	 MissingNum: 	0	 54118.349999999584	 287550	 2	 Protocol_Missing: 35009	 0.0	 0.0	 0.0	 0.0	 0.0	 0.0	 0.0	 0.0	 
50010	50000	10	 sysNum: 	10000	 MissingNum: 	0	 53961.44999999994	 287442	 2	 Protocol_Missing: 40010	 0.0	 0.0	 0.0	 0.0	 0.0	 0.0	 0.0	 0.0	 
50010	50000	10	 sysNum: 	4999	 MissingNum: 	0	 53710.16666666662	 287016	 2	 Protocol_Missing: 45001	 0.0	 0.0	 0.0	 0.0	 0.0	 0.0	 0.0	 0.0	 
50010	50000	10	 sysNum: 	45009	 MissingNum: 	0	 54835.591666667424	 287799	 2	 Protocol_Missing: 5001	 0.0	 0.0	 0.0	 0.0	 0.0	 0.0	 0.0	 0.0	 
50010	50000	10	 sysNum: 	40008	 MissingNum: 	0	 54310.82500000038	 285471	 2	 Protocol_Missing: 10002	 0.0	 0.0	 0.0	 0.0	 0.0	 0.0	 0.0	 0.0	 
50010	50000	10	 sysNum: 	35007	 MissingNum: 	0	 54681.74166666722	 288078	 2	 Protocol_Missing: 15003	 0.0	 0.0	 0.0	 0.0	 0.0	 0.0	 0.0	 0.0	 
50010	50000	10	 sysNum: 	30006	 MissingNum: 	0	 54176.55833333357	 285861	 2	 Protocol_Missing: 20004	 0.0	 0.0	 0.0	 0.0	 0.0	 0.0	 0.0	 0.0	 
50010	50000	10	 sysNum: 	25005	 MissingNum: 	0	 54314.19999999988	 287235	 2	 Protocol_Missing: 25005	 0.0	 0.0	 0.0	 0.0	 0.0	 0.0	 0.0	 0.0	 
50010	50000	10	 sysNum: 	20004	 MissingNum: 	0	 54383.083333333256	 288210	 2	 Protocol_Missing: 30006	 0.0	 0.0	 0.0	 0.0	 0.0	 0.0	 0.0	 0.0	 
50010	50000	10	 sysNum: 	15001	 MissingNum: 	0	 54006.55833333291	 286977	 2	 Protocol_Missing: 35009	 0.0	 0.0	 0.0	 0.0	 0.0	 0.0	 0.0	 0.0	 
50010	50000	10	 sysNum: 	10000	 MissingNum: 	0	 53930.949999999786	 287280	 2	 Protocol_Missing: 40010	 0.0	 0.0	 0.0	 0.0	 0.0	 0.0	 0.0	 0.0	 
50010	50000	10	 sysNum: 	4999	 MissingNum: 	0	 53587.72499999981	 286362	 2	 Protocol_Missing: 45001	 0.0	 0.0	 0.0	 0.0	 0.0	 0.0	 0.0	 0.0	 
50010	50000	10	 sysNum: 	45009	 MissingNum: 	0	 54777.65000000092	 287550	 2	 Protocol_Missing: 5001	 0.0	 0.0	 0.0	 0.0	 0.0	 0.0	 0.0	 0.0	 
50010	50000	10	 sysNum: 	40008	 MissingNum: 	0	 54713.76666666768	 287565	 2	 Protocol_Missing: 10002	 0.0	 0.0	 0.0	 0.0	 0.0	 0.0	 0.0	 0.0	 
50010	50000	10	 sysNum: 	35007	 MissingNum: 	0	 54437.958333333874	 286734	 2	 Protocol_Missing: 15003	 0.0	 0.0	 0.0	 0.0	 0.0	 0.0	 0.0	 0.0	 
50010	50000	10	 sysNum: 	30006	 MissingNum: 	0	 54551.6083333333	 287841	 2	 Protocol_Missing: 20004	 0.0	 0.0	 0.0	 0.0	 0.0	 0.0	 0.0	 0.0	 
50010	50000	10	 sysNum: 	25005	 MissingNum: 	0	 54244.25	 286803	 2	 Protocol_Missing: 25005	 0.0	 0.0	 0.0	 0.0	 0.0	 0.0	 0.0	 0.0	 
50010	50000	10	 sysNum: 	20004	 MissingNum: 	0	 54265.49999999995	 287631	 2	 Protocol_Missing: 30006	 0.0	 0.0	 0.0	 0.0	 0.0	 0.0	 0.0	 0.0	 
50010	50000	10	 sysNum: 	15001	 MissingNum: 	0	 54178.32499999982	 287838	 2	 Protocol_Missing: 35009	 0.0	 0.0	 0.0	 0.0	 0.0	 0.0	 0.0	 0.0	 
50010	50000	10	 sysNum: 	10000	 MissingNum: 	0	 54066.291666666766	 288024	 2	 Protocol_Missing: 40010	 0.0	 0.0	 0.0	 0.0	 0.0	 0.0	 0.0	 0.0	 
50010	50000	10	 sysNum: 	4999	 MissingNum: 	0	 53642.69166666638	 286593	 2	 Protocol_Missing: 45001	 0.0	 0.0	 0.0	 0.0	 0.0	 0.0	 0.0	 0.0	 
50010	50000	10	 sysNum: 	45009	 MissingNum: 	0	 54820.908333334606	 287688	 2	 Protocol_Missing: 5001	 0.0	 0.0	 0.0	 0.0	 0.0	 0.0	 0.0	 0.0	 
50010	50000	10	 sysNum: 	40008	 MissingNum: 	0	 54640.35833333405	 287193	 2	 Protocol_Missing: 10002	 0.0	 0.0	 0.0	 0.0	 0.0	 0.0	 0.0	 0.0	 
50010	50000	10	 sysNum: 	35007	 MissingNum: 	0	 54362.77500000006	 286245	 2	 Protocol_Missing: 15003	 0.0	 0.0	 0.0	 0.0	 0.0	 0.0	 0.0	 0.0	 
50010	50000	10	 sysNum: 	30006	 MissingNum: 	0	 54689.750000000044	 288567	 2	 Protocol_Missing: 20004	 0.0	 0.0	 0.0	 0.0	 0.0	 0.0	 0.0	 0.0	 
50010	50000	10	 sysNum: 	25005	 MissingNum: 	0	 54349.658333333515	 287364	 2	 Protocol_Missing: 25005	 0.0	 0.0	 0.0	 0.0	 0.0	 0.0	 0.0	 0.0	 
50010	50000	10	 sysNum: 	20004	 MissingNum: 	0	 54054.76666666686	 286566	 2	 Protocol_Missing: 30006	 0.0	 0.0	 0.0	 0.0	 0.0	 0.0	 0.0	 0.0	 
50010	50000	10	 sysNum: 	15001	 MissingNum: 	0	 53880.34999999958	 286272	 2	 Protocol_Missing: 35009	 0.0	 0.0	 0.0	 0.0	 0.0	 0.0	 0.0	 0.0	 
50010	50000	10	 sysNum: 	10000	 MissingNum: 	0	 53927.0166666665	 287358	 2	 Protocol_Missing: 40010	 0.0	 0.0	 0.0	 0.0	 0.0	 0.0	 0.0	 0.0	 
50010	50000	10	 sysNum: 	4999	 MissingNum: 	0	 53800.433333333116	 287454	 2	 Protocol_Missing: 45001	 0.0	 0.0	 0.0	 0.0	 0.0	 0.0	 0.0	 0.0	 
50010	50000	10	 sysNum: 	45009	 MissingNum: 	0	 54882.35833333415	 288048	 2	 Protocol_Missing: 5001	 0.0	 0.0	 0.0	 0.0	 0.0	 0.0	 0.0	 0.0	 
50010	50000	10	 sysNum: 	40008	 MissingNum: 	0	 54626.9333333342	 287202	 2	 Protocol_Missing: 10002	 0.0	 0.0	 0.0	 0.0	 0.0	 0.0	 0.0	 0.0	 
50010	50000	10	 sysNum: 	35007	 MissingNum: 	0	 54462.591666667286	 286809	 2	 Protocol_Missing: 15003	 0.0	 0.0	 0.0	 0.0	 0.0	 0.0	 0.0	 0.0	 
50010	50000	10	 sysNum: 	30006	 MissingNum: 	0	 54264.550000000134	 286299	 2	 Protocol_Missing: 20004	 0.0	 0.0	 0.0	 0.0	 0.0	 0.0	 0.0	 0.0	 
50010	50000	10	 sysNum: 	25005	 MissingNum: 	0	 54475.5249999998	 288081	 2	 Protocol_Missing: 25005	 0.0	 0.0	 0.0	 0.0	 0.0	 0.0	 0.0	 0.0	 
50010	50000	10	 sysNum: 	20004	 MissingNum: 	0	 54319.79999999985	 287793	 2	 Protocol_Missing: 30006	 0.0	 0.0	 0.0	 0.0	 0.0	 0.0	 0.0	 0.0	 
50010	50000	10	 sysNum: 	15001	 MissingNum: 	0	 54165.52499999957	 287676	 2	 Protocol_Missing: 35009	 0.0	 0.0	 0.0	 0.0	 0.0	 0.0	 0.0	 0.0	 
50010	50000	10	 sysNum: 	10000	 MissingNum: 	0	 53995.39999999994	 287640	 2	 Protocol_Missing: 40010	 0.0	 0.0	 0.0	 0.0	 0.0	 0.0	 0.0	 0.0	 
50010	50000	10	 sysNum: 	4999	 MissingNum: 	0	 53898.79166666648	 287943	 2	 Protocol_Missing: 45001	 0.0	 0.0	 0.0	 0.0	 0.0	 0.0	 0.0	 0.0	 
50010	50000	10	 sysNum: 	45009	 MissingNum: 	0	 54513.60833333418	 286077	 2	 Protocol_Missing: 5001	 0.0	 0.0	 0.0	 0.0	 0.0	 0.0	 0.0	 0.0	 
50010	50000	10	 sysNum: 	40008	 MissingNum: 	0	 54773.033333334286	 287949	 2	 Protocol_Missing: 10002	 0.0	 0.0	 0.0	 0.0	 0.0	 0.0	 0.0	 0.0	 
50010	50000	10	 sysNum: 	35007	 MissingNum: 	0	 54762.325000000696	 288432	 2	 Protocol_Missing: 15003	 0.0	 0.0	 0.0	 0.0	 0.0	 0.0	 0.0	 0.0	 
50010	50000	10	 sysNum: 	30006	 MissingNum: 	0	 54488.70833333369	 287526	 2	 Protocol_Missing: 20004	 0.0	 0.0	 0.0	 0.0	 0.0	 0.0	 0.0	 0.0	 
50010	50000	10	 sysNum: 	25005	 MissingNum: 	0	 54389.31666666703	 287601	 2	 Protocol_Missing: 25005	 0.0	 0.0	 0.0	 0.0	 0.0	 0.0	 0.0	 0.0	 
50010	50000	10	 sysNum: 	20004	 MissingNum: 	0	 53913.77499999993	 285768	 2	 Protocol_Missing: 30006	 0.0	 0.0	 0.0	 0.0	 0.0	 0.0	 0.0	 0.0	 
50010	50000	10	 sysNum: 	15001	 MissingNum: 	0	 54258.00000000001	 288288	 2	 Protocol_Missing: 35009	 0.0	 0.0	 0.0	 0.0	 0.0	 0.0	 0.0	 0.0	 
50010	50000	10	 sysNum: 	10000	 MissingNum: 	0	 54147.87499999975	 288387	 2	 Protocol_Missing: 40010	 0.0	 0.0	 0.0	 0.0	 0.0	 0.0	 0.0	 0.0	 
50010	50000	10	 sysNum: 	4999	 MissingNum: 	0	 53797.774999999936	 287460	 2	 Protocol_Missing: 45001	 0.0	 0.0	 0.0	 0.0	 0.0	 0.0	 0.0	 0.0	 
50010	50000	10	 sysNum: 	45009	 MissingNum: 	0	 54701.058333334346	 287094	 2	 Protocol_Missing: 5001	 0.0	 0.0	 0.0	 0.0	 0.0	 0.0	 0.0	 0.0	 
50010	50000	10	 sysNum: 	40008	 MissingNum: 	0	 54568.908333333755	 286896	 2	 Protocol_Missing: 10002	 0.0	 0.0	 0.0	 0.0	 0.0	 0.0	 0.0	 0.0	 
50010	50000	10	 sysNum: 	35007	 MissingNum: 	0	 54617.8166666668	 287646	 2	 Protocol_Missing: 15003	 0.0	 0.0	 0.0	 0.0	 0.0	 0.0	 0.0	 0.0	 
50010	50000	10	 sysNum: 	30006	 MissingNum: 	0	 54459.425000000076	 287352	 2	 Protocol_Missing: 20004	 0.0	 0.0	 0.0	 0.0	 0.0	 0.0	 0.0	 0.0	 
50010	50000	10	 sysNum: 	25005	 MissingNum: 	0	 54512.5083333335	 288264	 2	 Protocol_Missing: 25005	 0.0	 0.0	 0.0	 0.0	 0.0	 0.0	 0.0	 0.0	 
50010	50000	10	 sysNum: 	20004	 MissingNum: 	0	 54323.81666666625	 287889	 2	 Protocol_Missing: 30006	 0.0	 0.0	 0.0	 0.0	 0.0	 0.0	 0.0	 0.0	 
50010	50000	10	 sysNum: 	15001	 MissingNum: 	0	 54296.29166666678	 288465	 2	 Protocol_Missing: 35009	 0.0	 0.0	 0.0	 0.0	 0.0	 0.0	 0.0	 0.0	 
50010	50000	10	 sysNum: 	10000	 MissingNum: 	0	 53908.058333333225	 287229	 2	 Protocol_Missing: 40010	 0.0	 0.0	 0.0	 0.0	 0.0	 0.0	 0.0	 0.0	 
50010	50000	10	 sysNum: 	4999	 MissingNum: 	0	 53778.1833333332	 287328	 2	 Protocol_Missing: 45001	 0.0	 0.0	 0.0	 0.0	 0.0	 0.0	 0.0	 0.0	 
50010	50000	10	 sysNum: 	45009	 MissingNum: 	0	 54787.96666666777	 287637	 2	 Protocol_Missing: 5001	 0.0	 0.0	 0.0	 0.0	 0.0	 0.0	 0.0	 0.0	 
50010	50000	10	 sysNum: 	40008	 MissingNum: 	0	 54901.74166666756	 288618	 2	 Protocol_Missing: 10002	 0.0	 0.0	 0.0	 0.0	 0.0	 0.0	 0.0	 0.0	 
50010	50000	10	 sysNum: 	35007	 MissingNum: 	0	 54846.86666666721	 288834	 2	 Protocol_Missing: 15003	 0.0	 0.0	 0.0	 0.0	 0.0	 0.0	 0.0	 0.0	 
50010	50000	10	 sysNum: 	30006	 MissingNum: 	0	 54283.566666666775	 286395	 2	 Protocol_Missing: 20004	 0.0	 0.0	 0.0	 0.0	 0.0	 0.0	 0.0	 0.0	 
50010	50000	10	 sysNum: 	25005	 MissingNum: 	0	 54122.75000000038	 286209	 2	 Protocol_Missing: 25005	 0.0	 0.0	 0.0	 0.0	 0.0	 0.0	 0.0	 0.0	 
50010	50000	10	 sysNum: 	20004	 MissingNum: 	0	 54491.666666666766	 288780	 2	 Protocol_Missing: 30006	 0.0	 0.0	 0.0	 0.0	 0.0	 0.0	 0.0	 0.0	 
50010	50000	10	 sysNum: 	15001	 MissingNum: 	0	 54101.2166666664	 287403	 2	 Protocol_Missing: 35009	 0.0	 0.0	 0.0	 0.0	 0.0	 0.0	 0.0	 0.0	 
50010	50000	10	 sysNum: 	10000	 MissingNum: 	0	 54084.558333333036	 288165	 2	 Protocol_Missing: 40010	 0.0	 0.0	 0.0	 0.0	 0.0	 0.0	 0.0	 0.0	 
50010	50000	10	 sysNum: 	4999	 MissingNum: 	0	 53795.99166666645	 287403	 2	 Protocol_Missing: 45001	 0.0	 0.0	 0.0	 0.0	 0.0	 0.0	 0.0	 0.0	 
50010	50000	10	 sysNum: 	45009	 MissingNum: 	0	 54538.30833333411	 286203	 2	 Protocol_Missing: 5001	 0.0	 0.0	 0.0	 0.0	 0.0	 0.0	 0.0	 0.0	 
50010	50000	10	 sysNum: 	40008	 MissingNum: 	0	 54978.81666666766	 289068	 2	 Protocol_Missing: 10002	 0.0	 0.0	 0.0	 0.0	 0.0	 0.0	 0.0	 0.0	 
50010	50000	10	 sysNum: 	35007	 MissingNum: 	0	 54670.24166666721	 287934	 2	 Protocol_Missing: 15003	 0.0	 0.0	 0.0	 0.0	 0.0	 0.0	 0.0	 0.0	 
50010	50000	10	 sysNum: 	30006	 MissingNum: 	0	 54617.99166666656	 288150	 2	 Protocol_Missing: 20004	 0.0	 0.0	 0.0	 0.0	 0.0	 0.0	 0.0	 0.0	 
50010	50000	10	 sysNum: 	25005	 MissingNum: 	0	 54684.69166666682	 289194	 2	 Protocol_Missing: 25005	 0.0	 0.0	 0.0	 0.0	 0.0	 0.0	 0.0	 0.0	 
50010	50000	10	 sysNum: 	20004	 MissingNum: 	0	 54215.99166666654	 287421	 2	 Protocol_Missing: 30006	 0.0	 0.0	 0.0	 0.0	 0.0	 0.0	 0.0	 0.0	 
50010	50000	10	 sysNum: 	15001	 MissingNum: 	0	 54016.44166666652	 286962	 2	 Protocol_Missing: 35009	 0.0	 0.0	 0.0	 0.0	 0.0	 0.0	 0.0	 0.0	 
50010	50000	10	 sysNum: 	10000	 MissingNum: 	0	 53862.94166666645	 286980	 2	 Protocol_Missing: 40010	 0.0	 0.0	 0.0	 0.0	 0.0	 0.0	 0.0	 0.0	 
50010	50000	10	 sysNum: 	4999	 MissingNum: 	0	 53914.766666666525	 287997	 2	 Protocol_Missing: 45001	 0.0	 0.0	 0.0	 0.0	 0.0	 0.0	 0.0	 0.0	 
50010	50000	10	 sysNum: 	45009	 MissingNum: 	0	 54972.14166666758	 288510	 2	 Protocol_Missing: 5001	 0.0	 0.0	 0.0	 0.0	 0.0	 0.0	 0.0	 0.0	 
50010	50000	10	 sysNum: 	40008	 MissingNum: 	0	 54673.46666666768	 287466	 2	 Protocol_Missing: 10002	 0.0	 0.0	 0.0	 0.0	 0.0	 0.0	 0.0	 0.0	 
50010	50000	10	 sysNum: 	35007	 MissingNum: 	0	 54838.56666666742	 288780	 2	 Protocol_Missing: 15003	 0.0	 0.0	 0.0	 0.0	 0.0	 0.0	 0.0	 0.0	 
50010	50000	10	 sysNum: 	30006	 MissingNum: 	0	 54747.50000000031	 288855	 2	 Protocol_Missing: 20004	 0.0	 0.0	 0.0	 0.0	 0.0	 0.0	 0.0	 0.0	 
50010	50000	10	 sysNum: 	25005	 MissingNum: 	0	 54065.29999999994	 285876	 2	 Protocol_Missing: 25005	 0.0	 0.0	 0.0	 0.0	 0.0	 0.0	 0.0	 0.0	 
50010	50000	10	 sysNum: 	20004	 MissingNum: 	0	 54451.51666666688	 288573	 2	 Protocol_Missing: 30006	 0.0	 0.0	 0.0	 0.0	 0.0	 0.0	 0.0	 0.0	 
50010	50000	10	 sysNum: 	15001	 MissingNum: 	0	 54036.174999999785	 287028	 2	 Protocol_Missing: 35009	 0.0	 0.0	 0.0	 0.0	 0.0	 0.0	 0.0	 0.0	 
50010	50000	10	 sysNum: 	10000	 MissingNum: 	0	 53975.99166666668	 287484	 2	 Protocol_Missing: 40010	 0.0	 0.0	 0.0	 0.0	 0.0	 0.0	 0.0	 0.0	 
50010	50000	10	 sysNum: 	4999	 MissingNum: 	0	 53799.90833333334	 287454	 2	 Protocol_Missing: 45001	 0.0	 0.0	 0.0	 0.0	 0.0	 0.0	 0.0	 0.0	 
50010	50000	10	 sysNum: 	45009	 MissingNum: 	0	 54805.10000000121	 287586	 2	 Protocol_Missing: 5001	 0.0	 0.0	 0.0	 0.0	 0.0	 0.0	 0.0	 0.0	 
50010	50000	10	 sysNum: 	40008	 MissingNum: 	0	 54758.57500000051	 287910	 2	 Protocol_Missing: 10002	 0.0	 0.0	 0.0	 0.0	 0.0	 0.0	 0.0	 0.0	 
50010	50000	10	 sysNum: 	35007	 MissingNum: 	0	 54741.266666667514	 288285	 2	 Protocol_Missing: 15003	 0.0	 0.0	 0.0	 0.0	 0.0	 0.0	 0.0	 0.0	 
50010	50000	10	 sysNum: 	30006	 MissingNum: 	0	 54421.1166666666	 287169	 2	 Protocol_Missing: 20004	 0.0	 0.0	 0.0	 0.0	 0.0	 0.0	 0.0	 0.0	 
50010	50000	10	 sysNum: 	25005	 MissingNum: 	0	 54891.15833333354	 290226	 2	 Protocol_Missing: 25005	 0.0	 0.0	 0.0	 0.0	 0.0	 0.0	 0.0	 0.0	 
50010	50000	10	 sysNum: 	20004	 MissingNum: 	0	 54392.72499999978	 288252	 2	 Protocol_Missing: 30006	 0.0	 0.0	 0.0	 0.0	 0.0	 0.0	 0.0	 0.0	 
50010	50000	10	 sysNum: 	15001	 MissingNum: 	0	 54139.333333332885	 287598	 2	 Protocol_Missing: 35009	 0.0	 0.0	 0.0	 0.0	 0.0	 0.0	 0.0	 0.0	 
50010	50000	10	 sysNum: 	10000	 MissingNum: 	0	 54056.591666666485	 287952	 2	 Protocol_Missing: 40010	 0.0	 0.0	 0.0	 0.0	 0.0	 0.0	 0.0	 0.0	 
50010	50000	10	 sysNum: 	4999	 MissingNum: 	0	 53734.47499999987	 287064	 2	 Protocol_Missing: 45001	 0.0	 0.0	 0.0	 0.0	 0.0	 0.0	 0.0	 0.0	 
50010	50000	10	 sysNum: 	45009	 MissingNum: 	0	 54824.725000001396	 287721	 2	 Protocol_Missing: 5001	 0.0	 0.0	 0.0	 0.0	 0.0	 0.0	 0.0	 0.0	 
50010	50000	10	 sysNum: 	40008	 MissingNum: 	0	 54368.68333333397	 285843	 2	 Protocol_Missing: 10002	 0.0	 0.0	 0.0	 0.0	 0.0	 0.0	 0.0	 0.0	 
50010	50000	10	 sysNum: 	35007	 MissingNum: 	0	 54744.01666666718	 288267	 2	 Protocol_Missing: 15003	 0.0	 0.0	 0.0	 0.0	 0.0	 0.0	 0.0	 0.0	 
50010	50000	10	 sysNum: 	30006	 MissingNum: 	0	 54365.66666666709	 286854	 2	 Protocol_Missing: 20004	 0.0	 0.0	 0.0	 0.0	 0.0	 0.0	 0.0	 0.0	 
50010	50000	10	 sysNum: 	25005	 MissingNum: 	0	 54501.99999999961	 288234	 2	 Protocol_Missing: 25005	 0.0	 0.0	 0.0	 0.0	 0.0	 0.0	 0.0	 0.0	 
50010	50000	10	 sysNum: 	20004	 MissingNum: 	0	 54021.96666666625	 286305	 2	 Protocol_Missing: 30006	 0.0	 0.0	 0.0	 0.0	 0.0	 0.0	 0.0	 0.0	 
50010	50000	10	 sysNum: 	15001	 MissingNum: 	0	 54212.733333333286	 288075	 2	 Protocol_Missing: 35009	 0.0	 0.0	 0.0	 0.0	 0.0	 0.0	 0.0	 0.0	 
50010	50000	10	 sysNum: 	10000	 MissingNum: 	0	 54058.35833333305	 288003	 2	 Protocol_Missing: 40010	 0.0	 0.0	 0.0	 0.0	 0.0	 0.0	 0.0	 0.0	 
50010	50000	10	 sysNum: 	4999	 MissingNum: 	0	 53825.1249999999	 287631	 2	 Protocol_Missing: 45001	 0.0	 0.0	 0.0	 0.0	 0.0	 0.0	 0.0	 0.0	 
50010	50000	10	 sysNum: 	45009	 MissingNum: 	0	 54520.57500000097	 286155	 2	 Protocol_Missing: 5001	 0.0	 0.0	 0.0	 0.0	 0.0	 0.0	 0.0	 0.0	 
50010	50000	10	 sysNum: 	40008	 MissingNum: 	0	 54777.67500000088	 288009	 2	 Protocol_Missing: 10002	 0.0	 0.0	 0.0	 0.0	 0.0	 0.0	 0.0	 0.0	 
50010	50000	10	 sysNum: 	35007	 MissingNum: 	0	 54562.158333333995	 287373	 2	 Protocol_Missing: 15003	 0.0	 0.0	 0.0	 0.0	 0.0	 0.0	 0.0	 0.0	 
50010	50000	10	 sysNum: 	30006	 MissingNum: 	0	 54284.76666666679	 286458	 2	 Protocol_Missing: 20004	 0.0	 0.0	 0.0	 0.0	 0.0	 0.0	 0.0	 0.0	 
50010	50000	10	 sysNum: 	25005	 MissingNum: 	0	 54487.56666666637	 288213	 2	 Protocol_Missing: 25005	 0.0	 0.0	 0.0	 0.0	 0.0	 0.0	 0.0	 0.0	 
50010	50000	10	 sysNum: 	20004	 MissingNum: 	0	 54110.9833333328	 286779	 2	 Protocol_Missing: 30006	 0.0	 0.0	 0.0	 0.0	 0.0	 0.0	 0.0	 0.0	 
50010	50000	10	 sysNum: 	15001	 MissingNum: 	0	 54025.033333333384	 287022	 2	 Protocol_Missing: 35009	 0.0	 0.0	 0.0	 0.0	 0.0	 0.0	 0.0	 0.0	 
50010	50000	10	 sysNum: 	10000	 MissingNum: 	0	 54012.658333333435	 287742	 2	 Protocol_Missing: 40010	 0.0	 0.0	 0.0	 0.0	 0.0	 0.0	 0.0	 0.0	 
50010	50000	10	 sysNum: 	4999	 MissingNum: 	0	 53977.599999999926	 288378	 2	 Protocol_Missing: 45001	 0.0	 0.0	 0.0	 0.0	 0.0	 0.0	 0.0	 0.0	 
50010	50000	10	 sysNum: 	45009	 MissingNum: 	0	 54704.27500000084	 287100	 2	 Protocol_Missing: 5001	 0.0	 0.0	 0.0	 0.0	 0.0	 0.0	 0.0	 0.0	 
50010	50000	10	 sysNum: 	40008	 MissingNum: 	0	 54998.150000000845	 289107	 2	 Protocol_Missing: 10002	 0.0	 0.0	 0.0	 0.0	 0.0	 0.0	 0.0	 0.0	 
50010	50000	10	 sysNum: 	35007	 MissingNum: 	0	 54390.791666667305	 286485	 2	 Protocol_Missing: 15003	 0.0	 0.0	 0.0	 0.0	 0.0	 0.0	 0.0	 0.0	 
50010	50000	10	 sysNum: 	30006	 MissingNum: 	0	 54592.758333333324	 288048	 2	 Protocol_Missing: 20004	 0.0	 0.0	 0.0	 0.0	 0.0	 0.0	 0.0	 0.0	 
50010	50000	10	 sysNum: 	25005	 MissingNum: 	0	 54358.5916666666	 287403	 2	 Protocol_Missing: 25005	 0.0	 0.0	 0.0	 0.0	 0.0	 0.0	 0.0	 0.0	 
50010	50000	10	 sysNum: 	20004	 MissingNum: 	0	 54137.01666666648	 286890	 2	 Protocol_Missing: 30006	 0.0	 0.0	 0.0	 0.0	 0.0	 0.0	 0.0	 0.0	 
50010	50000	10	 sysNum: 	15001	 MissingNum: 	0	 54101.599999999715	 287433	 2	 Protocol_Missing: 35009	 0.0	 0.0	 0.0	 0.0	 0.0	 0.0	 0.0	 0.0	 
50010	50000	10	 sysNum: 	10000	 MissingNum: 	0	 54275.67499999968	 289197	 2	 Protocol_Missing: 40010	 0.0	 0.0	 0.0	 0.0	 0.0	 0.0	 0.0	 0.0	 
50010	50000	10	 sysNum: 	4999	 MissingNum: 	0	 53966.308333333334	 288345	 2	 Protocol_Missing: 45001	 0.0	 0.0	 0.0	 0.0	 0.0	 0.0	 0.0	 0.0	 
50010	50000	10	 sysNum: 	45009	 MissingNum: 	0	 55059.625000000735	 288999	 2	 Protocol_Missing: 5001	 0.0	 0.0	 0.0	 0.0	 0.0	 0.0	 0.0	 0.0	 
50010	50000	10	 sysNum: 	40008	 MissingNum: 	0	 54521.30833333423	 286581	 2	 Protocol_Missing: 10002	 0.0	 0.0	 0.0	 0.0	 0.0	 0.0	 0.0	 0.0	 
50010	50000	10	 sysNum: 	35007	 MissingNum: 	0	 54394.01666666652	 286458	 2	 Protocol_Missing: 15003	 0.0	 0.0	 0.0	 0.0	 0.0	 0.0	 0.0	 0.0	 
50010	50000	10	 sysNum: 	30006	 MissingNum: 	0	 54652.83333333361	 288372	 2	 Protocol_Missing: 20004	 0.0	 0.0	 0.0	 0.0	 0.0	 0.0	 0.0	 0.0	 
50010	50000	10	 sysNum: 	25005	 MissingNum: 	0	 54534.16666666662	 288393	 2	 Protocol_Missing: 25005	 0.0	 0.0	 0.0	 0.0	 0.0	 0.0	 0.0	 0.0	 
50010	50000	10	 sysNum: 	20004	 MissingNum: 	0	 54143.79999999978	 286938	 2	 Protocol_Missing: 30006	 0.0	 0.0	 0.0	 0.0	 0.0	 0.0	 0.0	 0.0	 
50010	50000	10	 sysNum: 	15001	 MissingNum: 	0	 53987.64166666637	 286881	 2	 Protocol_Missing: 35009	 0.0	 0.0	 0.0	 0.0	 0.0	 0.0	 0.0	 0.0	 
50010	50000	10	 sysNum: 	10000	 MissingNum: 	0	 54056.983333333184	 287949	 2	 Protocol_Missing: 40010	 0.0	 0.0	 0.0	 0.0	 0.0	 0.0	 0.0	 0.0	 
50010	50000	10	 sysNum: 	4999	 MissingNum: 	0	 53917.241666666465	 288006	 2	 Protocol_Missing: 45001	 0.0	 0.0	 0.0	 0.0	 0.0	 0.0	 0.0	 0.0	 
50010	50000	10	 sysNum: 	45009	 MissingNum: 	0	 54437.92500000113	 285723	 2	 Protocol_Missing: 5001	 0.0	 0.0	 0.0	 0.0	 0.0	 0.0	 0.0	 0.0	 
50010	50000	10	 sysNum: 	40008	 MissingNum: 	0	 54950.13333333443	 288876	 2	 Protocol_Missing: 10002	 0.0	 0.0	 0.0	 0.0	 0.0	 0.0	 0.0	 0.0	 
50010	50000	10	 sysNum: 	35007	 MissingNum: 	0	 54607.033333334235	 287643	 2	 Protocol_Missing: 15003	 0.0	 0.0	 0.0	 0.0	 0.0	 0.0	 0.0	 0.0	 
50010	50000	10	 sysNum: 	30006	 MissingNum: 	0	 54441.324999999786	 287226	 2	 Protocol_Missing: 20004	 0.0	 0.0	 0.0	 0.0	 0.0	 0.0	 0.0	 0.0	 
50010	50000	10	 sysNum: 	25005	 MissingNum: 	0	 54152.82499999931	 286371	 2	 Protocol_Missing: 25005	 0.0	 0.0	 0.0	 0.0	 0.0	 0.0	 0.0	 0.0	 
50010	50000	10	 sysNum: 	20004	 MissingNum: 	0	 53997.533333332954	 286158	 2	 Protocol_Missing: 30006	 0.0	 0.0	 0.0	 0.0	 0.0	 0.0	 0.0	 0.0	 
50010	50000	10	 sysNum: 	15001	 MissingNum: 	0	 53866.10833333328	 286248	 2	 Protocol_Missing: 35009	 0.0	 0.0	 0.0	 0.0	 0.0	 0.0	 0.0	 0.0	 
50010	50000	10	 sysNum: 	10000	 MissingNum: 	0	 53947.916666666846	 287385	 2	 Protocol_Missing: 40010	 0.0	 0.0	 0.0	 0.0	 0.0	 0.0	 0.0	 0.0	 
50010	50000	10	 sysNum: 	4999	 MissingNum: 	0	 53951.57499999963	 288279	 2	 Protocol_Missing: 45001	 0.0	 0.0	 0.0	 0.0	 0.0	 0.0	 0.0	 0.0	 
50010	50000	10	 sysNum: 	45009	 MissingNum: 	0	 54368.52500000078	 285318	 2	 Protocol_Missing: 5001	 0.0	 0.0	 0.0	 0.0	 0.0	 0.0	 0.0	 0.0	 
50010	50000	10	 sysNum: 	40008	 MissingNum: 	0	 54700.33333333341	 287562	 2	 Protocol_Missing: 10002	 0.0	 0.0	 0.0	 0.0	 0.0	 0.0	 0.0	 0.0	 
50010	50000	10	 sysNum: 	35007	 MissingNum: 	0	 54881.441666667444	 289023	 2	 Protocol_Missing: 15003	 0.0	 0.0	 0.0	 0.0	 0.0	 0.0	 0.0	 0.0	 
50010	50000	10	 sysNum: 	30006	 MissingNum: 	0	 54327.36666666689	 286638	 2	 Protocol_Missing: 20004	 0.0	 0.0	 0.0	 0.0	 0.0	 0.0	 0.0	 0.0	 
50010	50000	10	 sysNum: 	25005	 MissingNum: 	0	 54337.81666666643	 287295	 2	 Protocol_Missing: 25005	 0.0	 0.0	 0.0	 0.0	 0.0	 0.0	 0.0	 0.0	 
50010	50000	10	 sysNum: 	20004	 MissingNum: 	0	 54050.08333333292	 286545	 2	 Protocol_Missing: 30006	 0.0	 0.0	 0.0	 0.0	 0.0	 0.0	 0.0	 0.0	 
50010	50000	10	 sysNum: 	15001	 MissingNum: 	0	 54208.64166666655	 288051	 2	 Protocol_Missing: 35009	 0.0	 0.0	 0.0	 0.0	 0.0	 0.0	 0.0	 0.0	 
50010	50000	10	 sysNum: 	10000	 MissingNum: 	0	 53847.599999999744	 286785	 2	 Protocol_Missing: 40010	 0.0	 0.0	 0.0	 0.0	 0.0	 0.0	 0.0	 0.0	 
50010	50000	10	 sysNum: 	4999	 MissingNum: 	0	 53830.09166666671	 287574	 2	 Protocol_Missing: 45001	 0.0	 0.0	 0.0	 0.0	 0.0	 0.0	 0.0	 0.0	 
50010	50000	10	 sysNum: 	45009	 MissingNum: 	0	 54809.09166666776	 287673	 2	 Protocol_Missing: 5001	 0.0	 0.0	 0.0	 0.0	 0.0	 0.0	 0.0	 0.0	 
50010	50000	10	 sysNum: 	40008	 MissingNum: 	0	 54920.89166666745	 288771	 2	 Protocol_Missing: 10002	 0.0	 0.0	 0.0	 0.0	 0.0	 0.0	 0.0	 0.0	 
50010	50000	10	 sysNum: 	35007	 MissingNum: 	0	 54520.66666666683	 287097	 2	 Protocol_Missing: 15003	 0.0	 0.0	 0.0	 0.0	 0.0	 0.0	 0.0	 0.0	 
50010	50000	10	 sysNum: 	30006	 MissingNum: 	0	 54258.70833333339	 286329	 2	 Protocol_Missing: 20004	 0.0	 0.0	 0.0	 0.0	 0.0	 0.0	 0.0	 0.0	 
50010	50000	10	 sysNum: 	25005	 MissingNum: 	0	 54126.34166666696	 286161	 2	 Protocol_Missing: 25005	 0.0	 0.0	 0.0	 0.0	 0.0	 0.0	 0.0	 0.0	 
50010	50000	10	 sysNum: 	20004	 MissingNum: 	0	 54541.5083333332	 289029	 2	 Protocol_Missing: 30006	 0.0	 0.0	 0.0	 0.0	 0.0	 0.0	 0.0	 0.0	 
50010	50000	10	 sysNum: 	15001	 MissingNum: 	0	 53802.08333333319	 285879	 2	 Protocol_Missing: 35009	 0.0	 0.0	 0.0	 0.0	 0.0	 0.0	 0.0	 0.0	 
50010	50000	10	 sysNum: 	10000	 MissingNum: 	0	 53911.78333333333	 287166	 2	 Protocol_Missing: 40010	 0.0	 0.0	 0.0	 0.0	 0.0	 0.0	 0.0	 0.0	 
50010	50000	10	 sysNum: 	4999	 MissingNum: 	0	 53802.68333333329	 287508	 2	 Protocol_Missing: 45001	 0.0	 0.0	 0.0	 0.0	 0.0	 0.0	 0.0	 0.0	 
50010	50000	10	 sysNum: 	45009	 MissingNum: 	0	 54962.01666666782	 288447	 2	 Protocol_Missing: 5001	 0.0	 0.0	 0.0	 0.0	 0.0	 0.0	 0.0	 0.0	 
50010	50000	10	 sysNum: 	40008	 MissingNum: 	0	 54791.27500000058	 288054	 2	 Protocol_Missing: 10002	 0.0	 0.0	 0.0	 0.0	 0.0	 0.0	 0.0	 0.0	 
50010	50000	10	 sysNum: 	35007	 MissingNum: 	0	 54562.1000000004	 287388	 2	 Protocol_Missing: 15003	 0.0	 0.0	 0.0	 0.0	 0.0	 0.0	 0.0	 0.0	 
50010	50000	10	 sysNum: 	30006	 MissingNum: 	0	 54594.641666667136	 288060	 2	 Protocol_Missing: 20004	 0.0	 0.0	 0.0	 0.0	 0.0	 0.0	 0.0	 0.0	 
50010	50000	10	 sysNum: 	25005	 MissingNum: 	0	 53863.47500000035	 284832	 2	 Protocol_Missing: 25005	 0.0	 0.0	 0.0	 0.0	 0.0	 0.0	 0.0	 0.0	 
50010	50000	10	 sysNum: 	20004	 MissingNum: 	0	 54109.51666666642	 286764	 2	 Protocol_Missing: 30006	 0.0	 0.0	 0.0	 0.0	 0.0	 0.0	 0.0	 0.0	 
50010	50000	10	 sysNum: 	15001	 MissingNum: 	0	 54156.68333333324	 287733	 2	 Protocol_Missing: 35009	 0.0	 0.0	 0.0	 0.0	 0.0	 0.0	 0.0	 0.0	 
50010	50000	10	 sysNum: 	10000	 MissingNum: 	0	 53950.049999999734	 287370	 2	 Protocol_Missing: 40010	 0.0	 0.0	 0.0	 0.0	 0.0	 0.0	 0.0	 0.0	 
50010	50000	10	 sysNum: 	4999	 MissingNum: 	0	 53595.333333332965	 286392	 2	 Protocol_Missing: 45001	 0.0	 0.0	 0.0	 0.0	 0.0	 0.0	 0.0	 0.0	 
50010	50000	10	 sysNum: 	45009	 MissingNum: 	0	 54554.00000000091	 286326	 2	 Protocol_Missing: 5001	 0.0	 0.0	 0.0	 0.0	 0.0	 0.0	 0.0	 0.0	 
50010	50000	10	 sysNum: 	40008	 MissingNum: 	0	 54642.70000000062	 287253	 2	 Protocol_Missing: 10002	 0.0	 0.0	 0.0	 0.0	 0.0	 0.0	 0.0	 0.0	 
50010	50000	10	 sysNum: 	35007	 MissingNum: 	0	 54732.02500000062	 288234	 2	 Protocol_Missing: 15003	 0.0	 0.0	 0.0	 0.0	 0.0	 0.0	 0.0	 0.0	 
50010	50000	10	 sysNum: 	30006	 MissingNum: 	0	 54420.791666667326	 287187	 2	 Protocol_Missing: 20004	 0.0	 0.0	 0.0	 0.0	 0.0	 0.0	 0.0	 0.0	 
50010	50000	10	 sysNum: 	25005	 MissingNum: 	0	 54259.90833333333	 286950	 2	 Protocol_Missing: 25005	 0.0	 0.0	 0.0	 0.0	 0.0	 0.0	 0.0	 0.0	 
50010	50000	10	 sysNum: 	20004	 MissingNum: 	0	 53990.35	 286164	 2	 Protocol_Missing: 30006	 0.0	 0.0	 0.0	 0.0	 0.0	 0.0	 0.0	 0.0	 
50010	50000	10	 sysNum: 	15001	 MissingNum: 	0	 54029.341666666434	 287043	 2	 Protocol_Missing: 35009	 0.0	 0.0	 0.0	 0.0	 0.0	 0.0	 0.0	 0.0	 
50010	50000	10	 sysNum: 	10000	 MissingNum: 	0	 54156.34999999995	 288513	 2	 Protocol_Missing: 40010	 0.0	 0.0	 0.0	 0.0	 0.0	 0.0	 0.0	 0.0	 
50010	50000	10	 sysNum: 	4999	 MissingNum: 	0	 53863.17500000009	 287721	 2	 Protocol_Missing: 45001	 0.0	 0.0	 0.0	 0.0	 0.0	 0.0	 0.0	 0.0	 
50010	50000	10	 sysNum: 	45009	 MissingNum: 	0	 54738.44166666775	 287295	 2	 Protocol_Missing: 5001	 0.0	 0.0	 0.0	 0.0	 0.0	 0.0	 0.0	 0.0	 
50010	50000	10	 sysNum: 	40008	 MissingNum: 	0	 54714.36666666768	 287691	 2	 Protocol_Missing: 10002	 0.0	 0.0	 0.0	 0.0	 0.0	 0.0	 0.0	 0.0	 
50010	50000	10	 sysNum: 	35007	 MissingNum: 	0	 54387.96666666671	 286449	 2	 Protocol_Missing: 15003	 0.0	 0.0	 0.0	 0.0	 0.0	 0.0	 0.0	 0.0	 
50010	50000	10	 sysNum: 	30006	 MissingNum: 	0	 54403.2750000001	 287064	 2	 Protocol_Missing: 20004	 0.0	 0.0	 0.0	 0.0	 0.0	 0.0	 0.0	 0.0	 
50010	50000	10	 sysNum: 	25005	 MissingNum: 	0	 54399.51666666635	 287655	 2	 Protocol_Missing: 25005	 0.0	 0.0	 0.0	 0.0	 0.0	 0.0	 0.0	 0.0	 
50010	50000	10	 sysNum: 	20004	 MissingNum: 	0	 54358.39166666673	 288078	 2	 Protocol_Missing: 30006	 0.0	 0.0	 0.0	 0.0	 0.0	 0.0	 0.0	 0.0	 
50010	50000	10	 sysNum: 	15001	 MissingNum: 	0	 53913.16666666678	 286449	 2	 Protocol_Missing: 35009	 0.0	 0.0	 0.0	 0.0	 0.0	 0.0	 0.0	 0.0	 
50010	50000	10	 sysNum: 	10000	 MissingNum: 	0	 54000.6749999998	 287685	 2	 Protocol_Missing: 40010	 0.0	 0.0	 0.0	 0.0	 0.0	 0.0	 0.0	 0.0	 
50010	50000	10	 sysNum: 	4999	 MissingNum: 	0	 53747.841666666354	 287214	 2	 Protocol_Missing: 45001	 0.0	 0.0	 0.0	 0.0	 0.0	 0.0	 0.0	 0.0	 
50010	50000	10	 sysNum: 	45009	 MissingNum: 	0	 54809.708333334616	 287661	 2	 Protocol_Missing: 5001	 0.0	 0.0	 0.0	 0.0	 0.0	 0.0	 0.0	 0.0	 
50010	50000	10	 sysNum: 	40008	 MissingNum: 	0	 54989.10000000081	 289080	 2	 Protocol_Missing: 10002	 0.0	 0.0	 0.0	 0.0	 0.0	 0.0	 0.0	 0.0	 
50010	50000	10	 sysNum: 	35007	 MissingNum: 	0	 54388.52500000007	 286434	 2	 Protocol_Missing: 15003	 0.0	 0.0	 0.0	 0.0	 0.0	 0.0	 0.0	 0.0	 
50010	50000	10	 sysNum: 	30006	 MissingNum: 	0	 54608.28333333336	 288219	 2	 Protocol_Missing: 20004	 0.0	 0.0	 0.0	 0.0	 0.0	 0.0	 0.0	 0.0	 
50010	50000	10	 sysNum: 	25005	 MissingNum: 	0	 54637.05833333325	 288939	 2	 Protocol_Missing: 25005	 0.0	 0.0	 0.0	 0.0	 0.0	 0.0	 0.0	 0.0	 
50010	50000	10	 sysNum: 	20004	 MissingNum: 	0	 54316.958333333656	 287904	 2	 Protocol_Missing: 30006	 0.0	 0.0	 0.0	 0.0	 0.0	 0.0	 0.0	 0.0	 
50010	50000	10	 sysNum: 	15001	 MissingNum: 	0	 54240.49166666649	 288168	 2	 Protocol_Missing: 35009	 0.0	 0.0	 0.0	 0.0	 0.0	 0.0	 0.0	 0.0	 
50010	50000	10	 sysNum: 	10000	 MissingNum: 	0	 53864.599999999504	 286938	 2	 Protocol_Missing: 40010	 0.0	 0.0	 0.0	 0.0	 0.0	 0.0	 0.0	 0.0	 
50010	50000	10	 sysNum: 	4999	 MissingNum: 	0	 53721.45833333318	 286959	 2	 Protocol_Missing: 45001	 0.0	 0.0	 0.0	 0.0	 0.0	 0.0	 0.0	 0.0	 
50010	50000	10	 sysNum: 	45009	 MissingNum: 	0	 55062.97500000174	 289017	 2	 Protocol_Missing: 5001	 0.0	 0.0	 0.0	 0.0	 0.0	 0.0	 0.0	 0.0	 
50010	50000	10	 sysNum: 	40008	 MissingNum: 	0	 54768.8166666676	 287952	 2	 Protocol_Missing: 10002	 0.0	 0.0	 0.0	 0.0	 0.0	 0.0	 0.0	 0.0	 
50010	50000	10	 sysNum: 	35007	 MissingNum: 	0	 54955.55833333436	 289425	 2	 Protocol_Missing: 15003	 0.0	 0.0	 0.0	 0.0	 0.0	 0.0	 0.0	 0.0	 
50010	50000	10	 sysNum: 	30006	 MissingNum: 	0	 54378.40833333373	 286995	 2	 Protocol_Missing: 20004	 0.0	 0.0	 0.0	 0.0	 0.0	 0.0	 0.0	 0.0	 
50010	50000	10	 sysNum: 	25005	 MissingNum: 	0	 54486.23333333341	 288111	 2	 Protocol_Missing: 25005	 0.0	 0.0	 0.0	 0.0	 0.0	 0.0	 0.0	 0.0	 
50010	50000	10	 sysNum: 	20004	 MissingNum: 	0	 54146.22499999982	 286965	 2	 Protocol_Missing: 30006	 0.0	 0.0	 0.0	 0.0	 0.0	 0.0	 0.0	 0.0	 
50010	50000	10	 sysNum: 	15001	 MissingNum: 	0	 53786.04999999969	 285732	 2	 Protocol_Missing: 35009	 0.0	 0.0	 0.0	 0.0	 0.0	 0.0	 0.0	 0.0	 
50010	50000	10	 sysNum: 	10000	 MissingNum: 	0	 54183.76666666653	 288600	 2	 Protocol_Missing: 40010	 0.0	 0.0	 0.0	 0.0	 0.0	 0.0	 0.0	 0.0	 
50010	50000	10	 sysNum: 	4999	 MissingNum: 	0	 53962.23333333324	 288282	 2	 Protocol_Missing: 45001	 0.0	 0.0	 0.0	 0.0	 0.0	 0.0	 0.0	 0.0	 
50010	50000	10	 sysNum: 	45009	 MissingNum: 	0	 54726.45000000109	 287199	 2	 Protocol_Missing: 5001	 0.0	 0.0	 0.0	 0.0	 0.0	 0.0	 0.0	 0.0	 
50010	50000	10	 sysNum: 	40008	 MissingNum: 	0	 54706.45000000111	 287586	 2	 Protocol_Missing: 10002	 0.0	 0.0	 0.0	 0.0	 0.0	 0.0	 0.0	 0.0	 
50010	50000	10	 sysNum: 	35007	 MissingNum: 	0	 54752.100000000566	 288342	 2	 Protocol_Missing: 15003	 0.0	 0.0	 0.0	 0.0	 0.0	 0.0	 0.0	 0.0	 
50010	50000	10	 sysNum: 	30006	 MissingNum: 	0	 54520.366666666916	 287628	 2	 Protocol_Missing: 20004	 0.0	 0.0	 0.0	 0.0	 0.0	 0.0	 0.0	 0.0	 
50010	50000	10	 sysNum: 	25005	 MissingNum: 	0	 54564.9583333338	 288552	 2	 Protocol_Missing: 25005	 0.0	 0.0	 0.0	 0.0	 0.0	 0.0	 0.0	 0.0	 
50010	50000	10	 sysNum: 	20004	 MissingNum: 	0	 54400.08333333316	 288354	 2	 Protocol_Missing: 30006	 0.0	 0.0	 0.0	 0.0	 0.0	 0.0	 0.0	 0.0	 
50010	50000	10	 sysNum: 	15001	 MissingNum: 	0	 54267.86666666617	 288231	 2	 Protocol_Missing: 35009	 0.0	 0.0	 0.0	 0.0	 0.0	 0.0	 0.0	 0.0	 
50010	50000	10	 sysNum: 	10000	 MissingNum: 	0	 54059.383333332844	 288012	 2	 Protocol_Missing: 40010	 0.0	 0.0	 0.0	 0.0	 0.0	 0.0	 0.0	 0.0	 
50010	50000	10	 sysNum: 	4999	 MissingNum: 	0	 53722.9583333334	 287022	 2	 Protocol_Missing: 45001	 0.0	 0.0	 0.0	 0.0	 0.0	 0.0	 0.0	 0.0	 
50010	50000	10	 sysNum: 	45009	 MissingNum: 	0	 54724.416666667516	 287196	 2	 Protocol_Missing: 5001	 0.0	 0.0	 0.0	 0.0	 0.0	 0.0	 0.0	 0.0	 
50010	50000	10	 sysNum: 	40008	 MissingNum: 	0	 54644.683333334215	 287175	 2	 Protocol_Missing: 10002	 0.0	 0.0	 0.0	 0.0	 0.0	 0.0	 0.0	 0.0	 
50010	50000	10	 sysNum: 	35007	 MissingNum: 	0	 54616.05833333351	 287580	 2	 Protocol_Missing: 15003	 0.0	 0.0	 0.0	 0.0	 0.0	 0.0	 0.0	 0.0	 
50010	50000	10	 sysNum: 	30006	 MissingNum: 	0	 54544.80000000028	 287820	 2	 Protocol_Missing: 20004	 0.0	 0.0	 0.0	 0.0	 0.0	 0.0	 0.0	 0.0	 
50010	50000	10	 sysNum: 	25005	 MissingNum: 	0	 54646.66666666666	 288924	 2	 Protocol_Missing: 25005	 0.0	 0.0	 0.0	 0.0	 0.0	 0.0	 0.0	 0.0	 
50010	50000	10	 sysNum: 	20004	 MissingNum: 	0	 54472.024999999805	 288657	 2	 Protocol_Missing: 30006	 0.0	 0.0	 0.0	 0.0	 0.0	 0.0	 0.0	 0.0	 
50010	50000	10	 sysNum: 	15001	 MissingNum: 	0	 54121.491666666414	 287556	 2	 Protocol_Missing: 35009	 0.0	 0.0	 0.0	 0.0	 0.0	 0.0	 0.0	 0.0	 
50010	50000	10	 sysNum: 	10000	 MissingNum: 	0	 54087.85833333299	 288174	 2	 Protocol_Missing: 40010	 0.0	 0.0	 0.0	 0.0	 0.0	 0.0	 0.0	 0.0	 
50010	50000	10	 sysNum: 	4999	 MissingNum: 	0	 53842.041666666606	 287691	 2	 Protocol_Missing: 45001	 0.0	 0.0	 0.0	 0.0	 0.0	 0.0	 0.0	 0.0	 
50010	50000	10	 sysNum: 	45009	 MissingNum: 	0	 55016.09166666782	 288726	 2	 Protocol_Missing: 5001	 0.0	 0.0	 0.0	 0.0	 0.0	 0.0	 0.0	 0.0	 
50010	50000	10	 sysNum: 	40008	 MissingNum: 	0	 55033.758333333935	 289344	 2	 Protocol_Missing: 10002	 0.0	 0.0	 0.0	 0.0	 0.0	 0.0	 0.0	 0.0	 
50010	50000	10	 sysNum: 	35007	 MissingNum: 	0	 54578.183333333924	 287472	 2	 Protocol_Missing: 15003	 0.0	 0.0	 0.0	 0.0	 0.0	 0.0	 0.0	 0.0	 
50010	50000	10	 sysNum: 	30006	 MissingNum: 	0	 54722.25833333381	 288768	 2	 Protocol_Missing: 20004	 0.0	 0.0	 0.0	 0.0	 0.0	 0.0	 0.0	 0.0	 
50010	50000	10	 sysNum: 	25005	 MissingNum: 	0	 54238.60833333305	 286770	 2	 Protocol_Missing: 25005	 0.0	 0.0	 0.0	 0.0	 0.0	 0.0	 0.0	 0.0	 
50010	50000	10	 sysNum: 	20004	 MissingNum: 	0	 54026.34999999954	 286362	 2	 Protocol_Missing: 30006	 0.0	 0.0	 0.0	 0.0	 0.0	 0.0	 0.0	 0.0	 
50010	50000	10	 sysNum: 	15001	 MissingNum: 	0	 54241.741666666334	 288195	 2	 Protocol_Missing: 35009	 0.0	 0.0	 0.0	 0.0	 0.0	 0.0	 0.0	 0.0	 
50010	50000	10	 sysNum: 	10000	 MissingNum: 	0	 53802.57499999988	 286614	 2	 Protocol_Missing: 40010	 0.0	 0.0	 0.0	 0.0	 0.0	 0.0	 0.0	 0.0	 
50010	50000	10	 sysNum: 	4999	 MissingNum: 	0	 53901.449999999924	 287982	 2	 Protocol_Missing: 45001	 0.0	 0.0	 0.0	 0.0	 0.0	 0.0	 0.0	 0.0	 
50010	50000	10	 sysNum: 	45009	 MissingNum: 	0	 54904.900000000955	 288162	 2	 Protocol_Missing: 5001	 0.0	 0.0	 0.0	 0.0	 0.0	 0.0	 0.0	 0.0	 
50010	50000	10	 sysNum: 	40008	 MissingNum: 	0	 54883.25000000105	 288558	 2	 Protocol_Missing: 10002	 0.0	 0.0	 0.0	 0.0	 0.0	 0.0	 0.0	 0.0	 
50010	50000	10	 sysNum: 	35007	 MissingNum: 	0	 54601.958333333874	 287499	 2	 Protocol_Missing: 15003	 0.0	 0.0	 0.0	 0.0	 0.0	 0.0	 0.0	 0.0	 
50010	50000	10	 sysNum: 	30006	 MissingNum: 	0	 54637.83333333387	 288318	 2	 Protocol_Missing: 20004	 0.0	 0.0	 0.0	 0.0	 0.0	 0.0	 0.0	 0.0	 
50010	50000	10	 sysNum: 	25005	 MissingNum: 	0	 54287.925000000185	 287118	 2	 Protocol_Missing: 25005	 0.0	 0.0	 0.0	 0.0	 0.0	 0.0	 0.0	 0.0	 
50010	50000	10	 sysNum: 	20004	 MissingNum: 	0	 54214.216666666645	 287277	 2	 Protocol_Missing: 30006	 0.0	 0.0	 0.0	 0.0	 0.0	 0.0	 0.0	 0.0	 
50010	50000	10	 sysNum: 	15001	 MissingNum: 	0	 54190.108333333286	 287904	 2	 Protocol_Missing: 35009	 0.0	 0.0	 0.0	 0.0	 0.0	 0.0	 0.0	 0.0	 
50010	50000	10	 sysNum: 	10000	 MissingNum: 	0	 53807.04999999964	 286623	 2	 Protocol_Missing: 40010	 0.0	 0.0	 0.0	 0.0	 0.0	 0.0	 0.0	 0.0	 
50010	50000	10	 sysNum: 	4999	 MissingNum: 	0	 53881.42499999993	 287847	 2	 Protocol_Missing: 45001	 0.0	 0.0	 0.0	 0.0	 0.0	 0.0	 0.0	 0.0	 
50010	50000	10	 sysNum: 	45009	 MissingNum: 	0	 54743.45833333429	 287265	 2	 Protocol_Missing: 5001	 0.0	 0.0	 0.0	 0.0	 0.0	 0.0	 0.0	 0.0	 
50010	50000	10	 sysNum: 	40008	 MissingNum: 	0	 54602.24166666796	 287079	 2	 Protocol_Missing: 10002	 0.0	 0.0	 0.0	 0.0	 0.0	 0.0	 0.0	 0.0	 
50010	50000	10	 sysNum: 	35007	 MissingNum: 	0	 54679.84166666698	 287961	 2	 Protocol_Missing: 15003	 0.0	 0.0	 0.0	 0.0	 0.0	 0.0	 0.0	 0.0	 
50010	50000	10	 sysNum: 	30006	 MissingNum: 	0	 54620.28333333365	 288228	 2	 Protocol_Missing: 20004	 0.0	 0.0	 0.0	 0.0	 0.0	 0.0	 0.0	 0.0	 
50010	50000	10	 sysNum: 	25005	 MissingNum: 	0	 54306.67500000021	 287190	 2	 Protocol_Missing: 25005	 0.0	 0.0	 0.0	 0.0	 0.0	 0.0	 0.0	 0.0	 
50010	50000	10	 sysNum: 	20004	 MissingNum: 	0	 54070.13333333322	 286590	 2	 Protocol_Missing: 30006	 0.0	 0.0	 0.0	 0.0	 0.0	 0.0	 0.0	 0.0	 
50010	50000	10	 sysNum: 	15001	 MissingNum: 	0	 54252.04166666675	 288321	 2	 Protocol_Missing: 35009	 0.0	 0.0	 0.0	 0.0	 0.0	 0.0	 0.0	 0.0	 
50010	50000	10	 sysNum: 	10000	 MissingNum: 	0	 54083.39166666662	 288186	 2	 Protocol_Missing: 40010	 0.0	 0.0	 0.0	 0.0	 0.0	 0.0	 0.0	 0.0	 
50010	50000	10	 sysNum: 	4999	 MissingNum: 	0	 53727.73333333309	 287049	 2	 Protocol_Missing: 45001	 0.0	 0.0	 0.0	 0.0	 0.0	 0.0	 0.0	 0.0	 
50010	50000	10	 sysNum: 	45009	 MissingNum: 	0	 54833.25000000129	 287766	 2	 Protocol_Missing: 5001	 0.0	 0.0	 0.0	 0.0	 0.0	 0.0	 0.0	 0.0	 
50010	50000	10	 sysNum: 	40008	 MissingNum: 	0	 54739.15000000103	 287739	 2	 Protocol_Missing: 10002	 0.0	 0.0	 0.0	 0.0	 0.0	 0.0	 0.0	 0.0	 
50010	50000	10	 sysNum: 	35007	 MissingNum: 	0	 54522.233333333585	 287130	 2	 Protocol_Missing: 15003	 0.0	 0.0	 0.0	 0.0	 0.0	 0.0	 0.0	 0.0	 
50010	50000	10	 sysNum: 	30006	 MissingNum: 	0	 54103.39999999989	 285480	 2	 Protocol_Missing: 20004	 0.0	 0.0	 0.0	 0.0	 0.0	 0.0	 0.0	 0.0	 
50010	50000	10	 sysNum: 	25005	 MissingNum: 	0	 54348.27499999999	 287352	 2	 Protocol_Missing: 25005	 0.0	 0.0	 0.0	 0.0	 0.0	 0.0	 0.0	 0.0	 
50010	50000	10	 sysNum: 	20004	 MissingNum: 	0	 54320.61666666666	 287871	 2	 Protocol_Missing: 30006	 0.0	 0.0	 0.0	 0.0	 0.0	 0.0	 0.0	 0.0	 
50010	50000	10	 sysNum: 	15001	 MissingNum: 	0	 54220.76666666624	 288078	 2	 Protocol_Missing: 35009	 0.0	 0.0	 0.0	 0.0	 0.0	 0.0	 0.0	 0.0	 
50010	50000	10	 sysNum: 	10000	 MissingNum: 	0	 54289.558333333334	 289182	 2	 Protocol_Missing: 40010	 0.0	 0.0	 0.0	 0.0	 0.0	 0.0	 0.0	 0.0	 
50010	50000	10	 sysNum: 	4999	 MissingNum: 	0	 53884.2249999998	 287856	 2	 Protocol_Missing: 45001	 0.0	 0.0	 0.0	 0.0	 0.0	 0.0	 0.0	 0.0	 
50010	50000	10	 sysNum: 	45009	 MissingNum: 	0	 54704.116666667745	 287097	 2	 Protocol_Missing: 5001	 0.0	 0.0	 0.0	 0.0	 0.0	 0.0	 0.0	 0.0	 
50010	50000	10	 sysNum: 	40008	 MissingNum: 	0	 54764.07500000064	 287955	 2	 Protocol_Missing: 10002	 0.0	 0.0	 0.0	 0.0	 0.0	 0.0	 0.0	 0.0	 
50010	50000	10	 sysNum: 	35007	 MissingNum: 	0	 54815.70833333407	 288669	 2	 Protocol_Missing: 15003	 0.0	 0.0	 0.0	 0.0	 0.0	 0.0	 0.0	 0.0	 
50010	50000	10	 sysNum: 	30006	 MissingNum: 	0	 54528.89166666693	 287736	 2	 Protocol_Missing: 20004	 0.0	 0.0	 0.0	 0.0	 0.0	 0.0	 0.0	 0.0	 
50010	50000	10	 sysNum: 	25005	 MissingNum: 	0	 54390.024999999754	 287595	 2	 Protocol_Missing: 25005	 0.0	 0.0	 0.0	 0.0	 0.0	 0.0	 0.0	 0.0	 
50010	50000	10	 sysNum: 	20004	 MissingNum: 	0	 54282.741666666494	 287691	 2	 Protocol_Missing: 30006	 0.0	 0.0	 0.0	 0.0	 0.0	 0.0	 0.0	 0.0	 
50010	50000	10	 sysNum: 	15001	 MissingNum: 	0	 53835.87499999981	 286011	 2	 Protocol_Missing: 35009	 0.0	 0.0	 0.0	 0.0	 0.0	 0.0	 0.0	 0.0	 
50010	50000	10	 sysNum: 	10000	 MissingNum: 	0	 54049.83333333343	 287940	 2	 Protocol_Missing: 40010	 0.0	 0.0	 0.0	 0.0	 0.0	 0.0	 0.0	 0.0	 
50010	50000	10	 sysNum: 	4999	 MissingNum: 	0	 53993.049999999916	 288450	 2	 Protocol_Missing: 45001	 0.0	 0.0	 0.0	 0.0	 0.0	 0.0	 0.0	 0.0	 
50010	50000	10	 sysNum: 	45009	 MissingNum: 	0	 54870.441666667946	 288024	 2	 Protocol_Missing: 5001	 0.0	 0.0	 0.0	 0.0	 0.0	 0.0	 0.0	 0.0	 
50010	50000	10	 sysNum: 	40008	 MissingNum: 	0	 54658.96666666721	 287313	 2	 Protocol_Missing: 10002	 0.0	 0.0	 0.0	 0.0	 0.0	 0.0	 0.0	 0.0	 
50010	50000	10	 sysNum: 	35007	 MissingNum: 	0	 54666.283333333886	 287868	 2	 Protocol_Missing: 15003	 0.0	 0.0	 0.0	 0.0	 0.0	 0.0	 0.0	 0.0	 
50010	50000	10	 sysNum: 	30006	 MissingNum: 	0	 54586.666666667086	 288006	 2	 Protocol_Missing: 20004	 0.0	 0.0	 0.0	 0.0	 0.0	 0.0	 0.0	 0.0	 
50010	50000	10	 sysNum: 	25005	 MissingNum: 	0	 54521.02500000013	 288315	 2	 Protocol_Missing: 25005	 0.0	 0.0	 0.0	 0.0	 0.0	 0.0	 0.0	 0.0	 
50010	50000	10	 sysNum: 	20004	 MissingNum: 	0	 54000.40833333334	 286131	 2	 Protocol_Missing: 30006	 0.0	 0.0	 0.0	 0.0	 0.0	 0.0	 0.0	 0.0	 
50010	50000	10	 sysNum: 	15001	 MissingNum: 	0	 53964.47499999922	 286695	 2	 Protocol_Missing: 35009	 0.0	 0.0	 0.0	 0.0	 0.0	 0.0	 0.0	 0.0	 
50010	50000	10	 sysNum: 	10000	 MissingNum: 	0	 53584.59166666607	 285432	 2	 Protocol_Missing: 40010	 0.0	 0.0	 0.0	 0.0	 0.0	 0.0	 0.0	 0.0	 
50010	50000	10	 sysNum: 	4999	 MissingNum: 	0	 53881.33333333314	 287877	 2	 Protocol_Missing: 45001	 0.0	 0.0	 0.0	 0.0	 0.0	 0.0	 0.0	 0.0	 
50010	50000	10	 sysNum: 	45009	 MissingNum: 	0	 54853.2583333345	 287949	 2	 Protocol_Missing: 5001	 0.0	 0.0	 0.0	 0.0	 0.0	 0.0	 0.0	 0.0	 
50010	50000	10	 sysNum: 	40008	 MissingNum: 	0	 54970.90833333397	 289002	 2	 Protocol_Missing: 10002	 0.0	 0.0	 0.0	 0.0	 0.0	 0.0	 0.0	 0.0	 
50010	50000	10	 sysNum: 	35007	 MissingNum: 	0	 54789.9416666671	 288456	 2	 Protocol_Missing: 15003	 0.0	 0.0	 0.0	 0.0	 0.0	 0.0	 0.0	 0.0	 
50010	50000	10	 sysNum: 	30006	 MissingNum: 	0	 54437.11666666664	 287295	 2	 Protocol_Missing: 20004	 0.0	 0.0	 0.0	 0.0	 0.0	 0.0	 0.0	 0.0	 
50010	50000	10	 sysNum: 	25005	 MissingNum: 	0	 54555.01666666688	 288474	 2	 Protocol_Missing: 25005	 0.0	 0.0	 0.0	 0.0	 0.0	 0.0	 0.0	 0.0	 
50010	50000	10	 sysNum: 	20004	 MissingNum: 	0	 54206.3416666667	 287241	 2	 Protocol_Missing: 30006	 0.0	 0.0	 0.0	 0.0	 0.0	 0.0	 0.0	 0.0	 
50010	50000	10	 sysNum: 	15001	 MissingNum: 	0	 54104.45833333293	 287472	 2	 Protocol_Missing: 35009	 0.0	 0.0	 0.0	 0.0	 0.0	 0.0	 0.0	 0.0	 
50010	50000	10	 sysNum: 	10000	 MissingNum: 	0	 54081.24166666665	 288105	 2	 Protocol_Missing: 40010	 0.0	 0.0	 0.0	 0.0	 0.0	 0.0	 0.0	 0.0	 
50010	50000	10	 sysNum: 	4999	 MissingNum: 	0	 53995.049999999814	 288504	 2	 Protocol_Missing: 45001	 0.0	 0.0	 0.0	 0.0	 0.0	 0.0	 0.0	 0.0	 
50010	50000	10	 sysNum: 	45009	 MissingNum: 	0	 54547.59166666799	 286323	 2	 Protocol_Missing: 5001	 0.0	 0.0	 0.0	 0.0	 0.0	 0.0	 0.0	 0.0	 
50010	50000	10	 sysNum: 	40008	 MissingNum: 	0	 54535.808333334266	 286698	 2	 Protocol_Missing: 10002	 0.0	 0.0	 0.0	 0.0	 0.0	 0.0	 0.0	 0.0	 
50010	50000	10	 sysNum: 	35007	 MissingNum: 	0	 54556.55000000043	 287352	 2	 Protocol_Missing: 15003	 0.0	 0.0	 0.0	 0.0	 0.0	 0.0	 0.0	 0.0	 
50010	50000	10	 sysNum: 	30006	 MissingNum: 	0	 54419.96666666678	 287196	 2	 Protocol_Missing: 20004	 0.0	 0.0	 0.0	 0.0	 0.0	 0.0	 0.0	 0.0	 
50010	50000	10	 sysNum: 	25005	 MissingNum: 	0	 54354.28333333325	 287409	 2	 Protocol_Missing: 25005	 0.0	 0.0	 0.0	 0.0	 0.0	 0.0	 0.0	 0.0	 
50010	50000	10	 sysNum: 	20004	 MissingNum: 	0	 54482.04999999992	 288729	 2	 Protocol_Missing: 30006	 0.0	 0.0	 0.0	 0.0	 0.0	 0.0	 0.0	 0.0	 
50010	50000	10	 sysNum: 	15001	 MissingNum: 	0	 53858.50833333314	 286176	 2	 Protocol_Missing: 35009	 0.0	 0.0	 0.0	 0.0	 0.0	 0.0	 0.0	 0.0	 
50010	50000	10	 sysNum: 	10000	 MissingNum: 	0	 54024.133333333266	 287814	 2	 Protocol_Missing: 40010	 0.0	 0.0	 0.0	 0.0	 0.0	 0.0	 0.0	 0.0	 
50010	50000	10	 sysNum: 	4999	 MissingNum: 	0	 53817.824999999786	 287514	 2	 Protocol_Missing: 45001	 0.0	 0.0	 0.0	 0.0	 0.0	 0.0	 0.0	 0.0	 
50010	50000	10	 sysNum: 	45009	 MissingNum: 	0	 54718.22500000048	 287136	 2	 Protocol_Missing: 5001	 0.0	 0.0	 0.0	 0.0	 0.0	 0.0	 0.0	 0.0	 
50010	50000	10	 sysNum: 	40008	 MissingNum: 	0	 54944.06666666727	 288816	 2	 Protocol_Missing: 10002	 0.0	 0.0	 0.0	 0.0	 0.0	 0.0	 0.0	 0.0	 
50010	50000	10	 sysNum: 	35007	 MissingNum: 	0	 54451.52500000005	 286758	 2	 Protocol_Missing: 15003	 0.0	 0.0	 0.0	 0.0	 0.0	 0.0	 0.0	 0.0	 
50010	50000	10	 sysNum: 	30006	 MissingNum: 	0	 54512.10833333302	 287679	 2	 Protocol_Missing: 20004	 0.0	 0.0	 0.0	 0.0	 0.0	 0.0	 0.0	 0.0	 
50010	50000	10	 sysNum: 	25005	 MissingNum: 	0	 54543.01666666695	 288366	 2	 Protocol_Missing: 25005	 0.0	 0.0	 0.0	 0.0	 0.0	 0.0	 0.0	 0.0	 
50010	50000	10	 sysNum: 	20004	 MissingNum: 	0	 54149.95833333289	 286914	 2	 Protocol_Missing: 30006	 0.0	 0.0	 0.0	 0.0	 0.0	 0.0	 0.0	 0.0	 
50010	50000	10	 sysNum: 	15001	 MissingNum: 	0	 54184.64999999995	 287901	 2	 Protocol_Missing: 35009	 0.0	 0.0	 0.0	 0.0	 0.0	 0.0	 0.0	 0.0	 
50010	50000	10	 sysNum: 	10000	 MissingNum: 	0	 53918.2500000001	 287271	 2	 Protocol_Missing: 40010	 0.0	 0.0	 0.0	 0.0	 0.0	 0.0	 0.0	 0.0	 
50010	50000	10	 sysNum: 	4999	 MissingNum: 	0	 54043.27499999992	 288711	 2	 Protocol_Missing: 45001	 0.0	 0.0	 0.0	 0.0	 0.0	 0.0	 0.0	 0.0	 
