50010	50000	10	 sysNum: 	45009	 MissingNum: 	0	 6037.791666666668	 204706	 2	 Protocol_Missing: 0	 0.0	 2819.7749999999983	 2089.5583333333334	 1128.4583333333337	 94374.0	 71642.0	 38690.0	 12.0	 
50010	50000	10	 sysNum: 	40008	 MissingNum: 	0	 6077.283333333339	 206252	 2	 Protocol_Missing: 0	 0.0	 2783.549999999999	 2122.370833333333	 1171.3624999999997	 93324.0	 72767.0	 40161.0	 11.0	 
50010	50000	10	 sysNum: 	35007	 MissingNum: 	0	 5970.2416666666695	 202582	 2	 Protocol_Missing: 0	 0.0	 2687.8833333333323	 2107.8166666666666	 1174.5416666666665	 90044.0	 72268.0	 40270.0	 11.0	 
50010	50000	10	 sysNum: 	30006	 MissingNum: 	0	 5826.712500000004	 197469	 2	 Protocol_Missing: 0	 0.0	 2581.074999999999	 2076.4333333333334	 1169.2041666666667	 86190.0	 71192.0	 40087.0	 12.0	 
50010	50000	10	 sysNum: 	25005	 MissingNum: 	0	 5612.395833333337	 190121	 2	 Protocol_Missing: 0	 0.0	 2443.1749999999993	 2019.0624999999993	 1150.1583333333333	 81462.0	 69225.0	 39434.0	 12.0	 
50010	50000	10	 sysNum: 	20004	 MissingNum: 	0	 5311.716666666669	 179812	 2	 Protocol_Missing: 0	 0.0	 2271.091666666666	 1926.3124999999993	 1114.3124999999998	 75562.0	 66045.0	 38205.0	 12.0	 
50010	50000	10	 sysNum: 	15001	 MissingNum: 	0	 4803.545833333336	 162389	 2	 Protocol_Missing: 0	 0.0	 2018.537499999999	 1756.008333333333	 1029.0	 66903.0	 60206.0	 35280.0	 12.0	 
50010	50000	10	 sysNum: 	10000	 MissingNum: 	0	 4108.037500000001	 138543	 2	 Protocol_Missing: 0	 0.0	 1700.3291666666655	 1496.3374999999999	 911.3708333333332	 55993.0	 51303.0	 31247.0	 12.0	 
50010	50000	10	 sysNum: 	4999	 MissingNum: 	0	 2761.3833333333328	 92180	 2	 Protocol_Missing: 0	 0.0	 1138.9291666666659	 994.7583333333333	 627.6958333333333	 36553.0	 34106.0	 21521.0	 13.0	 
50010	50000	10	 sysNum: 	45009	 MissingNum: 	0	 6020.350000000001	 204300	 2	 Protocol_Missing: 0	 0.0	 2806.4458333333328	 2086.7875	 1127.1166666666668	 94109.0	 71547.0	 38644.0	 11.0	 
50010	50000	10	 sysNum: 	40008	 MissingNum: 	0	 6003.2291666666715	 203713	 2	 Protocol_Missing: 0	 0.0	 2750.970833333332	 2101.9249999999997	 1150.3333333333333	 92207.0	 72066.0	 39440.0	 11.0	 
50010	50000	10	 sysNum: 	35007	 MissingNum: 	0	 5940.345833333336	 201557	 2	 Protocol_Missing: 0	 0.0	 2676.2458333333316	 2098.833333333333	 1165.2666666666667	 89645.0	 71960.0	 39952.0	 11.0	 
50010	50000	10	 sysNum: 	30006	 MissingNum: 	0	 5862.879166666671	 198901	 2	 Protocol_Missing: 0	 0.0	 2593.470833333333	 2087.808333333333	 1181.6	 86807.0	 71582.0	 40512.0	 11.0	 
50010	50000	10	 sysNum: 	25005	 MissingNum: 	0	 5588.9166666666715	 189316	 2	 Protocol_Missing: 0	 0.0	 2434.804166666665	 2010.9541666666667	 1143.1583333333328	 81175.0	 68947.0	 39194.0	 12.0	 
50010	50000	10	 sysNum: 	20004	 MissingNum: 	0	 5248.833333333335	 177656	 2	 Protocol_Missing: 0	 0.0	 2247.729166666665	 1907.2666666666667	 1093.8374999999999	 74761.0	 65392.0	 37503.0	 12.0	 
50010	50000	10	 sysNum: 	15001	 MissingNum: 	0	 4822.5333333333365	 163040	 2	 Protocol_Missing: 0	 0.0	 2028.2791666666656	 1759.858333333333	 1034.395833333333	 67237.0	 60338.0	 35465.0	 12.0	 
50010	50000	10	 sysNum: 	10000	 MissingNum: 	0	 4066.795833333333	 137129	 2	 Protocol_Missing: 0	 0.0	 1682.4791666666658	 1484.6124999999995	 899.7041666666667	 55381.0	 50901.0	 30847.0	 12.0	 
50010	50000	10	 sysNum: 	4999	 MissingNum: 	0	 2763.6583333333324	 92258	 2	 Protocol_Missing: 0	 0.0	 1139.1333333333328	 995.6624999999999	 628.8624999999998	 36560.0	 34137.0	 21561.0	 13.0	 
50010	50000	10	 sysNum: 	45009	 MissingNum: 	0	 6071.770833333337	 206063	 2	 Protocol_Missing: 0	 0.0	 2830.858333333332	 2100.0291666666662	 1140.8833333333334	 94946.0	 72001.0	 39116.0	 11.0	 
50010	50000	10	 sysNum: 	40008	 MissingNum: 	0	 6024.170833333335	 204047	 2	 Protocol_Missing: 0	 0.0	 2768.033333333332	 2102.8583333333336	 1153.2791666666665	 92408.0	 72098.0	 39541.0	 13.0	 
50010	50000	10	 sysNum: 	35007	 MissingNum: 	0	 5943.700000000002	 201480	 2	 Protocol_Missing: 0	 0.0	 2678.8999999999983	 2099.5916666666667	 1165.208333333333	 89544.0	 71986.0	 39950.0	 12.0	 
50010	50000	10	 sysNum: 	30006	 MissingNum: 	0	 5813.470833333335	 197015	 2	 Protocol_Missing: 0	 0.0	 2576.729166666665	 2072.2916666666665	 1164.45	 86041.0	 71050.0	 39924.0	 12.0	 
50010	50000	10	 sysNum: 	25005	 MissingNum: 	0	 5587.691666666671	 189274	 2	 Protocol_Missing: 0	 0.0	 2432.791666666665	 2012.470833333333	 1142.4291666666666	 81106.0	 68999.0	 39169.0	 12.0	 
50010	50000	10	 sysNum: 	20004	 MissingNum: 	0	 5274.208333333336	 178526	 2	 Protocol_Missing: 0	 0.0	 2256.683333333333	 1914.7041666666667	 1102.8208333333332	 75068.0	 65647.0	 37811.0	 12.0	 
50010	50000	10	 sysNum: 	15001	 MissingNum: 	0	 4799.754166666669	 162259	 2	 Protocol_Missing: 0	 0.0	 2014.1333333333325	 1756.475	 1029.145833333333	 66752.0	 60222.0	 35285.0	 12.0	 
50010	50000	10	 sysNum: 	10000	 MissingNum: 	0	 4065.8333333333317	 137096	 2	 Protocol_Missing: 0	 0.0	 1681.4583333333323	 1482.8333333333337	 901.5416666666666	 55346.0	 50840.0	 30910.0	 12.0	 
50010	50000	10	 sysNum: 	4999	 MissingNum: 	0	 2743.0666666666652	 91552	 2	 Protocol_Missing: 0	 0.0	 1131.4916666666663	 988.1666666666666	 623.4083333333334	 36298.0	 33880.0	 21374.0	 13.0	 
50010	50000	10	 sysNum: 	45009	 MissingNum: 	0	 6034.962500000004	 204993	 2	 Protocol_Missing: 0	 0.0	 2810.295833333332	 2091.3083333333325	 1133.3583333333333	 94433.0	 71702.0	 38858.0	 10.0	 
50010	50000	10	 sysNum: 	40008	 MissingNum: 	0	 6013.641666666668	 204070	 2	 Protocol_Missing: 0	 0.0	 2755.374999999999	 2104.170833333333	 1154.095833333333	 92358.0	 72143.0	 39569.0	 11.0	 
50010	50000	10	 sysNum: 	35007	 MissingNum: 	0	 5977.562500000004	 202641	 2	 Protocol_Missing: 0	 0.0	 2695.6416666666655	 2107.9916666666663	 1173.9291666666666	 90118.0	 72274.0	 40249.0	 12.0	 
50010	50000	10	 sysNum: 	30006	 MissingNum: 	0	 5830.183333333336	 197588	 2	 Protocol_Missing: 0	 0.0	 2582.2999999999993	 2077.6291666666666	 1170.2541666666666	 86232.0	 71233.0	 40123.0	 12.0	 
50010	50000	10	 sysNum: 	25005	 MissingNum: 	0	 5596.529166666667	 189769	 2	 Protocol_Missing: 0	 0.0	 2433.2291666666665	 2017.458333333333	 1145.8416666666665	 81313.0	 69170.0	 39286.0	 11.0	 
50010	50000	10	 sysNum: 	20004	 MissingNum: 	0	 5271.379166666669	 178429	 2	 Protocol_Missing: 0	 0.0	 2253.5333333333324	 1916.1041666666667	 1101.7416666666666	 74960.0	 65695.0	 37774.0	 12.0	 
50010	50000	10	 sysNum: 	15001	 MissingNum: 	0	 4812.2083333333385	 162686	 2	 Protocol_Missing: 0	 0.0	 2021.9791666666658	 1758.5750000000003	 1031.6541666666667	 67021.0	 60294.0	 35371.0	 12.0	 
50010	50000	10	 sysNum: 	10000	 MissingNum: 	0	 4049.295833333332	 136529	 2	 Protocol_Missing: 0	 0.0	 1676.5874999999992	 1477.2916666666663	 895.4166666666666	 55179.0	 50650.0	 30700.0	 12.0	 
50010	50000	10	 sysNum: 	4999	 MissingNum: 	0	 2745.254166666667	 91627	 2	 Protocol_Missing: 0	 0.0	 1133.7958333333331	 988.8958333333334	 622.5624999999999	 36377.0	 33905.0	 21345.0	 13.0	 
50010	50000	10	 sysNum: 	45009	 MissingNum: 	0	 6000.7500000000055	 203436	 2	 Protocol_Missing: 0	 0.0	 2800.933333333332	 2079.7875	 1120.0291666666665	 93728.0	 71307.0	 38401.0	 12.0	 
50010	50000	10	 sysNum: 	40008	 MissingNum: 	0	 6026.912500000002	 204525	 2	 Protocol_Missing: 0	 0.0	 2761.7916666666656	 2107.0874999999996	 1158.0333333333333	 92578.0	 72243.0	 39704.0	 11.0	 
50010	50000	10	 sysNum: 	35007	 MissingNum: 	0	 5951.16666666667	 201928	 2	 Protocol_Missing: 0	 0.0	 2680.1833333333325	 2100.9333333333334	 1170.0499999999997	 89780.0	 72032.0	 40116.0	 11.0	 
50010	50000	10	 sysNum: 	30006	 MissingNum: 	0	 5836.045833333336	 197789	 2	 Protocol_Missing: 0	 0.0	 2590.116666666665	 2077.0166666666664	 1168.9125	 86500.0	 71212.0	 40077.0	 12.0	 
50010	50000	10	 sysNum: 	25005	 MissingNum: 	0	 5597.608333333337	 189422	 2	 Protocol_Missing: 0	 0.0	 2441.220833333333	 2013.8416666666665	 1142.5458333333333	 81203.0	 69046.0	 39173.0	 13.0	 
50010	50000	10	 sysNum: 	20004	 MissingNum: 	0	 5259.129166666669	 178009	 2	 Protocol_Missing: 0	 0.0	 2248.8666666666663	 1912.9541666666669	 1097.3083333333332	 74800.0	 65587.0	 37622.0	 12.0	 
50010	50000	10	 sysNum: 	15001	 MissingNum: 	0	 4822.300000000005	 163032	 2	 Protocol_Missing: 0	 0.0	 2026.3541666666658	 1762.6291666666664	 1033.3166666666664	 67171.0	 60433.0	 35428.0	 12.0	 
50010	50000	10	 sysNum: 	10000	 MissingNum: 	0	 4075.487499999999	 137235	 2	 Protocol_Missing: 0	 0.0	 1691.5499999999988	 1482.4249999999995	 901.5124999999999	 55500.0	 50826.0	 30909.0	 13.0	 
50010	50000	10	 sysNum: 	4999	 MissingNum: 	0	 2741.783333333332	 91508	 2	 Protocol_Missing: 0	 0.0	 1130.9666666666665	 987.3791666666666	 623.4375	 36280.0	 33853.0	 21375.0	 13.0	 
50010	50000	10	 sysNum: 	45009	 MissingNum: 	0	 6047.0666666666675	 205216	 2	 Protocol_Missing: 0	 0.0	 2820.999999999999	 2092.620833333333	 1133.4458333333332	 94608.0	 71747.0	 38861.0	 11.0	 
50010	50000	10	 sysNum: 	40008	 MissingNum: 	0	 6007.341666666669	 203854	 2	 Protocol_Missing: 0	 0.0	 2754.470833333332	 2101.079166666668	 1151.7916666666665	 92327.0	 72037.0	 39490.0	 11.0	 
50010	50000	10	 sysNum: 	35007	 MissingNum: 	0	 5992.5541666666695	 203347	 2	 Protocol_Missing: 0	 0.0	 2698.091666666666	 2111.520833333333	 1182.9416666666662	 90394.0	 72395.0	 40558.0	 11.0	 
50010	50000	10	 sysNum: 	30006	 MissingNum: 	0	 5818.4291666666695	 197185	 2	 Protocol_Missing: 0	 0.0	 2577.8666666666654	 2074.041666666667	 1166.520833333333	 86080.0	 71110.0	 39995.0	 12.0	 
50010	50000	10	 sysNum: 	25005	 MissingNum: 	0	 5587.2833333333365	 189068	 2	 Protocol_Missing: 0	 0.0	 2435.0666666666652	 2010.7791666666667	 1141.4374999999998	 80992.0	 68941.0	 39135.0	 13.0	 
50010	50000	10	 sysNum: 	20004	 MissingNum: 	0	 5289.025000000003	 179034	 2	 Protocol_Missing: 0	 0.0	 2259.658333333332	 1922.4041666666665	 1106.9625	 75170.0	 65911.0	 37953.0	 12.0	 
50010	50000	10	 sysNum: 	15001	 MissingNum: 	0	 4822.0958333333365	 163025	 2	 Protocol_Missing: 0	 0.0	 2026.645833333332	 1761.3166666666664	 1034.1333333333332	 67181.0	 60388.0	 35456.0	 12.0	 
50010	50000	10	 sysNum: 	10000	 MissingNum: 	0	 4039.962499999999	 136401	 2	 Protocol_Missing: 0	 0.0	 1668.683333333333	 1475.775	 895.5041666666665	 55100.0	 50598.0	 30703.0	 11.0	 
50010	50000	10	 sysNum: 	4999	 MissingNum: 	0	 2747.1499999999987	 91692	 2	 Protocol_Missing: 0	 0.0	 1133.2124999999992	 990.5875	 623.35	 36357.0	 33963.0	 21372.0	 13.0	 
50010	50000	10	 sysNum: 	45009	 MissingNum: 	0	 6001.47916666667	 203845	 2	 Protocol_Missing: 0	 0.0	 2796.208333333332	 2083.8708333333334	 1121.4	 93950.0	 71447.0	 38448.0	 10.0	 
50010	50000	10	 sysNum: 	40008	 MissingNum: 	0	 6001.333333333336	 203648	 2	 Protocol_Missing: 0	 0.0	 2750.3291666666655	 2099.504166666666	 1151.5	 92185.0	 71983.0	 39480.0	 11.0	 
50010	50000	10	 sysNum: 	35007	 MissingNum: 	0	 5958.545833333334	 201989	 2	 Protocol_Missing: 0	 0.0	 2688.379166666666	 2101.8375000000005	 1168.3291666666669	 89869.0	 72063.0	 40057.0	 12.0	 
50010	50000	10	 sysNum: 	30006	 MissingNum: 	0	 5831.145833333337	 197429	 2	 Protocol_Missing: 0	 0.0	 2587.7541666666657	 2075.0916666666667	 1168.3000000000002	 86227.0	 71146.0	 40056.0	 13.0	 
50010	50000	10	 sysNum: 	25005	 MissingNum: 	0	 5614.729166666669	 190009	 2	 Protocol_Missing: 0	 0.0	 2449.474999999999	 2017.05	 1148.2041666666667	 81486.0	 69156.0	 39367.0	 13.0	 
50010	50000	10	 sysNum: 	20004	 MissingNum: 	0	 5268.287500000002	 178515	 2	 Protocol_Missing: 0	 0.0	 2251.054166666666	 1915.725	 1101.5083333333332	 75067.0	 65682.0	 37766.0	 11.0	 
50010	50000	10	 sysNum: 	15001	 MissingNum: 	0	 4819.354166666669	 162739	 2	 Protocol_Missing: 0	 0.0	 2030.8458333333322	 1759.0124999999996	 1029.4958333333334	 67133.0	 60309.0	 35297.0	 13.0	 
50010	50000	10	 sysNum: 	10000	 MissingNum: 	0	 4098.354166666666	 138211	 2	 Protocol_Missing: 0	 0.0	 1694.2333333333324	 1494.2958333333333	 909.8249999999998	 55784.0	 51233.0	 31194.0	 12.0	 
50010	50000	10	 sysNum: 	4999	 MissingNum: 	0	 2746.479166666667	 91669	 2	 Protocol_Missing: 0	 0.0	 1132.5124999999996	 990.1499999999999	 623.8166666666666	 36333.0	 33948.0	 21388.0	 13.0	 
50010	50000	10	 sysNum: 	45009	 MissingNum: 	0	 6016.908333333336	 204182	 2	 Protocol_Missing: 0	 0.0	 2805.3374999999987	 2086.0583333333334	 1125.5125	 94071.0	 71522.0	 38589.0	 11.0	 
50010	50000	10	 sysNum: 	40008	 MissingNum: 	0	 6057.21666666667	 205372	 2	 Protocol_Missing: 0	 0.0	 2779.0874999999987	 2114.4666666666667	 1163.6625	 92979.0	 72496.0	 39897.0	 12.0	 
50010	50000	10	 sysNum: 	35007	 MissingNum: 	0	 5980.187500000001	 202731	 2	 Protocol_Missing: 0	 0.0	 2697.333333333332	 2107.408333333333	 1175.4458333333334	 90176.0	 72254.0	 40301.0	 12.0	 
50010	50000	10	 sysNum: 	30006	 MissingNum: 	0	 5842.14166666667	 197998	 2	 Protocol_Missing: 0	 0.0	 2589.3291666666655	 2080.8666666666663	 1171.9458333333332	 86473.0	 71344.0	 40181.0	 12.0	 
50010	50000	10	 sysNum: 	25005	 MissingNum: 	0	 5590.375000000001	 189366	 2	 Protocol_Missing: 0	 0.0	 2432.9958333333325	 2012.4416666666666	 1144.9375	 81113.0	 68998.0	 39255.0	 12.0	 
50010	50000	10	 sysNum: 	20004	 MissingNum: 	0	 5255.804166666669	 177895	 2	 Protocol_Missing: 0	 0.0	 2249.4791666666656	 1910.970833333333	 1095.3541666666665	 74821.0	 65519.0	 37555.0	 12.0	 
50010	50000	10	 sysNum: 	15001	 MissingNum: 	0	 4814.862500000003	 162777	 2	 Protocol_Missing: 0	 0.0	 2023.7291666666658	 1757.670833333333	 1033.4624999999999	 67081.0	 60263.0	 35433.0	 12.0	 
50010	50000	10	 sysNum: 	10000	 MissingNum: 	0	 4083.8874999999994	 137715	 2	 Protocol_Missing: 0	 0.0	 1690.1208333333327	 1488.9874999999997	 904.7791666666666	 55643.0	 51051.0	 31021.0	 12.0	 
50010	50000	10	 sysNum: 	4999	 MissingNum: 	0	 2738.9541666666655	 91603	 2	 Protocol_Missing: 0	 0.0	 1127.2041666666664	 988.8666666666667	 622.8833333333333	 36343.0	 33904.0	 21356.0	 12.0	 
50010	50000	10	 sysNum: 	45009	 MissingNum: 	0	 6040.59166666667	 204994	 2	 Protocol_Missing: 0	 0.0	 2816.2749999999996	 2091.920833333333	 1132.3958333333333	 94446.0	 71723.0	 38825.0	 11.0	 
50010	50000	10	 sysNum: 	40008	 MissingNum: 	0	 6036.770833333336	 204863	 2	 Protocol_Missing: 0	 0.0	 2764.387499999999	 2111.316666666667	 1161.0666666666664	 92667.0	 72388.0	 39808.0	 11.0	 
50010	50000	10	 sysNum: 	35007	 MissingNum: 	0	 5936.875000000005	 201246	 2	 Protocol_Missing: 0	 0.0	 2676.2166666666653	 2096.9374999999995	 1163.7208333333333	 89452.0	 71895.0	 39899.0	 12.0	 
50010	50000	10	 sysNum: 	30006	 MissingNum: 	0	 5820.00416666667	 197431	 2	 Protocol_Missing: 0	 0.0	 2576.554166666665	 2074.9458333333328	 1168.5041666666668	 86227.0	 71141.0	 40063.0	 11.0	 
50010	50000	10	 sysNum: 	25005	 MissingNum: 	0	 5610.52916666667	 190057	 2	 Protocol_Missing: 0	 0.0	 2443.029166666665	 2019.7333333333331	 1147.7666666666667	 81457.0	 69248.0	 39352.0	 12.0	 
50010	50000	10	 sysNum: 	20004	 MissingNum: 	0	 5254.520833333338	 177851	 2	 Protocol_Missing: 0	 0.0	 2247.1458333333326	 1911.4958333333336	 1095.8791666666664	 74741.0	 65537.0	 37573.0	 12.0	 
50010	50000	10	 sysNum: 	15001	 MissingNum: 	0	 4807.658333333336	 162530	 2	 Protocol_Missing: 0	 0.0	 2020.6666666666656	 1757.0583333333334	 1029.9333333333332	 66976.0	 60242.0	 35312.0	 12.0	 
50010	50000	10	 sysNum: 	10000	 MissingNum: 	0	 4083.8583333333318	 137714	 2	 Protocol_Missing: 0	 0.0	 1689.391666666666	 1489.045833333333	 905.4208333333333	 55618.0	 51053.0	 31043.0	 12.0	 
50010	50000	10	 sysNum: 	4999	 MissingNum: 	0	 2744.2333333333318	 91784	 2	 Protocol_Missing: 0	 0.0	 1127.7583333333332	 990.5583333333334	 625.9166666666666	 36362.0	 33962.0	 21460.0	 12.0	 
50010	50000	10	 sysNum: 	45009	 MissingNum: 	0	 6008.7416666666695	 204094	 2	 Protocol_Missing: 0	 0.0	 2797.1708333333318	 2086.175	 1125.3958333333333	 93983.0	 71526.0	 38585.0	 10.0	 
50010	50000	10	 sysNum: 	40008	 MissingNum: 	0	 6002.791666666669	 203698	 2	 Protocol_Missing: 0	 0.0	 2750.6499999999987	 2101.983333333333	 1150.1583333333333	 92196.0	 72068.0	 39434.0	 11.0	 
50010	50000	10	 sysNum: 	35007	 MissingNum: 	0	 5961.258333333335	 202082	 2	 Protocol_Missing: 0	 0.0	 2687.154166666666	 2103.5583333333334	 1170.5458333333327	 89827.0	 72122.0	 40133.0	 12.0	 
50010	50000	10	 sysNum: 	30006	 MissingNum: 	0	 5790.0208333333385	 196211	 2	 Protocol_Missing: 0	 0.0	 2564.8583333333318	 2065.0583333333334	 1160.1041666666665	 85634.0	 70802.0	 39775.0	 12.0	 
50010	50000	10	 sysNum: 	25005	 MissingNum: 	0	 5609.683333333337	 190028	 2	 Protocol_Missing: 0	 0.0	 2442.066666666665	 2018.8875	 1148.7291666666663	 81424.0	 69219.0	 39385.0	 12.0	 
50010	50000	10	 sysNum: 	20004	 MissingNum: 	0	 5295.5000000000055	 179256	 2	 Protocol_Missing: 0	 0.0	 2265.8416666666653	 1922.433333333333	 1107.2250000000001	 75382.0	 65912.0	 37962.0	 12.0	 
50010	50000	10	 sysNum: 	15001	 MissingNum: 	0	 4814.804166666667	 162583	 2	 Protocol_Missing: 0	 0.0	 2026.0333333333326	 1759.1000000000004	 1029.6708333333333	 66968.0	 60312.0	 35303.0	 13.0	 
50010	50000	10	 sysNum: 	10000	 MissingNum: 	0	 4041.7124999999996	 136077	 2	 Protocol_Missing: 0	 0.0	 1675.0416666666658	 1473.3833333333334	 893.2874999999999	 54934.0	 50516.0	 30627.0	 13.0	 
50010	50000	10	 sysNum: 	4999	 MissingNum: 	0	 2750.3874999999994	 91995	 2	 Protocol_Missing: 0	 0.0	 1130.9666666666662	 992.5999999999998	 626.8208333333333	 36472.0	 34032.0	 21491.0	 12.0	 
50010	50000	10	 sysNum: 	45009	 MissingNum: 	0	 6047.125000000005	 205026	 2	 Protocol_Missing: 0	 0.0	 2824.675	 2092.1833333333334	 1130.2666666666664	 94542.0	 71732.0	 38752.0	 12.0	 
50010	50000	10	 sysNum: 	40008	 MissingNum: 	0	 5989.170833333336	 203231	 2	 Protocol_Missing: 0	 0.0	 2742.4833333333318	 2098.541666666667	 1148.1458333333333	 91916.0	 71950.0	 39365.0	 11.0	 
50010	50000	10	 sysNum: 	35007	 MissingNum: 	0	 5952.158333333336	 201962	 2	 Protocol_Missing: 0	 0.0	 2682.9249999999984	 2102.0125000000007	 1167.2208333333333	 89874.0	 72069.0	 40019.0	 11.0	 
50010	50000	10	 sysNum: 	30006	 MissingNum: 	0	 5807.170833333335	 196799	 2	 Protocol_Missing: 0	 0.0	 2571.420833333331	 2070.5125000000003	 1165.2375	 85859.0	 70989.0	 39951.0	 12.0	 
50010	50000	10	 sysNum: 	25005	 MissingNum: 	0	 5604.84166666667	 189670	 2	 Protocol_Missing: 0	 0.0	 2441.804166666666	 2016.0000000000002	 1147.0375	 81223.0	 69120.0	 39327.0	 13.0	 
50010	50000	10	 sysNum: 	20004	 MissingNum: 	0	 5271.262500000001	 178617	 2	 Protocol_Missing: 0	 0.0	 2251.345833333332	 1917.0083333333334	 1102.9083333333333	 75077.0	 65726.0	 37814.0	 11.0	 
50010	50000	10	 sysNum: 	15001	 MissingNum: 	0	 4829.854166666671	 163291	 2	 Protocol_Missing: 0	 0.0	 2030.8458333333322	 1764.7291666666663	 1034.2791666666665	 67325.0	 60505.0	 35461.0	 12.0	 
50010	50000	10	 sysNum: 	10000	 MissingNum: 	0	 4058.3666666666663	 136840	 2	 Protocol_Missing: 0	 0.0	 1679.5333333333322	 1481.7541666666662	 897.0791666666668	 55280.0	 50803.0	 30757.0	 12.0	 
50010	50000	10	 sysNum: 	4999	 MissingNum: 	0	 2770.5708333333328	 92495	 2	 Protocol_Missing: 0	 0.0	 1143.1874999999995	 996.5666666666665	 630.8166666666666	 36699.0	 34168.0	 21628.0	 13.0	 
50010	50000	10	 sysNum: 	45009	 MissingNum: 	0	 6039.7750000000015	 204966	 2	 Protocol_Missing: 0	 0.0	 2817.033333333333	 2090.55	 1132.1916666666666	 94472.0	 71676.0	 38818.0	 11.0	 
50010	50000	10	 sysNum: 	40008	 MissingNum: 	0	 6035.1375000000035	 204615	 2	 Protocol_Missing: 0	 0.0	 2768.091666666666	 2109.158333333333	 1157.8875	 92602.0	 72314.0	 39699.0	 12.0	 
50010	50000	10	 sysNum: 	35007	 MissingNum: 	0	 5936.72916666667	 201433	 2	 Protocol_Missing: 0	 0.0	 2672.3374999999983	 2097.141666666667	 1167.2500000000002	 89511.0	 71902.0	 40020.0	 11.0	 
50010	50000	10	 sysNum: 	30006	 MissingNum: 	0	 5842.462500000005	 198009	 2	 Protocol_Missing: 0	 0.0	 2590.3499999999985	 2079.2333333333336	 1172.8791666666668	 86508.0	 71288.0	 40213.0	 12.0	 
50010	50000	10	 sysNum: 	25005	 MissingNum: 	0	 5597.783333333336	 189620	 2	 Protocol_Missing: 0	 0.0	 2436.233333333332	 2015.8833333333334	 1145.6666666666665	 81224.0	 69116.0	 39280.0	 12.0	 
50010	50000	10	 sysNum: 	20004	 MissingNum: 	0	 5270.562500000003	 178401	 2	 Protocol_Missing: 0	 0.0	 2253.562499999999	 1914.5874999999994	 1102.4124999999995	 74961.0	 65643.0	 37797.0	 12.0	 
50010	50000	10	 sysNum: 	15001	 MissingNum: 	0	 4817.487500000003	 162867	 2	 Protocol_Missing: 0	 0.0	 2025.8583333333327	 1759.0124999999998	 1032.6166666666666	 67154.0	 60309.0	 35404.0	 12.0	 
50010	50000	10	 sysNum: 	10000	 MissingNum: 	0	 4083.945833333333	 137717	 2	 Protocol_Missing: 0	 0.0	 1689.0124999999991	 1487.9374999999993	 906.9958333333333	 55605.0	 51015.0	 31097.0	 12.0	 
50010	50000	10	 sysNum: 	4999	 MissingNum: 	0	 2757.5624999999995	 92049	 2	 Protocol_Missing: 0	 0.0	 1136.6833333333327	 993.0958333333332	 627.7833333333331	 36476.0	 34049.0	 21524.0	 13.0	 
50010	50000	10	 sysNum: 	45009	 MissingNum: 	0	 6040.562500000002	 204801	 2	 Protocol_Missing: 0	 0.0	 2819.3374999999983	 2091.075	 1130.15	 94359.0	 71694.0	 38748.0	 12.0	 
50010	50000	10	 sysNum: 	40008	 MissingNum: 	0	 6023.062500000005	 204393	 2	 Protocol_Missing: 0	 0.0	 2757.591666666666	 2106.6499999999996	 1158.8208333333332	 92434.0	 72228.0	 39731.0	 11.0	 
50010	50000	10	 sysNum: 	35007	 MissingNum: 	0	 5968.695833333336	 202337	 2	 Protocol_Missing: 0	 0.0	 2691.237499999999	 2105.2499999999995	 1172.2083333333335	 89967.0	 72180.0	 40190.0	 12.0	 
50010	50000	10	 sysNum: 	30006	 MissingNum: 	0	 5838.262500000001	 197865	 2	 Protocol_Missing: 0	 0.0	 2588.045833333332	 2077.775	 1172.4416666666668	 86429.0	 71238.0	 40198.0	 12.0	 
50010	50000	10	 sysNum: 	25005	 MissingNum: 	0	 5612.337500000004	 189927	 2	 Protocol_Missing: 0	 0.0	 2446.1499999999987	 2017.4874999999995	 1148.7	 81372.0	 69171.0	 39384.0	 13.0	 
50010	50000	10	 sysNum: 	20004	 MissingNum: 	0	 5298.125000000001	 179346	 2	 Protocol_Missing: 0	 0.0	 2270.8291666666655	 1921.5291666666665	 1105.7666666666664	 75553.0	 65881.0	 37912.0	 12.0	 
50010	50000	10	 sysNum: 	15001	 MissingNum: 	0	 4792.2875	 162195	 2	 Protocol_Missing: 0	 0.0	 2012.8791666666657	 1754.1125000000004	 1025.2958333333331	 66901.0	 60141.0	 35153.0	 11.0	 
50010	50000	10	 sysNum: 	10000	 MissingNum: 	0	 4107.4541666666655	 138523	 2	 Protocol_Missing: 0	 0.0	 1698.229166666666	 1495.8999999999999	 913.325	 55921.0	 51288.0	 31314.0	 12.0	 
50010	50000	10	 sysNum: 	4999	 MissingNum: 	0	 2744.6999999999994	 91608	 2	 Protocol_Missing: 0	 0.0	 1132.804166666666	 988.4874999999998	 623.4083333333333	 36343.0	 33891.0	 21374.0	 13.0	 
50010	50000	10	 sysNum: 	45009	 MissingNum: 	0	 6018.3375000000015	 204423	 2	 Protocol_Missing: 0	 0.0	 2801.662499999999	 2089.5	 1127.175	 94137.0	 71640.0	 38646.0	 10.0	 
50010	50000	10	 sysNum: 	40008	 MissingNum: 	0	 6037.675	 204702	 2	 Protocol_Missing: 0	 0.0	 2768.995833333333	 2107.933333333334	 1160.7458333333334	 92633.0	 72272.0	 39797.0	 12.0	 
50010	50000	10	 sysNum: 	35007	 MissingNum: 	0	 5987.245833333335	 202973	 2	 Protocol_Missing: 0	 0.0	 2702.8458333333315	 2109.1291666666666	 1175.2708333333335	 90365.0	 72313.0	 40295.0	 12.0	 
50010	50000	10	 sysNum: 	30006	 MissingNum: 	0	 5798.30416666667	 196687	 2	 Protocol_Missing: 0	 0.0	 2562.670833333332	 2070.016666666666	 1165.6166666666668	 85751.0	 70972.0	 39964.0	 11.0	 
50010	50000	10	 sysNum: 	25005	 MissingNum: 	0	 5611.083333333336	 190268	 2	 Protocol_Missing: 0	 0.0	 2437.895833333333	 2021.1625	 1152.0249999999999	 81473.0	 69297.0	 39498.0	 11.0	 
50010	50000	10	 sysNum: 	20004	 MissingNum: 	0	 5279.225000000002	 178698	 2	 Protocol_Missing: 0	 0.0	 2258.345833333332	 1917.5041666666662	 1103.375	 75125.0	 65743.0	 37830.0	 12.0	 
50010	50000	10	 sysNum: 	15001	 MissingNum: 	0	 4810.925000000002	 162642	 2	 Protocol_Missing: 0	 0.0	 2024.4583333333328	 1755.658333333333	 1030.8083333333332	 67106.0	 60194.0	 35342.0	 12.0	 
50010	50000	10	 sysNum: 	10000	 MissingNum: 	0	 4062.245833333334	 136973	 2	 Protocol_Missing: 0	 0.0	 1679.1833333333323	 1482.2499999999998	 900.8124999999998	 55268.0	 50820.0	 30885.0	 12.0	 
50010	50000	10	 sysNum: 	4999	 MissingNum: 	0	 2746.1874999999995	 91851	 2	 Protocol_Missing: 0	 0.0	 1129.770833333333	 990.4708333333333	 625.9458333333332	 36431.0	 33959.0	 21461.0	 12.0	 
50010	50000	10	 sysNum: 	45009	 MissingNum: 	0	 6040.737500000001	 204807	 2	 Protocol_Missing: 0	 0.0	 2823.0416666666647	 2088.945833333333	 1128.7500000000002	 94486.0	 71621.0	 38700.0	 12.0	 
50010	50000	10	 sysNum: 	40008	 MissingNum: 	0	 6018.745833333333	 204053	 2	 Protocol_Missing: 0	 0.0	 2761.412499999999	 2103.5875	 1153.7458333333332	 92373.0	 72123.0	 39557.0	 12.0	 
50010	50000	10	 sysNum: 	35007	 MissingNum: 	0	 5968.900000000002	 202536	 2	 Protocol_Missing: 0	 0.0	 2685.9291666666654	 2107.2916666666665	 1175.6791666666666	 89977.0	 72250.0	 40309.0	 11.0	 
50010	50000	10	 sysNum: 	30006	 MissingNum: 	0	 5818.050000000003	 197172	 2	 Protocol_Missing: 0	 0.0	 2575.708333333332	 2073.0499999999997	 1169.2916666666663	 86006.0	 71076.0	 40090.0	 12.0	 
50010	50000	10	 sysNum: 	25005	 MissingNum: 	0	 5602.82916666667	 189985	 2	 Protocol_Missing: 0	 0.0	 2438.6249999999995	 2018.2458333333334	 1145.9583333333335	 81498.0	 69197.0	 39290.0	 11.0	 
50010	50000	10	 sysNum: 	20004	 MissingNum: 	0	 5270.300000000004	 178392	 2	 Protocol_Missing: 0	 0.0	 2254.4666666666653	 1914.966666666667	 1100.8666666666666	 74992.0	 65656.0	 37744.0	 12.0	 
50010	50000	10	 sysNum: 	15001	 MissingNum: 	0	 4808.300000000002	 162552	 2	 Protocol_Missing: 0	 0.0	 2019.8791666666655	 1758.5458333333336	 1029.875	 66949.0	 60293.0	 35310.0	 12.0	 
50010	50000	10	 sysNum: 	10000	 MissingNum: 	0	 4084.0333333333324	 137720	 2	 Protocol_Missing: 0	 0.0	 1686.3291666666657	 1488.8999999999999	 908.8041666666664	 55513.0	 51048.0	 31159.0	 12.0	 
50010	50000	10	 sysNum: 	4999	 MissingNum: 	0	 2756.1625	 92001	 2	 Protocol_Missing: 0	 0.0	 1136.5958333333328	 991.8124999999998	 627.7541666666667	 36473.0	 34005.0	 21523.0	 13.0	 
50010	50000	10	 sysNum: 	45009	 MissingNum: 	0	 6011.658333333336	 204002	 2	 Protocol_Missing: 0	 0.0	 2804.316666666666	 2084.2791666666662	 1123.0624999999998	 94036.0	 71461.0	 38505.0	 11.0	 
50010	50000	10	 sysNum: 	40008	 MissingNum: 	0	 6011.716666666671	 204004	 2	 Protocol_Missing: 0	 0.0	 2755.8416666666653	 2104.0541666666663	 1151.8208333333332	 92374.0	 72139.0	 39491.0	 11.0	 
50010	50000	10	 sysNum: 	35007	 MissingNum: 	0	 5954.695833333337	 201857	 2	 Protocol_Missing: 0	 0.0	 2686.3666666666654	 2100.7	 1167.6291666666668	 89800.0	 72024.0	 40033.0	 12.0	 
50010	50000	10	 sysNum: 	30006	 MissingNum: 	0	 5844.825000000002	 198090	 2	 Protocol_Missing: 0	 0.0	 2591.0791666666655	 2080.4874999999997	 1173.258333333333	 86533.0	 71331.0	 40226.0	 12.0	 
50010	50000	10	 sysNum: 	25005	 MissingNum: 	0	 5563.804166666667	 188647	 2	 Protocol_Missing: 0	 0.0	 2420.833333333333	 2007.3374999999996	 1135.6333333333332	 80888.0	 68823.0	 38936.0	 11.0	 
50010	50000	10	 sysNum: 	20004	 MissingNum: 	0	 5294.333333333338	 179408	 2	 Protocol_Missing: 0	 0.0	 2259.3666666666654	 1923.9500000000003	 1111.0166666666664	 75352.0	 65964.0	 38092.0	 11.0	 
50010	50000	10	 sysNum: 	15001	 MissingNum: 	0	 4831.86666666667	 163360	 2	 Protocol_Missing: 0	 0.0	 2032.9749999999988	 1763.183333333333	 1035.7083333333333	 67398.0	 60452.0	 35510.0	 12.0	 
50010	50000	10	 sysNum: 	10000	 MissingNum: 	0	 4052.9708333333324	 136847	 2	 Protocol_Missing: 0	 0.0	 1673.349999999999	 1480.9958333333334	 898.625	 55260.0	 50777.0	 30810.0	 11.0	 
50010	50000	10	 sysNum: 	4999	 MissingNum: 	0	 2734.9874999999993	 91275	 2	 Protocol_Missing: 0	 0.0	 1127.4374999999995	 985.3374999999999	 622.2125	 36159.0	 33783.0	 21333.0	 13.0	 
50010	50000	10	 sysNum: 	45009	 MissingNum: 	0	 6070.2833333333365	 205820	 2	 Protocol_Missing: 0	 0.0	 2833.1916666666652	 2098.5124999999994	 1138.5791666666667	 94834.0	 71949.0	 39037.0	 12.0	 
50010	50000	10	 sysNum: 	40008	 MissingNum: 	0	 6012.50416666667	 203839	 2	 Protocol_Missing: 0	 0.0	 2759.604166666665	 2100.7875	 1152.1124999999997	 92311.0	 72027.0	 39501.0	 12.0	 
50010	50000	10	 sysNum: 	35007	 MissingNum: 	0	 5969.483333333334	 202364	 2	 Protocol_Missing: 0	 0.0	 2692.4333333333325	 2104.608333333333	 1172.4416666666666	 90008.0	 72158.0	 40198.0	 12.0	 
50010	50000	10	 sysNum: 	30006	 MissingNum: 	0	 5838.320833333336	 197867	 2	 Protocol_Missing: 0	 0.0	 2587.579166666666	 2078.2708333333335	 1172.4708333333333	 86413.0	 71255.0	 40199.0	 12.0	 
50010	50000	10	 sysNum: 	25005	 MissingNum: 	0	 5586.466666666667	 189424	 2	 Protocol_Missing: 0	 0.0	 2430.691666666666	 2013.8124999999995	 1141.9625	 81226.0	 69045.0	 39153.0	 11.0	 
50010	50000	10	 sysNum: 	20004	 MissingNum: 	0	 5290.395833333336	 179081	 2	 Protocol_Missing: 0	 0.0	 2263.7999999999984	 1921.1791666666666	 1105.4166666666667	 75312.0	 65869.0	 37900.0	 12.0	 
50010	50000	10	 sysNum: 	15001	 MissingNum: 	0	 4827.6083333333345	 163214	 2	 Protocol_Missing: 0	 0.0	 2029.387499999999	 1763.0958333333333	 1035.1250000000002	 67275.0	 60449.0	 35490.0	 12.0	 
50010	50000	10	 sysNum: 	10000	 MissingNum: 	0	 4077.733333333333	 137504	 2	 Protocol_Missing: 0	 0.0	 1687.7291666666658	 1485.5166666666664	 904.4875	 55561.0	 50932.0	 31011.0	 12.0	 
50010	50000	10	 sysNum: 	4999	 MissingNum: 	0	 2740.033333333332	 91448	 2	 Protocol_Missing: 0	 0.0	 1131.9583333333333	 986.8833333333333	 621.1916666666666	 36314.0	 33836.0	 21298.0	 13.0	 
50010	50000	10	 sysNum: 	45009	 MissingNum: 	0	 6026.329166666668	 204505	 2	 Protocol_Missing: 0	 0.0	 2810.149999999999	 2088.6541666666667	 1127.5249999999999	 94236.0	 71611.0	 38658.0	 11.0	 
50010	50000	10	 sysNum: 	40008	 MissingNum: 	0	 6043.945833333335	 205109	 2	 Protocol_Missing: 0	 0.0	 2767.654166666666	 2111.6958333333337	 1164.5958333333333	 92779.0	 72401.0	 39929.0	 11.0	 
50010	50000	10	 sysNum: 	35007	 MissingNum: 	0	 5984.76666666667	 202696	 2	 Protocol_Missing: 0	 0.0	 2701.999999999999	 2108.1958333333328	 1174.570833333333	 90144.0	 72281.0	 40271.0	 13.0	 
50010	50000	10	 sysNum: 	30006	 MissingNum: 	0	 5806.879166666669	 196981	 2	 Protocol_Missing: 0	 0.0	 2570.691666666665	 2070.979166666667	 1165.2083333333333	 86026.0	 71005.0	 39950.0	 11.0	 
50010	50000	10	 sysNum: 	25005	 MissingNum: 	0	 5566.400000000002	 188736	 2	 Protocol_Missing: 0	 0.0	 2420.7166666666653	 2006.9291666666663	 1138.7541666666666	 80884.0	 68809.0	 39043.0	 11.0	 
50010	50000	10	 sysNum: 	20004	 MissingNum: 	0	 5288.150000000003	 179196	 2	 Protocol_Missing: 0	 0.0	 2258.608333333332	 1921.7041666666667	 1107.8374999999999	 75326.0	 65887.0	 37983.0	 11.0	 
50010	50000	10	 sysNum: 	15001	 MissingNum: 	0	 4818.362500000003	 162705	 2	 Protocol_Missing: 0	 0.0	 2028.4249999999995	 1758.6916666666668	 1031.2458333333334	 67050.0	 60298.0	 35357.0	 13.0	 
50010	50000	10	 sysNum: 	10000	 MissingNum: 	0	 4070.5583333333316	 137258	 2	 Protocol_Missing: 0	 0.0	 1683.149999999999	 1484.525	 902.8833333333333	 55404.0	 50898.0	 30956.0	 12.0	 
50010	50000	10	 sysNum: 	4999	 MissingNum: 	0	 2742.6583333333333	 91538	 2	 Protocol_Missing: 0	 0.0	 1132.1333333333328	 987.7291666666664	 622.7958333333332	 36320.0	 33865.0	 21353.0	 13.0	 
50010	50000	10	 sysNum: 	45009	 MissingNum: 	0	 6033.766666666669	 204760	 2	 Protocol_Missing: 0	 0.0	 2815.2541666666657	 2089.7041666666664	 1128.8083333333336	 94411.0	 71647.0	 38702.0	 11.0	 
50010	50000	10	 sysNum: 	40008	 MissingNum: 	0	 6041.145833333337	 205013	 2	 Protocol_Missing: 0	 0.0	 2767.5666666666652	 2111.4624999999996	 1162.1166666666668	 92776.0	 72393.0	 39844.0	 11.0	 
50010	50000	10	 sysNum: 	35007	 MissingNum: 	0	 5980.12916666667	 202729	 2	 Protocol_Missing: 0	 0.0	 2696.049999999998	 2110.383333333333	 1173.6958333333332	 90132.0	 72356.0	 40241.0	 12.0	 
50010	50000	10	 sysNum: 	30006	 MissingNum: 	0	 5795.7958333333345	 196409	 2	 Protocol_Missing: 0	 0.0	 2568.9708333333324	 2066.75	 1160.075	 85775.0	 70860.0	 39774.0	 12.0	 
50010	50000	10	 sysNum: 	25005	 MissingNum: 	0	 5612.745833333336	 190133	 2	 Protocol_Missing: 0	 0.0	 2443.029166666666	 2020.0249999999999	 1149.691666666667	 81457.0	 69258.0	 39418.0	 12.0	 
50010	50000	10	 sysNum: 	20004	 MissingNum: 	0	 5311.104166666668	 179599	 2	 Protocol_Missing: 0	 0.0	 2277.2749999999987	 1926.3416666666667	 1107.4875	 75582.0	 66046.0	 37971.0	 13.0	 
50010	50000	10	 sysNum: 	15001	 MissingNum: 	0	 4795.64166666667	 162118	 2	 Protocol_Missing: 0	 0.0	 2015.008333333332	 1753.5583333333332	 1027.0749999999998	 66782.0	 60122.0	 35214.0	 12.0	 
50010	50000	10	 sysNum: 	10000	 MissingNum: 	0	 4076.129166666666	 137449	 2	 Protocol_Missing: 0	 0.0	 1687.612499999999	 1486.479166666667	 902.0374999999999	 55557.0	 50965.0	 30927.0	 12.0	 
50010	50000	10	 sysNum: 	4999	 MissingNum: 	0	 2740.0916666666653	 91450	 2	 Protocol_Missing: 0	 0.0	 1131.1416666666657	 986.3000000000002	 622.65	 36286.0	 33816.0	 21348.0	 13.0	 
50010	50000	10	 sysNum: 	45009	 MissingNum: 	0	 6040.620833333336	 205187	 2	 Protocol_Missing: 0	 0.0	 2815.516666666665	 2093.7583333333337	 1131.345833333333	 94612.0	 71786.0	 38789.0	 10.0	 
50010	50000	10	 sysNum: 	40008	 MissingNum: 	0	 6041.379166666668	 205021	 2	 Protocol_Missing: 0	 0.0	 2766.6041666666656	 2111.2583333333337	 1163.5166666666667	 92743.0	 72386.0	 39892.0	 11.0	 
50010	50000	10	 sysNum: 	35007	 MissingNum: 	0	 5970.620833333338	 202403	 2	 Protocol_Missing: 0	 0.0	 2689.0791666666646	 2106.0083333333328	 1175.533333333333	 89893.0	 72206.0	 40304.0	 12.0	 
50010	50000	10	 sysNum: 	30006	 MissingNum: 	0	 5867.16666666667	 198856	 2	 Protocol_Missing: 0	 0.0	 2601.374999999999	 2086.729166666666	 1179.0625	 86886.0	 71545.0	 40425.0	 12.0	 
50010	50000	10	 sysNum: 	25005	 MissingNum: 	0	 5599.125000000002	 189666	 2	 Protocol_Missing: 0	 0.0	 2438.2749999999987	 2015.7083333333337	 1145.1416666666664	 81294.0	 69110.0	 39262.0	 12.0	 
50010	50000	10	 sysNum: 	20004	 MissingNum: 	0	 5276.862500000003	 178617	 2	 Protocol_Missing: 0	 0.0	 2257.9666666666653	 1917.5041666666666	 1101.3916666666662	 75112.0	 65743.0	 37762.0	 12.0	 
50010	50000	10	 sysNum: 	15001	 MissingNum: 	0	 4858.525000000002	 164274	 2	 Protocol_Missing: 0	 0.0	 2044.9624999999992	 1772.6041666666665	 1040.9583333333333	 67809.0	 60775.0	 35690.0	 12.0	 
50010	50000	10	 sysNum: 	10000	 MissingNum: 	0	 4059.3583333333318	 136874	 2	 Protocol_Missing: 0	 0.0	 1678.658333333332	 1481.2	 899.4999999999999	 55250.0	 50784.0	 30840.0	 12.0	 
50010	50000	10	 sysNum: 	4999	 MissingNum: 	0	 2749.3083333333334	 91574	 2	 Protocol_Missing: 0	 0.0	 1137.179166666666	 987.933333333333	 624.1958333333332	 36301.0	 33872.0	 21401.0	 14.0	 
50010	50000	10	 sysNum: 	45009	 MissingNum: 	0	 6046.075000000004	 205182	 2	 Protocol_Missing: 0	 0.0	 2823.0999999999985	 2093.6124999999997	 1129.3624999999997	 94680.0	 71781.0	 38721.0	 11.0	 
50010	50000	10	 sysNum: 	40008	 MissingNum: 	0	 6052.695833333337	 205409	 2	 Protocol_Missing: 0	 0.0	 2774.887499999998	 2114.0875	 1163.7208333333333	 93027.0	 72483.0	 39899.0	 11.0	 
50010	50000	10	 sysNum: 	35007	 MissingNum: 	0	 5967.441666666669	 202486	 2	 Protocol_Missing: 0	 0.0	 2688.466666666666	 2105.629166666666	 1173.345833333333	 90064.0	 72193.0	 40229.0	 11.0	 
50010	50000	10	 sysNum: 	30006	 MissingNum: 	0	 5825.050000000002	 197604	 2	 Protocol_Missing: 0	 0.0	 2574.833333333332	 2077.366666666667	 1172.85	 86168.0	 71224.0	 40212.0	 11.0	 
50010	50000	10	 sysNum: 	25005	 MissingNum: 	0	 5602.975	 189798	 2	 Protocol_Missing: 0	 0.0	 2441.6291666666652	 2016.029166666667	 1145.3166666666668	 81409.0	 69121.0	 39268.0	 12.0	 
50010	50000	10	 sysNum: 	20004	 MissingNum: 	0	 5265.7208333333365	 178235	 2	 Protocol_Missing: 0	 0.0	 2254.6999999999994	 1911.9041666666665	 1099.1166666666668	 75000.0	 65551.0	 37684.0	 12.0	 
50010	50000	10	 sysNum: 	15001	 MissingNum: 	0	 4842.45416666667	 163531	 2	 Protocol_Missing: 0	 0.0	 2039.2458333333323	 1764.5833333333333	 1038.6250000000002	 67421.0	 60500.0	 35610.0	 13.0	 
50010	50000	10	 sysNum: 	10000	 MissingNum: 	0	 4084.558333333333	 137738	 2	 Protocol_Missing: 0	 0.0	 1688.2833333333324	 1489.7749999999996	 906.4999999999998	 55580.0	 51078.0	 31080.0	 12.0	 
50010	50000	10	 sysNum: 	4999	 MissingNum: 	0	 2744.9624999999983	 91617	 2	 Protocol_Missing: 0	 0.0	 1133.3874999999996	 988.1374999999998	 623.4374999999999	 36363.0	 33879.0	 21375.0	 13.0	 
50010	50000	10	 sysNum: 	45009	 MissingNum: 	0	 6038.870833333335	 205127	 2	 Protocol_Missing: 0	 0.0	 2813.066666666666	 2094.195833333333	 1131.6083333333331	 94528.0	 71801.0	 38798.0	 10.0	 
50010	50000	10	 sysNum: 	40008	 MissingNum: 	0	 6057.4500000000035	 205380	 2	 Protocol_Missing: 0	 0.0	 2777.774999999999	 2114.525	 1165.1499999999999	 92934.0	 72498.0	 39948.0	 12.0	 
50010	50000	10	 sysNum: 	35007	 MissingNum: 	0	 5975.170833333337	 202559	 2	 Protocol_Missing: 0	 0.0	 2693.220833333332	 2106.795833333334	 1175.1541666666665	 90035.0	 72233.0	 40291.0	 12.0	 
50010	50000	10	 sysNum: 	30006	 MissingNum: 	0	 5807.404166666669	 196807	 2	 Protocol_Missing: 0	 0.0	 2572.3541666666656	 2070.95	 1164.0999999999997	 85891.0	 71004.0	 39912.0	 12.0	 
50010	50000	10	 sysNum: 	25005	 MissingNum: 	0	 5582.850000000003	 189108	 2	 Protocol_Missing: 0	 0.0	 2430.2541666666657	 2009.1166666666668	 1143.4791666666667	 81019.0	 68884.0	 39205.0	 12.0	 
50010	50000	10	 sysNum: 	20004	 MissingNum: 	0	 5283.366666666667	 178648	 2	 Protocol_Missing: 0	 0.0	 2262.370833333333	 1917.1541666666665	 1103.8416666666667	 75071.0	 65731.0	 37846.0	 13.0	 
50010	50000	10	 sysNum: 	15001	 MissingNum: 	0	 4808.620833333334	 162755	 2	 Protocol_Missing: 0	 0.0	 2017.924999999999	 1758.9541666666669	 1031.7416666666666	 67074.0	 60307.0	 35374.0	 11.0	 
50010	50000	10	 sysNum: 	10000	 MissingNum: 	0	 4099.549999999998	 138060	 2	 Protocol_Missing: 0	 0.0	 1697.149999999999	 1491.7875	 910.6124999999998	 55692.0	 51147.0	 31221.0	 13.0	 
50010	50000	10	 sysNum: 	4999	 MissingNum: 	0	 2741.7541666666657	 91699	 2	 Protocol_Missing: 0	 0.0	 1126.766666666666	 990.8791666666666	 624.1083333333335	 36328.0	 33973.0	 21398.0	 12.0	 
50010	50000	10	 sysNum: 	45009	 MissingNum: 	0	 6049.604166666673	 205303	 2	 Protocol_Missing: 0	 0.0	 2821.904166666666	 2094.0499999999997	 1133.6499999999999	 94639.0	 71796.0	 38868.0	 11.0	 
50010	50000	10	 sysNum: 	40008	 MissingNum: 	0	 6047.854166666671	 205051	 2	 Protocol_Missing: 0	 0.0	 2775.5874999999983	 2109.6541666666667	 1162.6125	 92859.0	 72331.0	 39861.0	 12.0	 
50010	50000	10	 sysNum: 	35007	 MissingNum: 	0	 5956.795833333335	 202121	 2	 Protocol_Missing: 0	 0.0	 2683.974999999999	 2102.0708333333328	 1170.75	 89910.0	 72071.0	 40140.0	 11.0	 
50010	50000	10	 sysNum: 	30006	 MissingNum: 	0	 5825.954166666668	 197635	 2	 Protocol_Missing: 0	 0.0	 2577.3124999999986	 2077.775	 1170.8666666666663	 86253.0	 71238.0	 40144.0	 11.0	 
50010	50000	10	 sysNum: 	25005	 MissingNum: 	0	 5634.504166666668	 190879	 2	 Protocol_Missing: 0	 0.0	 2453.2083333333326	 2025.0708333333337	 1156.225	 81806.0	 69431.0	 39642.0	 12.0	 
50010	50000	10	 sysNum: 	20004	 MissingNum: 	0	 5294.770833333336	 179231	 2	 Protocol_Missing: 0	 0.0	 2264.8499999999995	 1922.4916666666666	 1107.4291666666666	 75348.0	 65914.0	 37969.0	 12.0	 
50010	50000	10	 sysNum: 	15001	 MissingNum: 	0	 4846.537500000001	 163863	 2	 Protocol_Missing: 0	 0.0	 2037.5833333333321	 1770.5333333333333	 1038.4208333333333	 67556.0	 60704.0	 35603.0	 12.0	 
50010	50000	10	 sysNum: 	10000	 MissingNum: 	0	 4063.2374999999984	 136815	 2	 Protocol_Missing: 0	 0.0	 1685.7166666666658	 1480.4416666666666	 897.0791666666667	 55300.0	 50758.0	 30757.0	 13.0	 
50010	50000	10	 sysNum: 	4999	 MissingNum: 	0	 2746.9749999999995	 91686	 2	 Protocol_Missing: 0	 0.0	 1133.9416666666662	 989.3625	 623.6708333333333	 36382.0	 33921.0	 21383.0	 13.0	 
50010	50000	10	 sysNum: 	45009	 MissingNum: 	0	 6027.116666666668	 204532	 2	 Protocol_Missing: 0	 0.0	 2809.712499999999	 2089.2374999999997	 1128.1666666666665	 94221.0	 71631.0	 38680.0	 11.0	 
50010	50000	10	 sysNum: 	40008	 MissingNum: 	0	 6039.89166666667	 204970	 2	 Protocol_Missing: 0	 0.0	 2767.974999999999	 2111.2583333333337	 1160.6583333333333	 92790.0	 72386.0	 39794.0	 11.0	 
50010	50000	10	 sysNum: 	35007	 MissingNum: 	0	 5979.545833333337	 202709	 2	 Protocol_Missing: 0	 0.0	 2695.408333333333	 2108.2249999999995	 1175.9125	 90110.0	 72282.0	 40317.0	 12.0	 
50010	50000	10	 sysNum: 	30006	 MissingNum: 	0	 5830.50416666667	 197791	 2	 Protocol_Missing: 0	 0.0	 2578.5958333333324	 2080.633333333333	 1171.275	 86297.0	 71336.0	 40158.0	 11.0	 
50010	50000	10	 sysNum: 	25005	 MissingNum: 	0	 5639.695833333336	 191057	 2	 Protocol_Missing: 0	 0.0	 2455.0166666666655	 2027.4625	 1157.2166666666667	 81868.0	 69513.0	 39676.0	 12.0	 
50010	50000	10	 sysNum: 	20004	 MissingNum: 	0	 5256.008333333335	 177902	 2	 Protocol_Missing: 0	 0.0	 2249.158333333332	 1911.3499999999997	 1095.4999999999998	 74810.0	 65532.0	 37560.0	 12.0	 
50010	50000	10	 sysNum: 	15001	 MissingNum: 	0	 4814.7750000000015	 162774	 2	 Protocol_Missing: 0	 0.0	 2022.2416666666659	 1759.0124999999998	 1033.520833333333	 67030.0	 60309.0	 35435.0	 12.0	 
50010	50000	10	 sysNum: 	10000	 MissingNum: 	0	 4078.637499999999	 137343	 2	 Protocol_Missing: 0	 0.0	 1691.8124999999989	 1484.4083333333335	 902.4166666666667	 55509.0	 50894.0	 30940.0	 13.0	 
50010	50000	10	 sysNum: 	4999	 MissingNum: 	0	 2759.9249999999993	 92130	 2	 Protocol_Missing: 0	 0.0	 1139.4249999999997	 992.2499999999999	 628.25	 36570.0	 34020.0	 21540.0	 13.0	 
50010	50000	10	 sysNum: 	45009	 MissingNum: 	0	 6024.462500000002	 204441	 2	 Protocol_Missing: 0	 0.0	 2808.3416666666662	 2087.7208333333333	 1128.3999999999999	 94174.0	 71579.0	 38688.0	 11.0	 
50010	50000	10	 sysNum: 	40008	 MissingNum: 	0	 6024.3458333333365	 204437	 2	 Protocol_Missing: 0	 0.0	 2761.4416666666657	 2107.3208333333337	 1155.5833333333335	 92566.0	 72251.0	 39620.0	 11.0	 
50010	50000	10	 sysNum: 	35007	 MissingNum: 	0	 5962.133333333335	 202304	 2	 Protocol_Missing: 0	 0.0	 2684.2374999999993	 2105.425	 1172.4708333333333	 89919.0	 72186.0	 40199.0	 11.0	 
50010	50000	10	 sysNum: 	30006	 MissingNum: 	0	 5834.237500000004	 197727	 2	 Protocol_Missing: 0	 0.0	 2584.487499999999	 2078.2708333333326	 1171.4791666666667	 86307.0	 71255.0	 40165.0	 12.0	 
50010	50000	10	 sysNum: 	25005	 MissingNum: 	0	 5612.19166666667	 190114	 2	 Protocol_Missing: 0	 0.0	 2441.716666666666	 2019.8500000000001	 1150.625	 81412.0	 69252.0	 39450.0	 12.0	 
50010	50000	10	 sysNum: 	20004	 MissingNum: 	0	 5275.025000000003	 178554	 2	 Protocol_Missing: 0	 0.0	 2255.6624999999985	 1917.1541666666667	 1102.2083333333335	 75033.0	 65731.0	 37790.0	 12.0	 
50010	50000	10	 sysNum: 	15001	 MissingNum: 	0	 4770.558333333335	 161450	 2	 Protocol_Missing: 0	 0.0	 2002.845833333332	 1747.783333333333	 1019.9291666666667	 66557.0	 59924.0	 34969.0	 11.0	 
50010	50000	10	 sysNum: 	10000	 MissingNum: 	0	 4068.4874999999984	 137187	 2	 Protocol_Missing: 0	 0.0	 1683.5874999999992	 1482.6291666666666	 902.2708333333333	 55419.0	 50833.0	 30935.0	 12.0	 
50010	50000	10	 sysNum: 	4999	 MissingNum: 	0	 2742.3666666666654	 91528	 2	 Protocol_Missing: 0	 0.0	 1130.470833333333	 987.8166666666668	 624.0791666666668	 36263.0	 33868.0	 21397.0	 13.0	 
50010	50000	10	 sysNum: 	45009	 MissingNum: 	0	 6031.229166666671	 204673	 2	 Protocol_Missing: 0	 0.0	 2814.262499999998	 2090.3166666666657	 1126.6499999999999	 94377.0	 71668.0	 38628.0	 11.0	 
50010	50000	10	 sysNum: 	40008	 MissingNum: 	0	 6030.179166666669	 204445	 2	 Protocol_Missing: 0	 0.0	 2767.245833333332	 2107.116666666666	 1155.8166666666664	 92573.0	 72244.0	 39628.0	 12.0	 
50010	50000	10	 sysNum: 	35007	 MissingNum: 	0	 5933.229166666669	 201313	 2	 Protocol_Missing: 0	 0.0	 2672.8333333333317	 2096.7333333333327	 1163.6625	 89528.0	 71888.0	 39897.0	 11.0	 
50010	50000	10	 sysNum: 	30006	 MissingNum: 	0	 5852.7291666666715	 198361	 2	 Protocol_Missing: 0	 0.0	 2592.5666666666643	 2082.9666666666667	 1177.1958333333334	 86584.0	 71416.0	 40361.0	 12.0	 
50010	50000	10	 sysNum: 	25005	 MissingNum: 	0	 5618.987500000002	 190347	 2	 Protocol_Missing: 0	 0.0	 2445.887499999999	 2022.4166666666665	 1150.683333333333	 81555.0	 69340.0	 39452.0	 12.0	 
50010	50000	10	 sysNum: 	20004	 MissingNum: 	0	 5279.487500000002	 178515	 2	 Protocol_Missing: 0	 0.0	 2260.533333333333	 1917.7375	 1101.2166666666665	 75008.0	 65751.0	 37756.0	 13.0	 
50010	50000	10	 sysNum: 	15001	 MissingNum: 	0	 4814.658333333337	 162578	 2	 Protocol_Missing: 0	 0.0	 2026.091666666665	 1757.145833333334	 1031.4208333333331	 66970.0	 60245.0	 35363.0	 13.0	 
50010	50000	10	 sysNum: 	10000	 MissingNum: 	0	 4083.3333333333326	 137504	 2	 Protocol_Missing: 0	 0.0	 1692.7166666666656	 1485.779166666667	 904.8374999999999	 55540.0	 50941.0	 31023.0	 13.0	 
50010	50000	10	 sysNum: 	4999	 MissingNum: 	0	 2760.7125000000005	 92157	 2	 Protocol_Missing: 0	 0.0	 1137.7333333333327	 994.7583333333332	 628.2208333333334	 36512.0	 34106.0	 21539.0	 13.0	 
50010	50000	10	 sysNum: 	45009	 MissingNum: 	0	 6027.466666666669	 204544	 2	 Protocol_Missing: 0	 0.0	 2808.429166666665	 2089.704166666667	 1129.3333333333333	 94177.0	 71647.0	 38720.0	 11.0	 
50010	50000	10	 sysNum: 	40008	 MissingNum: 	0	 6029.100000000001	 204408	 2	 Protocol_Missing: 0	 0.0	 2764.6791666666654	 2107.875	 1156.5458333333333	 92485.0	 72270.0	 39653.0	 12.0	 
50010	50000	10	 sysNum: 	35007	 MissingNum: 	0	 5929.991666666671	 201202	 2	 Protocol_Missing: 0	 0.0	 2668.049999999999	 2097.2000000000007	 1164.7416666666666	 89364.0	 71904.0	 39934.0	 11.0	 
50010	50000	10	 sysNum: 	30006	 MissingNum: 	0	 5841.908333333336	 197606	 2	 Protocol_Missing: 0	 0.0	 2598.6916666666652	 2075.1208333333343	 1168.0958333333333	 86410.0	 71147.0	 40049.0	 14.0	 
50010	50000	10	 sysNum: 	25005	 MissingNum: 	0	 5639.40416666667	 191239	 2	 Protocol_Missing: 0	 0.0	 2450.6708333333327	 2028.7458333333332	 1159.9875000000002	 81911.0	 69557.0	 39771.0	 11.0	 
50010	50000	10	 sysNum: 	20004	 MissingNum: 	0	 5320.9625000000015	 180129	 2	 Protocol_Missing: 0	 0.0	 2276.6333333333323	 1931.0958333333333	 1113.2333333333336	 75752.0	 66209.0	 38168.0	 12.0	 
50010	50000	10	 sysNum: 	15001	 MissingNum: 	0	 4827.229166666671	 163201	 2	 Protocol_Missing: 0	 0.0	 2028.4541666666655	 1763.7374999999997	 1035.0374999999997	 67243.0	 60471.0	 35487.0	 12.0	 
50010	50000	10	 sysNum: 	10000	 MissingNum: 	0	 4098.733333333331	 138032	 2	 Protocol_Missing: 0	 0.0	 1699.454166666666	 1491.9916666666663	 907.2875	 55771.0	 51154.0	 31107.0	 13.0	 
50010	50000	10	 sysNum: 	4999	 MissingNum: 	0	 2742.0458333333318	 91517	 2	 Protocol_Missing: 0	 0.0	 1131.8999999999999	 987.5249999999996	 622.6208333333333	 36312.0	 33858.0	 21347.0	 13.0	 
50010	50000	10	 sysNum: 	45009	 MissingNum: 	0	 6026.154166666671	 204499	 2	 Protocol_Missing: 0	 0.0	 2807.3791666666657	 2089.0916666666667	 1129.6833333333332	 94141.0	 71626.0	 38732.0	 11.0	 
50010	50000	10	 sysNum: 	40008	 MissingNum: 	0	 6045.112499999999	 204957	 2	 Protocol_Missing: 0	 0.0	 2774.187499999998	 2110.5291666666667	 1160.3958333333333	 92811.0	 72361.0	 39785.0	 12.0	 
50010	50000	10	 sysNum: 	35007	 MissingNum: 	0	 5923.283333333338	 200780	 2	 Protocol_Missing: 0	 0.0	 2669.712499999999	 2091.745833333333	 1161.825	 89229.0	 71717.0	 39834.0	 12.0	 
50010	50000	10	 sysNum: 	30006	 MissingNum: 	0	 5826.7125000000015	 197469	 2	 Protocol_Missing: 0	 0.0	 2582.4166666666656	 2075.791666666666	 1168.5041666666664	 86236.0	 71170.0	 40063.0	 12.0	 
50010	50000	10	 sysNum: 	25005	 MissingNum: 	0	 5582.033333333335	 189080	 2	 Protocol_Missing: 0	 0.0	 2427.9791666666665	 2011.625	 1142.4291666666668	 80941.0	 68970.0	 39169.0	 12.0	 
50010	50000	10	 sysNum: 	20004	 MissingNum: 	0	 5293.895833333339	 179201	 2	 Protocol_Missing: 0	 0.0	 2262.720833333333	 1921.9083333333333	 1109.2666666666667	 75275.0	 65894.0	 38032.0	 12.0	 
50010	50000	10	 sysNum: 	15001	 MissingNum: 	0	 4816.554166666668	 163027	 2	 Protocol_Missing: 0	 0.0	 2021.2499999999993	 1761.3749999999998	 1033.9291666666666	 67188.0	 60390.0	 35449.0	 11.0	 
50010	50000	10	 sysNum: 	10000	 MissingNum: 	0	 4101.795833333333	 138329	 2	 Protocol_Missing: 0	 0.0	 1695.5749999999991	 1495.4624999999999	 910.7583333333333	 55830.0	 51273.0	 31226.0	 12.0	 
50010	50000	10	 sysNum: 	4999	 MissingNum: 	0	 2768.179166666665	 92605	 2	 Protocol_Missing: 0	 0.0	 1137.0041666666664	 998.6375	 632.5374999999999	 36679.0	 34239.0	 21687.0	 12.0	 
50010	50000	10	 sysNum: 	45009	 MissingNum: 	0	 6046.133333333337	 205184	 2	 Protocol_Missing: 0	 0.0	 2820.9999999999995	 2092.591666666666	 1132.5416666666663	 94608.0	 71746.0	 38830.0	 11.0	 
50010	50000	10	 sysNum: 	40008	 MissingNum: 	0	 6067.104166666671	 205711	 2	 Protocol_Missing: 0	 0.0	 2783.870833333333	 2116.0999999999995	 1167.133333333333	 93143.0	 72552.0	 40016.0	 12.0	 
50010	50000	10	 sysNum: 	35007	 MissingNum: 	0	 5966.041666666669	 202438	 2	 Protocol_Missing: 0	 0.0	 2686.9499999999994	 2106.9125000000004	 1172.1791666666666	 90012.0	 72237.0	 40189.0	 11.0	 
50010	50000	10	 sysNum: 	30006	 MissingNum: 	0	 5788.125000000003	 196338	 2	 Protocol_Missing: 0	 0.0	 2562.0874999999987	 2066.312499999999	 1159.7249999999997	 85731.0	 70845.0	 39762.0	 11.0	 
50010	50000	10	 sysNum: 	25005	 MissingNum: 	0	 5581.770833333337	 189263	 2	 Protocol_Missing: 0	 0.0	 2428.1249999999986	 2012.0916666666662	 1141.5541666666666	 81138.0	 68986.0	 39139.0	 11.0	 
50010	50000	10	 sysNum: 	20004	 MissingNum: 	0	 5307.895833333338	 179489	 2	 Protocol_Missing: 0	 0.0	 2275.204166666665	 1922.9291666666668	 1109.7625000000003	 75511.0	 65929.0	 38049.0	 13.0	 
50010	50000	10	 sysNum: 	15001	 MissingNum: 	0	 4834.345833333333	 163445	 2	 Protocol_Missing: 0	 0.0	 2033.2666666666657	 1764.8458333333335	 1036.2333333333333	 67408.0	 60509.0	 35528.0	 12.0	 
50010	50000	10	 sysNum: 	10000	 MissingNum: 	0	 4036.2583333333314	 136082	 2	 Protocol_Missing: 0	 0.0	 1672.3583333333324	 1472.1874999999998	 891.7125000000001	 55034.0	 50475.0	 30573.0	 12.0	 
50010	50000	10	 sysNum: 	4999	 MissingNum: 	0	 2759.925	 92130	 2	 Protocol_Missing: 0	 0.0	 1136.479166666666	 995.3125	 628.1333333333333	 36469.0	 34125.0	 21536.0	 13.0	 
50010	50000	10	 sysNum: 	45009	 MissingNum: 	0	 6039.425000000006	 204954	 2	 Protocol_Missing: 0	 0.0	 2815.9249999999984	 2092.0374999999995	 1131.4624999999999	 94434.0	 71727.0	 38793.0	 11.0	 
50010	50000	10	 sysNum: 	40008	 MissingNum: 	0	 6057.391666666667	 205570	 2	 Protocol_Missing: 0	 0.0	 2776.229166666666	 2115.691666666667	 1165.470833333333	 93073.0	 72538.0	 39959.0	 11.0	 
50010	50000	10	 sysNum: 	35007	 MissingNum: 	0	 5967.208333333335	 202286	 2	 Protocol_Missing: 0	 0.0	 2691.1499999999987	 2104.9291666666663	 1171.1291666666673	 89964.0	 72169.0	 40153.0	 12.0	 
50010	50000	10	 sysNum: 	30006	 MissingNum: 	0	 5822.454166666671	 197131	 2	 Protocol_Missing: 0	 0.0	 2584.720833333332	 2071.2416666666672	 1166.4916666666666	 86123.0	 71014.0	 39994.0	 13.0	 
50010	50000	10	 sysNum: 	25005	 MissingNum: 	0	 5632.841666666668	 190822	 2	 Protocol_Missing: 0	 0.0	 2453.1499999999996	 2025.2749999999994	 1154.4166666666665	 81804.0	 69438.0	 39580.0	 12.0	 
50010	50000	10	 sysNum: 	20004	 MissingNum: 	0	 5280.450000000005	 178740	 2	 Protocol_Missing: 0	 0.0	 2257.9083333333324	 1918.495833333333	 1104.045833333333	 75110.0	 65777.0	 37853.0	 12.0	 
50010	50000	10	 sysNum: 	15001	 MissingNum: 	0	 4854.500000000003	 163944	 2	 Protocol_Missing: 0	 0.0	 2045.4874999999995	 1769.1625	 1039.85	 67635.0	 60657.0	 35652.0	 13.0	 
50010	50000	10	 sysNum: 	10000	 MissingNum: 	0	 4087.1833333333325	 137828	 2	 Protocol_Missing: 0	 0.0	 1690.4124999999992	 1489.4833333333333	 907.2874999999999	 55653.0	 51068.0	 31107.0	 12.0	 
50010	50000	10	 sysNum: 	4999	 MissingNum: 	0	 2762.2291666666656	 92401	 2	 Protocol_Missing: 0	 0.0	 1134.5541666666666	 996.2458333333334	 631.4291666666667	 36595.0	 34157.0	 21649.0	 12.0	 
50010	50000	10	 sysNum: 	45009	 MissingNum: 	0	 6025.658333333333	 204482	 2	 Protocol_Missing: 0	 0.0	 2810.062499999999	 2087.7791666666667	 1127.8166666666666	 94233.0	 71581.0	 38668.0	 11.0	 
50010	50000	10	 sysNum: 	40008	 MissingNum: 	0	 5988.675000000004	 203406	 2	 Protocol_Missing: 0	 0.0	 2741.8999999999987	 2098.3958333333335	 1148.3791666666666	 92088.0	 71945.0	 39373.0	 10.0	 
50010	50000	10	 sysNum: 	35007	 MissingNum: 	0	 5973.800000000003	 202512	 2	 Protocol_Missing: 0	 0.0	 2691.7916666666647	 2107.8166666666666	 1174.1916666666666	 89986.0	 72268.0	 40258.0	 12.0	 
50010	50000	10	 sysNum: 	30006	 MissingNum: 	0	 5827.004166666668	 197479	 2	 Protocol_Missing: 0	 0.0	 2580.141666666665	 2076.9583333333335	 1169.9041666666665	 86158.0	 71210.0	 40111.0	 12.0	 
50010	50000	10	 sysNum: 	25005	 MissingNum: 	0	 5598.3375000000015	 189831	 2	 Protocol_Missing: 0	 0.0	 2434.483333333332	 2017.7791666666665	 1146.0749999999998	 81356.0	 69181.0	 39294.0	 11.0	 
50010	50000	10	 sysNum: 	20004	 MissingNum: 	0	 5270.212500000002	 178389	 2	 Protocol_Missing: 0	 0.0	 2255.3124999999986	 1914.4708333333333	 1100.4291666666668	 75021.0	 65639.0	 37729.0	 12.0	 
50010	50000	10	 sysNum: 	15001	 MissingNum: 	0	 4808.737499999999	 162567	 2	 Protocol_Missing: 0	 0.0	 2022.387499999999	 1756.825	 1029.525	 67035.0	 60234.0	 35298.0	 12.0	 
50010	50000	10	 sysNum: 	10000	 MissingNum: 	0	 4056.2666666666655	 136768	 2	 Protocol_Missing: 0	 0.0	 1678.7749999999992	 1478.8666666666666	 898.6249999999999	 55254.0	 50704.0	 30810.0	 12.0	 
50010	50000	10	 sysNum: 	4999	 MissingNum: 	0	 2736.7083333333326	 91526	 2	 Protocol_Missing: 0	 0.0	 1123.8499999999997	 988.3416666666666	 624.5166666666668	 36228.0	 33886.0	 21412.0	 12.0	 
50010	50000	10	 sysNum: 	45009	 MissingNum: 	0	 6051.004166666668	 205351	 2	 Protocol_Missing: 0	 0.0	 2820.5333333333315	 2093.9625	 1136.5083333333332	 94592.0	 71793.0	 38966.0	 11.0	 
50010	50000	10	 sysNum: 	40008	 MissingNum: 	0	 6050.070833333334	 205319	 2	 Protocol_Missing: 0	 0.0	 2770.220833333332	 2113.008333333333	 1166.8416666666667	 92867.0	 72446.0	 40006.0	 11.0	 
50010	50000	10	 sysNum: 	35007	 MissingNum: 	0	 5971.845833333336	 202445	 2	 Protocol_Missing: 0	 0.0	 2690.158333333332	 2106.6499999999996	 1175.0375	 89930.0	 72228.0	 40287.0	 12.0	 
50010	50000	10	 sysNum: 	30006	 MissingNum: 	0	 5783.837500000002	 196191	 2	 Protocol_Missing: 0	 0.0	 2561.7958333333327	 2064.3875	 1157.654166666667	 85721.0	 70779.0	 39691.0	 11.0	 
50010	50000	10	 sysNum: 	25005	 MissingNum: 	0	 5575.033333333337	 188840	 2	 Protocol_Missing: 0	 0.0	 2424.8583333333327	 2008.2124999999999	 1141.9624999999996	 80834.0	 68853.0	 39153.0	 12.0	 
50010	50000	10	 sysNum: 	20004	 MissingNum: 	0	 5299.933333333338	 179408	 2	 Protocol_Missing: 0	 0.0	 2267.854166666666	 1922.1999999999998	 1109.8791666666666	 75451.0	 65904.0	 38053.0	 12.0	 
50010	50000	10	 sysNum: 	15001	 MissingNum: 	0	 4796.954166666669	 162355	 2	 Protocol_Missing: 0	 0.0	 2012.2374999999995	 1757.4375	 1027.2791666666665	 66879.0	 60255.0	 35221.0	 11.0	 
50010	50000	10	 sysNum: 	10000	 MissingNum: 	0	 4074.2333333333313	 137384	 2	 Protocol_Missing: 0	 0.0	 1687.2041666666657	 1485.8666666666668	 901.1624999999999	 55543.0	 50944.0	 30897.0	 12.0	 
50010	50000	10	 sysNum: 	4999	 MissingNum: 	0	 2736.6499999999996	 91332	 2	 Protocol_Missing: 0	 0.0	 1128.6624999999995	 985.4833333333332	 622.5041666666666	 36201.0	 33788.0	 21343.0	 13.0	 
50010	50000	10	 sysNum: 	45009	 MissingNum: 	0	 6048.204166666669	 205447	 2	 Protocol_Missing: 0	 0.0	 2816.1583333333324	 2094.8374999999996	 1137.2083333333333	 94634.0	 71823.0	 38990.0	 10.0	 
50010	50000	10	 sysNum: 	40008	 MissingNum: 	0	 6024.054166666669	 204427	 2	 Protocol_Missing: 0	 0.0	 2759.2541666666652	 2107.145833333333	 1157.6541666666667	 92491.0	 72245.0	 39691.0	 11.0	 
50010	50000	10	 sysNum: 	35007	 MissingNum: 	0	 5967.733333333337	 202304	 2	 Protocol_Missing: 0	 0.0	 2690.2749999999983	 2104.4333333333334	 1173.0249999999999	 89934.0	 72152.0	 40218.0	 12.0	 
50010	50000	10	 sysNum: 	30006	 MissingNum: 	0	 5844.708333333335	 198086	 2	 Protocol_Missing: 0	 0.0	 2590.087499999998	 2079.1750000000006	 1175.4458333333328	 86499.0	 71286.0	 40301.0	 12.0	 
50010	50000	10	 sysNum: 	25005	 MissingNum: 	0	 5633.804166666668	 190855	 2	 Protocol_Missing: 0	 0.0	 2453.470833333332	 2024.7208333333333	 1155.6125000000002	 81815.0	 69419.0	 39621.0	 12.0	 
50010	50000	10	 sysNum: 	20004	 MissingNum: 	0	 5284.562500000004	 178881	 2	 Protocol_Missing: 0	 0.0	 2257.587499999999	 1920.1291666666662	 1106.8458333333333	 75099.0	 65833.0	 37949.0	 12.0	 
50010	50000	10	 sysNum: 	15001	 MissingNum: 	0	 4803.575000000003	 162390	 2	 Protocol_Missing: 0	 0.0	 2021.2208333333326	 1754.8416666666667	 1027.5125	 66995.0	 60166.0	 35229.0	 12.0	 
50010	50000	10	 sysNum: 	10000	 MissingNum: 	0	 4062.595833333331	 136985	 2	 Protocol_Missing: 0	 0.0	 1682.2458333333327	 1480.470833333333	 899.8791666666665	 55373.0	 50759.0	 30853.0	 12.0	 
50010	50000	10	 sysNum: 	4999	 MissingNum: 	0	 2741.6374999999994	 91695	 2	 Protocol_Missing: 0	 0.0	 1128.7791666666662	 990.1208333333333	 622.7375000000001	 36397.0	 33947.0	 21351.0	 12.0	 
50010	50000	10	 sysNum: 	45009	 MissingNum: 	0	 6038.57916666667	 204925	 2	 Protocol_Missing: 0	 0.0	 2815.283333333332	 2091.9500000000003	 1131.3458333333333	 94412.0	 71724.0	 38789.0	 11.0	 
50010	50000	10	 sysNum: 	40008	 MissingNum: 	0	 6030.120833333339	 204251	 2	 Protocol_Missing: 0	 0.0	 2767.7124999999983	 2106.1249999999995	 1156.2833333333333	 92397.0	 72210.0	 39644.0	 13.0	 
50010	50000	10	 sysNum: 	35007	 MissingNum: 	0	 5940.870833333338	 201575	 2	 Protocol_Missing: 0	 0.0	 2674.612499999999	 2100.320833333333	 1165.9375	 89589.0	 72011.0	 39975.0	 11.0	 
50010	50000	10	 sysNum: 	30006	 MissingNum: 	0	 5814.229166666669	 196849	 2	 Protocol_Missing: 0	 0.0	 2580.141666666665	 2069.608333333334	 1164.4791666666667	 85966.0	 70958.0	 39925.0	 13.0	 
50010	50000	10	 sysNum: 	25005	 MissingNum: 	0	 5623.0125000000035	 190485	 2	 Protocol_Missing: 0	 0.0	 2448.2791666666653	 2021.9208333333331	 1152.8124999999998	 81637.0	 69323.0	 39525.0	 12.0	 
50010	50000	10	 sysNum: 	20004	 MissingNum: 	0	 5250.000000000002	 177696	 2	 Protocol_Missing: 0	 0.0	 2248.691666666666	 1906.6833333333334	 1094.6249999999998	 74794.0	 65372.0	 37530.0	 12.0	 
50010	50000	10	 sysNum: 	15001	 MissingNum: 	0	 4807.629166666669	 162529	 2	 Protocol_Missing: 0	 0.0	 2019.2083333333323	 1758.05	 1030.3708333333332	 66926.0	 60276.0	 35327.0	 12.0	 
50010	50000	10	 sysNum: 	10000	 MissingNum: 	0	 4077.7041666666664	 137503	 2	 Protocol_Missing: 0	 0.0	 1687.3499999999992	 1486.4208333333331	 903.9333333333333	 55548.0	 50963.0	 30992.0	 12.0	 
50010	50000	10	 sysNum: 	4999	 MissingNum: 	0	 2776.6083333333327	 92894	 2	 Protocol_Missing: 0	 0.0	 1140.4749999999997	 1001.2333333333331	 634.9000000000001	 36798.0	 34328.0	 21768.0	 12.0	 
50010	50000	10	 sysNum: 	45009	 MissingNum: 	0	 6052.929166666669	 205417	 2	 Protocol_Missing: 0	 0.0	 2822.808333333332	 2095.5375	 1134.583333333333	 94670.0	 71847.0	 38900.0	 11.0	 
50010	50000	10	 sysNum: 	40008	 MissingNum: 	0	 6043.47916666667	 205093	 2	 Protocol_Missing: 0	 0.0	 2769.7249999999985	 2112.8916666666673	 1160.8625	 92850.0	 72442.0	 39801.0	 11.0	 
50010	50000	10	 sysNum: 	35007	 MissingNum: 	0	 5979.108333333338	 202886	 2	 Protocol_Missing: 0	 0.0	 2689.0208333333317	 2111.1124999999993	 1178.9750000000001	 90083.0	 72381.0	 40422.0	 11.0	 
50010	50000	10	 sysNum: 	30006	 MissingNum: 	0	 5842.258333333334	 198002	 2	 Protocol_Missing: 0	 0.0	 2589.124999999998	 2080.020833333333	 1173.1124999999997	 86466.0	 71315.0	 40221.0	 12.0	 
50010	50000	10	 sysNum: 	25005	 MissingNum: 	0	 5611.345833333337	 190277	 2	 Protocol_Missing: 0	 0.0	 2439.324999999999	 2021.3375	 1150.6833333333332	 81522.0	 69303.0	 39452.0	 11.0	 
50010	50000	10	 sysNum: 	20004	 MissingNum: 	0	 5267.908333333336	 178502	 2	 Protocol_Missing: 0	 0.0	 2250.383333333332	 1915.55	 1101.9750000000001	 75044.0	 65676.0	 37782.0	 11.0	 
50010	50000	10	 sysNum: 	15001	 MissingNum: 	0	 4814.366666666669	 162760	 2	 Protocol_Missing: 0	 0.0	 2025.712499999999	 1757.7874999999997	 1030.8666666666668	 67149.0	 60267.0	 35344.0	 12.0	 
50010	50000	10	 sysNum: 	10000	 MissingNum: 	0	 4077.9666666666653	 137512	 2	 Protocol_Missing: 0	 0.0	 1687.6416666666655	 1486.8	 903.525	 55558.0	 50976.0	 30978.0	 12.0	 
50010	50000	10	 sysNum: 	4999	 MissingNum: 	0	 2749.1333333333323	 91760	 2	 Protocol_Missing: 0	 0.0	 1134.1166666666659	 989.7999999999998	 625.2166666666667	 36388.0	 33936.0	 21436.0	 13.0	 
50010	50000	10	 sysNum: 	45009	 MissingNum: 	0	 6008.82916666667	 203905	 2	 Protocol_Missing: 0	 0.0	 2803.8208333333328	 2084.1624999999995	 1120.8458333333333	 94019.0	 71457.0	 38429.0	 11.0	 
50010	50000	10	 sysNum: 	40008	 MissingNum: 	0	 6060.80416666667	 205303	 2	 Protocol_Missing: 0	 0.0	 2786.320833333332	 2112.833333333333	 1161.65	 93035.0	 72440.0	 39828.0	 13.0	 
50010	50000	10	 sysNum: 	35007	 MissingNum: 	0	 5939.879166666669	 201349	 2	 Protocol_Missing: 0	 0.0	 2681.408333333333	 2096.15	 1162.3208333333332	 89630.0	 71868.0	 39851.0	 12.0	 
50010	50000	10	 sysNum: 	30006	 MissingNum: 	0	 5812.5666666666675	 196984	 2	 Protocol_Missing: 0	 0.0	 2574.4833333333313	 2072.379166666667	 1165.7041666666667	 85964.0	 71053.0	 39967.0	 12.0	 
50010	50000	10	 sysNum: 	25005	 MissingNum: 	0	 5601.16666666667	 189928	 2	 Protocol_Missing: 0	 0.0	 2436.0291666666662	 2016.495833333333	 1148.6416666666667	 81409.0	 69137.0	 39382.0	 11.0	 
50010	50000	10	 sysNum: 	20004	 MissingNum: 	0	 5281.0041666666675	 178759	 2	 Protocol_Missing: 0	 0.0	 2258.8708333333325	 1919.2541666666664	 1102.8791666666666	 75143.0	 65803.0	 37813.0	 12.0	 
50010	50000	10	 sysNum: 	15001	 MissingNum: 	0	 4805.966666666671	 162472	 2	 Protocol_Missing: 0	 0.0	 2021.2791666666656	 1755.9208333333331	 1028.7666666666662	 66997.0	 60203.0	 35272.0	 12.0	 
50010	50000	10	 sysNum: 	10000	 MissingNum: 	0	 4100.220833333333	 138275	 2	 Protocol_Missing: 0	 0.0	 1695.954166666666	 1494.2666666666664	 909.9999999999999	 55843.0	 51232.0	 31200.0	 12.0	 
50010	50000	10	 sysNum: 	4999	 MissingNum: 	0	 2764.2708333333326	 92279	 2	 Protocol_Missing: 0	 0.0	 1140.5041666666664	 994.8749999999999	 628.8916666666664	 36607.0	 34110.0	 21562.0	 13.0	 
50010	50000	10	 sysNum: 	45009	 MissingNum: 	0	 6038.637500000002	 204927	 2	 Protocol_Missing: 0	 0.0	 2814.029166666666	 2091.8916666666664	 1132.7166666666667	 94369.0	 71722.0	 38836.0	 11.0	 
50010	50000	10	 sysNum: 	40008	 MissingNum: 	0	 6037.500000000003	 204888	 2	 Protocol_Missing: 0	 0.0	 2768.8208333333323	 2110.208333333333	 1158.4708333333335	 92819.0	 72350.0	 39719.0	 11.0	 
50010	50000	10	 sysNum: 	35007	 MissingNum: 	0	 5966.1583333333365	 202250	 2	 Protocol_Missing: 0	 0.0	 2691.1208333333325	 2104.316666666667	 1170.7208333333333	 89963.0	 72148.0	 40139.0	 12.0	 
50010	50000	10	 sysNum: 	30006	 MissingNum: 	0	 5819.770833333336	 197423	 2	 Protocol_Missing: 0	 0.0	 2576.8166666666652	 2074.975	 1167.9791666666663	 86236.0	 71142.0	 40045.0	 11.0	 
50010	50000	10	 sysNum: 	25005	 MissingNum: 	0	 5634.562500000004	 190689	 2	 Protocol_Missing: 0	 0.0	 2455.308333333333	 2025.0125	 1154.2416666666666	 81686.0	 69429.0	 39574.0	 13.0	 
50010	50000	10	 sysNum: 	20004	 MissingNum: 	0	 5289.812500000003	 179253	 2	 Protocol_Missing: 0	 0.0	 2258.9291666666663	 1924.3875	 1106.495833333333	 75337.0	 65979.0	 37937.0	 11.0	 
50010	50000	10	 sysNum: 	15001	 MissingNum: 	0	 4845.458333333334	 163826	 2	 Protocol_Missing: 0	 0.0	 2035.9208333333327	 1768.345833333333	 1041.191666666667	 67499.0	 60629.0	 35698.0	 12.0	 
50010	50000	10	 sysNum: 	10000	 MissingNum: 	0	 4076.0708333333328	 137255	 2	 Protocol_Missing: 0	 0.0	 1689.7416666666659	 1483.5625	 902.7666666666665	 55438.0	 50865.0	 30952.0	 13.0	 
50010	50000	10	 sysNum: 	4999	 MissingNum: 	0	 2751.3208333333323	 92027	 2	 Protocol_Missing: 0	 0.0	 1129.5374999999995	 994.1166666666664	 627.6666666666667	 36423.0	 34084.0	 21520.0	 12.0	 
50010	50000	10	 sysNum: 	45009	 MissingNum: 	0	 6045.14166666667	 205150	 2	 Protocol_Missing: 0	 0.0	 2817.8499999999995	 2092.8833333333337	 1134.4083333333328	 94500.0	 71756.0	 38894.0	 11.0	 
50010	50000	10	 sysNum: 	40008	 MissingNum: 	0	 5999.029166666667	 203377	 2	 Protocol_Missing: 0	 0.0	 2752.429166666666	 2098.1625000000004	 1148.4375000000005	 92065.0	 71937.0	 39375.0	 12.0	 
50010	50000	10	 sysNum: 	35007	 MissingNum: 	0	 5968.550000000003	 202332	 2	 Protocol_Missing: 0	 0.0	 2693.570833333332	 2104.8125	 1170.1666666666665	 90047.0	 72165.0	 40120.0	 12.0	 
50010	50000	10	 sysNum: 	30006	 MissingNum: 	0	 5803.612500000002	 196869	 2	 Protocol_Missing: 0	 0.0	 2568.9124999999985	 2072.6416666666664	 1162.0583333333334	 85965.0	 71062.0	 39842.0	 11.0	 
50010	50000	10	 sysNum: 	25005	 MissingNum: 	0	 5584.075000000004	 189150	 2	 Protocol_Missing: 0	 0.0	 2432.8208333333328	 2009.7875	 1141.4666666666665	 81107.0	 68907.0	 39136.0	 12.0	 
50010	50000	10	 sysNum: 	20004	 MissingNum: 	0	 5258.516666666671	 177988	 2	 Protocol_Missing: 0	 0.0	 2251.4041666666653	 1909.3666666666666	 1097.7458333333332	 74887.0	 65464.0	 37637.0	 12.0	 
50010	50000	10	 sysNum: 	15001	 MissingNum: 	0	 4844.116666666668	 163780	 2	 Protocol_Missing: 0	 0.0	 2036.4166666666658	 1766.9749999999997	 1040.725	 67516.0	 60582.0	 35682.0	 12.0	 
50010	50000	10	 sysNum: 	10000	 MissingNum: 	0	 4066.7374999999993	 137127	 2	 Protocol_Missing: 0	 0.0	 1682.2166666666658	 1483.3291666666664	 901.1916666666666	 55372.0	 50857.0	 30898.0	 12.0	 
50010	50000	10	 sysNum: 	4999	 MissingNum: 	0	 2751.233333333332	 92024	 2	 Protocol_Missing: 0	 0.0	 1131.0833333333326	 993.4458333333332	 626.7041666666667	 36476.0	 34061.0	 21487.0	 12.0	 
50010	50000	10	 sysNum: 	45009	 MissingNum: 	0	 6018.308333333336	 204230	 2	 Protocol_Missing: 0	 0.0	 2806.4458333333314	 2085.6791666666663	 1126.1833333333336	 94109.0	 71509.0	 38612.0	 11.0	 
50010	50000	10	 sysNum: 	40008	 MissingNum: 	0	 6068.241666666669	 205942	 2	 Protocol_Missing: 0	 0.0	 2780.7499999999986	 2118.2000000000007	 1169.2916666666667	 93228.0	 72624.0	 40090.0	 11.0	 
50010	50000	10	 sysNum: 	35007	 MissingNum: 	0	 5962.191666666671	 202114	 2	 Protocol_Missing: 0	 0.0	 2688.349999999999	 2102.975	 1170.8666666666668	 89868.0	 72102.0	 40144.0	 12.0	 
50010	50000	10	 sysNum: 	30006	 MissingNum: 	0	 5811.050000000003	 196932	 2	 Protocol_Missing: 0	 0.0	 2575.9416666666652	 2070.4250000000006	 1164.6833333333334	 86014.0	 70986.0	 39932.0	 12.0	 
50010	50000	10	 sysNum: 	25005	 MissingNum: 	0	 5587.983333333338	 189476	 2	 Protocol_Missing: 0	 0.0	 2427.804166666666	 2014.4249999999997	 1145.7541666666666	 81127.0	 69066.0	 39283.0	 11.0	 
50010	50000	10	 sysNum: 	20004	 MissingNum: 	0	 5272.370833333337	 178655	 2	 Protocol_Missing: 0	 0.0	 2251.812499999999	 1916.7166666666667	 1103.8416666666662	 75093.0	 65716.0	 37846.0	 11.0	 
50010	50000	10	 sysNum: 	15001	 MissingNum: 	0	 4812.412500000003	 162693	 2	 Protocol_Missing: 0	 0.0	 2022.5916666666662	 1759.3041666666663	 1030.5166666666662	 67042.0	 60319.0	 35332.0	 12.0	 
50010	50000	10	 sysNum: 	10000	 MissingNum: 	0	 4061.866666666666	 136960	 2	 Protocol_Missing: 0	 0.0	 1680.6124999999993	 1481.2	 900.0541666666668	 55317.0	 50784.0	 30859.0	 12.0	 
50010	50000	10	 sysNum: 	4999	 MissingNum: 	0	 2770.8041666666663	 92311	 2	 Protocol_Missing: 0	 0.0	 1146.016666666666	 995.2250000000001	 629.5625	 36604.0	 34122.0	 21585.0	 14.0	 
50010	50000	10	 sysNum: 	45009	 MissingNum: 	0	 6001.041666666668	 203446	 2	 Protocol_Missing: 0	 0.0	 2801.429166666666	 2080.312499999999	 1119.2999999999997	 93745.0	 71325.0	 38376.0	 12.0	 
50010	50000	10	 sysNum: 	40008	 MissingNum: 	0	 6008.0125000000035	 203685	 2	 Protocol_Missing: 0	 0.0	 2756.979166666665	 2101.429166666667	 1149.6041666666665	 92221.0	 72049.0	 39415.0	 12.0	 
50010	50000	10	 sysNum: 	35007	 MissingNum: 	0	 5964.583333333337	 202196	 2	 Protocol_Missing: 0	 0.0	 2688.320833333332	 2105.1624999999995	 1171.1	 89867.0	 72177.0	 40152.0	 12.0	 
50010	50000	10	 sysNum: 	30006	 MissingNum: 	0	 5827.850000000001	 197508	 2	 Protocol_Missing: 0	 0.0	 2582.212499999998	 2076.2875	 1169.35	 86229.0	 71187.0	 40092.0	 12.0	 
50010	50000	10	 sysNum: 	25005	 MissingNum: 	0	 5613.533333333337	 190160	 2	 Protocol_Missing: 0	 0.0	 2442.708333333332	 2020.1125000000002	 1150.7124999999999	 81446.0	 69261.0	 39453.0	 12.0	 
50010	50000	10	 sysNum: 	20004	 MissingNum: 	0	 5283.016666666669	 178828	 2	 Protocol_Missing: 0	 0.0	 2259.6875	 1919.1666666666665	 1104.1625	 75171.0	 65800.0	 37857.0	 12.0	 
50010	50000	10	 sysNum: 	15001	 MissingNum: 	0	 4789.750000000003	 161916	 2	 Protocol_Missing: 0	 0.0	 2012.4708333333322	 1752.6541666666662	 1024.6249999999998	 66695.0	 60091.0	 35130.0	 12.0	 
50010	50000	10	 sysNum: 	10000	 MissingNum: 	0	 4093.162499999999	 137841	 2	 Protocol_Missing: 0	 0.0	 1698.8708333333323	 1488.8416666666665	 905.4499999999999	 55751.0	 51046.0	 31044.0	 13.0	 
50010	50000	10	 sysNum: 	4999	 MissingNum: 	0	 2744.641666666665	 91606	 2	 Protocol_Missing: 0	 0.0	 1132.104166666666	 987.9333333333333	 624.6041666666666	 36319.0	 33872.0	 21415.0	 13.0	 
50010	50000	10	 sysNum: 	45009	 MissingNum: 	0	 6034.933333333337	 204992	 2	 Protocol_Missing: 0	 0.0	 2810.7624999999994	 2092.708333333333	 1131.4624999999996	 94449.0	 71750.0	 38793.0	 10.0	 
50010	50000	10	 sysNum: 	40008	 MissingNum: 	0	 6014.079166666673	 204085	 2	 Protocol_Missing: 0	 0.0	 2755.666666666665	 2103.995833333333	 1154.4166666666665	 92368.0	 72137.0	 39580.0	 11.0	 
50010	50000	10	 sysNum: 	35007	 MissingNum: 	0	 5983.279166666669	 202837	 2	 Protocol_Missing: 0	 0.0	 2697.245833333332	 2109.0416666666665	 1176.9916666666666	 90173.0	 72310.0	 40354.0	 12.0	 
50010	50000	10	 sysNum: 	30006	 MissingNum: 	0	 5842.608333333337	 198014	 2	 Protocol_Missing: 0	 0.0	 2587.9874999999984	 2081.7999999999997	 1172.8208333333332	 86427.0	 71376.0	 40211.0	 12.0	 
50010	50000	10	 sysNum: 	25005	 MissingNum: 	0	 5606.9708333333365	 190127	 2	 Protocol_Missing: 0	 0.0	 2439.558333333333	 2017.7791666666665	 1149.6333333333334	 81530.0	 69181.0	 39416.0	 11.0	 
50010	50000	10	 sysNum: 	20004	 MissingNum: 	0	 5307.487500000002	 179667	 2	 Protocol_Missing: 0	 0.0	 2270.654166666666	 1925.3208333333334	 1111.5124999999998	 75547.0	 66011.0	 38109.0	 12.0	 
50010	50000	10	 sysNum: 	15001	 MissingNum: 	0	 4849.191666666669	 163954	 2	 Protocol_Missing: 0	 0.0	 2038.2541666666657	 1771.6124999999997	 1039.325	 67579.0	 60741.0	 35634.0	 12.0	 
50010	50000	10	 sysNum: 	10000	 MissingNum: 	0	 4094.241666666667	 138070	 2	 Protocol_Missing: 0	 0.0	 1692.8041666666659	 1491.729166666666	 909.7083333333334	 55735.0	 51145.0	 31190.0	 12.0	 
50010	50000	10	 sysNum: 	4999	 MissingNum: 	0	 2771.9708333333324	 92543	 2	 Protocol_Missing: 0	 0.0	 1144.2374999999995	 997.2958333333332	 630.4374999999998	 36735.0	 34193.0	 21615.0	 13.0	 
50010	50000	10	 sysNum: 	45009	 MissingNum: 	0	 6051.61666666667	 205372	 2	 Protocol_Missing: 0	 0.0	 2821.6708333333327	 2095.245833333333	 1134.7	 94631.0	 71837.0	 38904.0	 11.0	 
50010	50000	10	 sysNum: 	40008	 MissingNum: 	0	 6017.550000000002	 204204	 2	 Protocol_Missing: 0	 0.0	 2756.7458333333325	 2105.2499999999995	 1155.554166666667	 92405.0	 72180.0	 39619.0	 11.0	 
50010	50000	10	 sysNum: 	35007	 MissingNum: 	0	 5995.35416666667	 203251	 2	 Protocol_Missing: 0	 0.0	 2700.395833333332	 2112.891666666667	 1182.0666666666664	 90281.0	 72442.0	 40528.0	 12.0	 
50010	50000	10	 sysNum: 	30006	 MissingNum: 	0	 5825.370833333336	 197423	 2	 Protocol_Missing: 0	 0.0	 2582.6208333333316	 2074.2749999999996	 1168.475	 86243.0	 71118.0	 40062.0	 12.0	 
50010	50000	10	 sysNum: 	25005	 MissingNum: 	0	 5610.937500000002	 190263	 2	 Protocol_Missing: 0	 0.0	 2440.433333333333	 2019.4999999999998	 1151.0041666666668	 81560.0	 69240.0	 39463.0	 11.0	 
50010	50000	10	 sysNum: 	20004	 MissingNum: 	0	 5261.637500000004	 178095	 2	 Protocol_Missing: 0	 0.0	 2250.208333333332	 1911.4958333333327	 1099.9333333333332	 74846.0	 65537.0	 37712.0	 12.0	 
50010	50000	10	 sysNum: 	15001	 MissingNum: 	0	 4825.391666666668	 163138	 2	 Protocol_Missing: 0	 0.0	 2028.512499999999	 1761.0833333333333	 1035.7958333333333	 67245.0	 60380.0	 35513.0	 12.0	 
50010	50000	10	 sysNum: 	10000	 MissingNum: 	0	 4075.5458333333313	 137045	 2	 Protocol_Missing: 0	 0.0	 1692.1041666666656	 1482.133333333333	 901.3083333333333	 55327.0	 50816.0	 30902.0	 14.0	 
50010	50000	10	 sysNum: 	4999	 MissingNum: 	0	 2755.666666666665	 91792	 2	 Protocol_Missing: 0	 0.0	 1140.095833333333	 990.3541666666665	 625.2166666666668	 36401.0	 33955.0	 21436.0	 14.0	 
50010	50000	10	 sysNum: 	45009	 MissingNum: 	0	 6046.775000000002	 205206	 2	 Protocol_Missing: 0	 0.0	 2818.987499999999	 2094.2833333333333	 1133.5041666666666	 94539.0	 71804.0	 38863.0	 11.0	 
50010	50000	10	 sysNum: 	40008	 MissingNum: 	0	 6025.45416666667	 204475	 2	 Protocol_Missing: 0	 0.0	 2758.729166666665	 2107.379166666666	 1159.3458333333328	 92473.0	 72253.0	 39749.0	 11.0	 
50010	50000	10	 sysNum: 	35007	 MissingNum: 	0	 5959.333333333337	 202208	 2	 Protocol_Missing: 0	 0.0	 2683.4791666666656	 2104.0541666666663	 1171.8	 89893.0	 72139.0	 40176.0	 11.0	 
50010	50000	10	 sysNum: 	30006	 MissingNum: 	0	 5847.887500000003	 198195	 2	 Protocol_Missing: 0	 0.0	 2589.0666666666652	 2082.266666666667	 1176.5541666666666	 86464.0	 71392.0	 40339.0	 12.0	 
50010	50000	10	 sysNum: 	25005	 MissingNum: 	0	 5619.337500000002	 190167	 2	 Protocol_Missing: 0	 0.0	 2450.962499999999	 2019.6749999999997	 1148.7	 81537.0	 69246.0	 39384.0	 13.0	 
50010	50000	10	 sysNum: 	20004	 MissingNum: 	0	 5260.120833333336	 178235	 2	 Protocol_Missing: 0	 0.0	 2247.7291666666656	 1914.2083333333333	 1098.1833333333332	 74953.0	 65630.0	 37652.0	 11.0	 
50010	50000	10	 sysNum: 	15001	 MissingNum: 	0	 4812.558333333338	 162698	 2	 Protocol_Missing: 0	 0.0	 2021.4833333333322	 1761.083333333333	 1029.9916666666666	 67004.0	 60380.0	 35314.0	 12.0	 
50010	50000	10	 sysNum: 	10000	 MissingNum: 	0	 4096.3125	 138141	 2	 Protocol_Missing: 0	 0.0	 1696.1291666666655	 1490.7666666666667	 909.4166666666667	 55849.0	 51112.0	 31180.0	 12.0	 
50010	50000	10	 sysNum: 	4999	 MissingNum: 	0	 2732.9166666666656	 91396	 2	 Protocol_Missing: 0	 0.0	 1123.3249999999996	 987.1749999999998	 622.4166666666665	 36210.0	 33846.0	 21340.0	 12.0	 
50010	50000	10	 sysNum: 	45009	 MissingNum: 	0	 6054.154166666668	 205459	 2	 Protocol_Missing: 0	 0.0	 2822.4874999999997	 2096.179166666667	 1135.4875	 94659.0	 71869.0	 38931.0	 11.0	 
50010	50000	10	 sysNum: 	40008	 MissingNum: 	0	 6051.0041666666675	 205351	 2	 Protocol_Missing: 0	 0.0	 2770.2791666666653	 2113.183333333333	 1167.5416666666663	 92869.0	 72452.0	 40030.0	 11.0	 
50010	50000	10	 sysNum: 	35007	 MissingNum: 	0	 6004.395833333336	 203369	 2	 Protocol_Missing: 0	 0.0	 2708.154166666665	 2112.3666666666663	 1183.875	 90355.0	 72424.0	 40590.0	 13.0	 
50010	50000	10	 sysNum: 	30006	 MissingNum: 	0	 5836.395833333338	 197801	 2	 Protocol_Missing: 0	 0.0	 2586.383333333332	 2077.920833333333	 1172.0916666666665	 86372.0	 71243.0	 40186.0	 12.0	 
50010	50000	10	 sysNum: 	25005	 MissingNum: 	0	 5614.991666666668	 190018	 2	 Protocol_Missing: 0	 0.0	 2448.5124999999994	 2016.7583333333332	 1149.7208333333333	 81453.0	 69146.0	 39419.0	 13.0	 
50010	50000	10	 sysNum: 	20004	 MissingNum: 	0	 5263.883333333338	 178364	 2	 Protocol_Missing: 0	 0.0	 2249.9749999999995	 1916.2499999999993	 1097.6583333333335	 75030.0	 65700.0	 37634.0	 11.0	 
50010	50000	10	 sysNum: 	15001	 MissingNum: 	0	 4845.633333333336	 163448	 2	 Protocol_Missing: 0	 0.0	 2042.5999999999988	 1765.9541666666669	 1037.0791666666669	 67344.0	 60547.0	 35557.0	 14.0	 
50010	50000	10	 sysNum: 	10000	 MissingNum: 	0	 4054.0208333333326	 136691	 2	 Protocol_Missing: 0	 0.0	 1677.754166666666	 1478.8374999999999	 897.4291666666667	 55219.0	 50703.0	 30769.0	 12.0	 
50010	50000	10	 sysNum: 	4999	 MissingNum: 	0	 2771.5916666666662	 92530	 2	 Protocol_Missing: 0	 0.0	 1142.7499999999993	 997.9666666666666	 630.8749999999999	 36684.0	 34216.0	 21630.0	 13.0	 
50010	50000	10	 sysNum: 	45009	 MissingNum: 	0	 6008.508333333334	 203894	 2	 Protocol_Missing: 0	 0.0	 2803.7916666666647	 2083.4333333333334	 1121.2833333333333	 94018.0	 71432.0	 38444.0	 11.0	 
50010	50000	10	 sysNum: 	40008	 MissingNum: 	0	 6010.2000000000035	 203952	 2	 Protocol_Missing: 0	 0.0	 2753.2166666666653	 2103.995833333333	 1152.9874999999997	 92284.0	 72137.0	 39531.0	 11.0	 
50010	50000	10	 sysNum: 	35007	 MissingNum: 	0	 5945.566666666672	 201736	 2	 Protocol_Missing: 0	 0.0	 2674.2333333333318	 2102.0416666666665	 1169.2916666666665	 89576.0	 72070.0	 40090.0	 11.0	 
50010	50000	10	 sysNum: 	30006	 MissingNum: 	0	 5826.275000000001	 197454	 2	 Protocol_Missing: 0	 0.0	 2582.329166666666	 2076.025	 1167.9208333333333	 86233.0	 71178.0	 40043.0	 12.0	 
50010	50000	10	 sysNum: 	25005	 MissingNum: 	0	 5631.091666666668	 190954	 2	 Protocol_Missing: 0	 0.0	 2448.2499999999986	 2026.2666666666667	 1156.575	 81828.0	 69472.0	 39654.0	 11.0	 
50010	50000	10	 sysNum: 	20004	 MissingNum: 	0	 5264.46666666667	 178384	 2	 Protocol_Missing: 0	 0.0	 2247.204166666666	 1913.945833333333	 1103.3166666666664	 74935.0	 65621.0	 37828.0	 11.0	 
50010	50000	10	 sysNum: 	15001	 MissingNum: 	0	 4857.475	 164238	 2	 Protocol_Missing: 0	 0.0	 2041.8124999999989	 1774.1500000000003	 1041.5124999999996	 67701.0	 60828.0	 35709.0	 12.0	 
50010	50000	10	 sysNum: 	10000	 MissingNum: 	0	 4094.066666666666	 138064	 2	 Protocol_Missing: 0	 0.0	 1695.0208333333323	 1490.9708333333328	 908.0749999999998	 55811.0	 51119.0	 31134.0	 12.0	 
50010	50000	10	 sysNum: 	4999	 MissingNum: 	0	 2710.7208333333333	 90635	 2	 Protocol_Missing: 0	 0.0	 1116.7916666666665	 978.0749999999999	 615.8541666666667	 35986.0	 33534.0	 21115.0	 12.0	 
50010	50000	10	 sysNum: 	45009	 MissingNum: 	0	 6049.195833333341	 205289	 2	 Protocol_Missing: 0	 0.0	 2822.633333333332	 2093.2916666666665	 1133.270833333333	 94664.0	 71770.0	 38855.0	 11.0	 
50010	50000	10	 sysNum: 	40008	 MissingNum: 	0	 6017.9291666666695	 204025	 2	 Protocol_Missing: 0	 0.0	 2760.6833333333325	 2104.1124999999997	 1153.1333333333332	 92348.0	 72141.0	 39536.0	 12.0	 
50010	50000	10	 sysNum: 	35007	 MissingNum: 	0	 5947.0541666666695	 201595	 2	 Protocol_Missing: 0	 0.0	 2680.5916666666653	 2099.2416666666663	 1167.2208333333333	 89602.0	 71974.0	 40019.0	 12.0	 
50010	50000	10	 sysNum: 	30006	 MissingNum: 	0	 5819.916666666668	 197428	 2	 Protocol_Missing: 0	 0.0	 2574.8916666666664	 2077.3374999999996	 1167.6874999999998	 86170.0	 71223.0	 40035.0	 11.0	 
50010	50000	10	 sysNum: 	25005	 MissingNum: 	0	 5601.720833333337	 189755	 2	 Protocol_Missing: 0	 0.0	 2439.820833333332	 2015.679166666666	 1146.220833333333	 81347.0	 69109.0	 39299.0	 12.0	 
50010	50000	10	 sysNum: 	20004	 MissingNum: 	0	 5287.245833333338	 178973	 2	 Protocol_Missing: 0	 0.0	 2261.9916666666663	 1921.0041666666666	 1104.25	 75250.0	 65863.0	 37860.0	 12.0	 
50010	50000	10	 sysNum: 	15001	 MissingNum: 	0	 4793.3375000000015	 162231	 2	 Protocol_Missing: 0	 0.0	 2010.5458333333322	 1754.3458333333333	 1028.4458333333332	 66821.0	 60149.0	 35261.0	 11.0	 
50010	50000	10	 sysNum: 	10000	 MissingNum: 	0	 4107.045833333334	 138317	 2	 Protocol_Missing: 0	 0.0	 1703.4791666666658	 1493.5083333333332	 910.058333333333	 55909.0	 51206.0	 31202.0	 13.0	 
50010	50000	10	 sysNum: 	4999	 MissingNum: 	0	 2751.3500000000004	 92028	 2	 Protocol_Missing: 0	 0.0	 1129.8583333333331	 993.2708333333333	 628.2208333333333	 36434.0	 34055.0	 21539.0	 12.0	 
50010	50000	10	 sysNum: 	45009	 MissingNum: 	0	 6050.21666666667	 205132	 2	 Protocol_Missing: 0	 0.0	 2822.8083333333316	 2093.495833333333	 1133.9125	 94478.0	 71777.0	 38877.0	 12.0	 
50010	50000	10	 sysNum: 	40008	 MissingNum: 	0	 6076.583333333336	 206036	 2	 Protocol_Missing: 0	 0.0	 2787.1374999999985	 2120.854166666667	 1168.591666666667	 93255.0	 72715.0	 40066.0	 12.0	 
50010	50000	10	 sysNum: 	35007	 MissingNum: 	0	 5971.758333333336	 202634	 2	 Protocol_Missing: 0	 0.0	 2691.2666666666655	 2105.8333333333335	 1174.6583333333333	 90160.0	 72200.0	 40274.0	 11.0	 
50010	50000	10	 sysNum: 	30006	 MissingNum: 	0	 5843.7750000000015	 198054	 2	 Protocol_Missing: 0	 0.0	 2591.3999999999987	 2078.4749999999995	 1173.9000000000003	 86544.0	 71262.0	 40248.0	 12.0	 
50010	50000	10	 sysNum: 	25005	 MissingNum: 	0	 5609.91666666667	 190036	 2	 Protocol_Missing: 0	 0.0	 2443.058333333331	 2019.5583333333334	 1147.2999999999997	 81458.0	 69242.0	 39336.0	 12.0	 
50010	50000	10	 sysNum: 	20004	 MissingNum: 	0	 5261.900000000004	 178104	 2	 Protocol_Missing: 0	 0.0	 2252.774999999999	 1911.4666666666667	 1097.658333333333	 74934.0	 65536.0	 37634.0	 12.0	 
50010	50000	10	 sysNum: 	15001	 MissingNum: 	0	 4785.520833333335	 161579	 2	 Protocol_Missing: 0	 0.0	 2014.7166666666653	 1748.1041666666667	 1022.7000000000002	 66580.0	 59935.0	 35064.0	 13.0	 
50010	50000	10	 sysNum: 	10000	 MissingNum: 	0	 4059.7958333333336	 136889	 2	 Protocol_Missing: 0	 0.0	 1678.366666666666	 1479.8	 901.6291666666665	 55240.0	 50736.0	 30913.0	 12.0	 
50010	50000	10	 sysNum: 	4999	 MissingNum: 	0	 2764.0666666666657	 92272	 2	 Protocol_Missing: 0	 0.0	 1141.0874999999994	 994.9333333333334	 628.0458333333333	 36627.0	 34112.0	 21533.0	 13.0	 
50010	50000	10	 sysNum: 	45009	 MissingNum: 	0	 6063.954166666669	 205603	 2	 Protocol_Missing: 0	 0.0	 2833.4833333333327	 2095.4208333333336	 1135.05	 94844.0	 71843.0	 38916.0	 12.0	 
50010	50000	10	 sysNum: 	40008	 MissingNum: 	0	 6038.754166666671	 204931	 2	 Protocol_Missing: 0	 0.0	 2764.3583333333327	 2112.658333333334	 1161.7375	 92666.0	 72434.0	 39831.0	 11.0	 
50010	50000	10	 sysNum: 	35007	 MissingNum: 	0	 5936.437499999999	 201423	 2	 Protocol_Missing: 0	 0.0	 2670.4124999999985	 2098.454166666667	 1167.5708333333332	 89445.0	 71947.0	 40031.0	 11.0	 
50010	50000	10	 sysNum: 	30006	 MissingNum: 	0	 5843.133333333337	 198224	 2	 Protocol_Missing: 0	 0.0	 2586.295833333332	 2081.2166666666662	 1175.6208333333332	 86561.0	 71356.0	 40307.0	 11.0	 
50010	50000	10	 sysNum: 	25005	 MissingNum: 	0	 5582.44166666667	 189094	 2	 Protocol_Missing: 0	 0.0	 2431.799999999999	 2009.9041666666665	 1140.7375	 81072.0	 68911.0	 39111.0	 12.0	 
50010	50000	10	 sysNum: 	20004	 MissingNum: 	0	 5298.387500000003	 179355	 2	 Protocol_Missing: 0	 0.0	 2265.5208333333326	 1923.0750000000003	 1109.7916666666663	 75371.0	 65934.0	 38050.0	 12.0	 
50010	50000	10	 sysNum: 	15001	 MissingNum: 	0	 4805.937500000005	 162471	 2	 Protocol_Missing: 0	 0.0	 2022.416666666666	 1754.2583333333332	 1029.2624999999998	 67036.0	 60146.0	 35289.0	 12.0	 
50010	50000	10	 sysNum: 	10000	 MissingNum: 	0	 4068.1958333333314	 137177	 2	 Protocol_Missing: 0	 0.0	 1683.9083333333324	 1481.6666666666665	 902.6208333333333	 55430.0	 50800.0	 30947.0	 12.0	 
50010	50000	10	 sysNum: 	4999	 MissingNum: 	0	 2749.512499999999	 91773	 2	 Protocol_Missing: 0	 0.0	 1133.9124999999995	 989.8291666666665	 625.7708333333334	 36381.0	 33937.0	 21455.0	 13.0	 
50010	50000	10	 sysNum: 	45009	 MissingNum: 	0	 6019.2416666666695	 204262	 2	 Protocol_Missing: 0	 0.0	 2806.8541666666647	 2086.787499999999	 1125.6000000000001	 94123.0	 71547.0	 38592.0	 11.0	 
50010	50000	10	 sysNum: 	40008	 MissingNum: 	0	 6033.941666666668	 204766	 2	 Protocol_Missing: 0	 0.0	 2765.874999999999	 2108.4291666666663	 1159.6374999999998	 92718.0	 72289.0	 39759.0	 11.0	 
50010	50000	10	 sysNum: 	35007	 MissingNum: 	0	 5921.416666666669	 200716	 2	 Protocol_Missing: 0	 0.0	 2667.524999999999	 2092.6499999999996	 1161.2416666666666	 89154.0	 71748.0	 39814.0	 12.0	 
50010	50000	10	 sysNum: 	30006	 MissingNum: 	0	 5855.120833333339	 198443	 2	 Protocol_Missing: 0	 0.0	 2595.104166666665	 2083.9583333333335	 1176.058333333333	 86671.0	 71450.0	 40322.0	 12.0	 
50010	50000	10	 sysNum: 	25005	 MissingNum: 	0	 5633.658333333337	 190850	 2	 Protocol_Missing: 0	 0.0	 2452.858333333332	 2024.1374999999998	 1156.6624999999997	 81794.0	 69399.0	 39657.0	 12.0	 
50010	50000	10	 sysNum: 	20004	 MissingNum: 	0	 5267.79166666667	 178306	 2	 Protocol_Missing: 0	 0.0	 2251.5499999999993	 1915.695833333333	 1100.5458333333327	 74892.0	 65681.0	 37733.0	 12.0	 
50010	50000	10	 sysNum: 	15001	 MissingNum: 	0	 4807.1916666666675	 162514	 2	 Protocol_Missing: 0	 0.0	 2018.6249999999984	 1759.2166666666665	 1029.35	 66906.0	 60316.0	 35292.0	 12.0	 
50010	50000	10	 sysNum: 	10000	 MissingNum: 	0	 4107.862499999998	 138537	 2	 Protocol_Missing: 0	 0.0	 1698.2874999999992	 1497.475	 912.1	 55923.0	 51342.0	 31272.0	 12.0	 
50010	50000	10	 sysNum: 	4999	 MissingNum: 	0	 2759.574999999999	 92118	 2	 Protocol_Missing: 0	 0.0	 1138.7249999999997	 993.2416666666666	 627.6083333333332	 36546.0	 34054.0	 21518.0	 13.0	 
50010	50000	10	 sysNum: 	45009	 MissingNum: 	0	 6048.058333333339	 205250	 2	 Protocol_Missing: 0	 0.0	 2822.137499999999	 2093.320833333333	 1132.6	 94647.0	 71771.0	 38832.0	 11.0	 
50010	50000	10	 sysNum: 	40008	 MissingNum: 	0	 6045.725000000005	 204978	 2	 Protocol_Missing: 0	 0.0	 2773.312499999998	 2110.441666666667	 1161.9708333333333	 92781.0	 72358.0	 39839.0	 12.0	 
50010	50000	10	 sysNum: 	35007	 MissingNum: 	0	 5984.825000000002	 202890	 2	 Protocol_Missing: 0	 0.0	 2698.4416666666657	 2108.954166666667	 1177.4291666666668	 90214.0	 72307.0	 40369.0	 12.0	 
50010	50000	10	 sysNum: 	30006	 MissingNum: 	0	 5833.887500000003	 197907	 2	 Protocol_Missing: 0	 0.0	 2580.2874999999985	 2080.4291666666663	 1173.1708333333331	 86355.0	 71329.0	 40223.0	 11.0	 
50010	50000	10	 sysNum: 	25005	 MissingNum: 	0	 5646.900000000002	 191304	 2	 Protocol_Missing: 0	 0.0	 2459.2166666666662	 2028.1333333333334	 1159.55	 82012.0	 69536.0	 39756.0	 12.0	 
50010	50000	10	 sysNum: 	20004	 MissingNum: 	0	 5301.129166666669	 179257	 2	 Protocol_Missing: 0	 0.0	 2272.841666666666	 1921.8791666666666	 1106.408333333333	 75430.0	 65893.0	 37934.0	 13.0	 
50010	50000	10	 sysNum: 	15001	 MissingNum: 	0	 4841.987500000004	 163515	 2	 Protocol_Missing: 0	 0.0	 2039.2749999999987	 1765.2541666666668	 1037.4583333333333	 67422.0	 60523.0	 35570.0	 13.0	 
50010	50000	10	 sysNum: 	10000	 MissingNum: 	0	 4068.458333333333	 137186	 2	 Protocol_Missing: 0	 0.0	 1683.3541666666658	 1484.6416666666664	 900.4625	 55411.0	 50902.0	 30873.0	 12.0	 
50010	50000	10	 sysNum: 	4999	 MissingNum: 	0	 2738.225	 91386	 2	 Protocol_Missing: 0	 0.0	 1130.645833333333	 985.5416666666664	 622.0374999999999	 36269.0	 33790.0	 21327.0	 13.0	 
