50010	50000	10	 sysNum: 	45009	 MissingNum: 	0	 5705.408333333334	 192926	 2	 Protocol_Missing: 0	 0.0	 0.0	 4079.804166666665	 1625.6041666666665	 0.0	 137191.0	 55735.0	 14.0	 
50010	50000	10	 sysNum: 	40008	 MissingNum: 	0	 5586.875000000003	 188862	 2	 Protocol_Missing: 0	 0.0	 0.0	 3973.491666666666	 1613.3833333333332	 0.0	 133546.0	 55316.0	 14.0	 
50010	50000	10	 sysNum: 	35007	 MissingNum: 	0	 5330.1791666666695	 180061	 2	 Protocol_Missing: 0	 0.0	 0.0	 3781.0499999999984	 1549.1291666666668	 0.0	 126948.0	 53113.0	 14.0	 
50010	50000	10	 sysNum: 	30006	 MissingNum: 	0	 5099.820833333336	 172355	 2	 Protocol_Missing: 0	 0.0	 0.0	 3600.1291666666657	 1499.6916666666664	 0.0	 120937.0	 51418.0	 13.0	 
50010	50000	10	 sysNum: 	25005	 MissingNum: 	0	 4697.583333333338	 158372	 2	 Protocol_Missing: 0	 0.0	 0.0	 3319.137499999998	 1378.4458333333332	 0.0	 111111.0	 47261.0	 14.0	 
50010	50000	10	 sysNum: 	20004	 MissingNum: 	0	 4255.212500000001	 143205	 2	 Protocol_Missing: 0	 0.0	 0.0	 2994.5999999999985	 1260.6124999999995	 0.0	 99984.0	 43221.0	 14.0	 
50010	50000	10	 sysNum: 	15001	 MissingNum: 	0	 3684.8874999999975	 123651	 2	 Protocol_Missing: 0	 0.0	 0.0	 2593.674999999998	 1091.2124999999994	 0.0	 86238.0	 37413.0	 14.0	 
50010	50000	10	 sysNum: 	10000	 MissingNum: 	0	 2910.6583333333324	 96914	 2	 Protocol_Missing: 0	 0.0	 0.0	 2065.874999999999	 844.7833333333334	 0.0	 67950.0	 28964.0	 15.0	 
50010	50000	10	 sysNum: 	4999	 MissingNum: 	0	 1834.3791666666652	 60013	 2	 Protocol_Missing: 0	 0.0	 0.0	 1326.7333333333324	 507.6458333333333	 0.0	 42608.0	 17405.0	 15.0	 
50010	50000	10	 sysNum: 	45009	 MissingNum: 	0	 5731.62916666667	 194017	 2	 Protocol_Missing: 0	 0.0	 0.0	 4092.5208333333308	 1639.1083333333331	 0.0	 137819.0	 56198.0	 13.0	 
50010	50000	10	 sysNum: 	40008	 MissingNum: 	0	 5570.512500000003	 188493	 2	 Protocol_Missing: 0	 0.0	 0.0	 3962.6708333333327	 1607.8416666666667	 0.0	 133367.0	 55126.0	 13.0	 
50010	50000	10	 sysNum: 	35007	 MissingNum: 	0	 5372.237500000003	 181695	 2	 Protocol_Missing: 0	 0.0	 0.0	 3805.929166666665	 1566.3083333333334	 0.0	 127993.0	 53702.0	 13.0	 
50010	50000	10	 sysNum: 	30006	 MissingNum: 	0	 5062.137500000003	 170871	 2	 Protocol_Missing: 0	 0.0	 0.0	 3580.9083333333324	 1481.2291666666663	 0.0	 120086.0	 50785.0	 14.0	 
50010	50000	10	 sysNum: 	25005	 MissingNum: 	0	 4721.1500000000015	 159372	 2	 Protocol_Missing: 0	 0.0	 0.0	 3328.1499999999983	 1392.9999999999995	 0.0	 111612.0	 47760.0	 13.0	 
50010	50000	10	 sysNum: 	20004	 MissingNum: 	0	 4249.8458333333365	 143021	 2	 Protocol_Missing: 0	 0.0	 0.0	 2991.8583333333318	 1257.9875	 0.0	 99890.0	 43131.0	 14.0	 
50010	50000	10	 sysNum: 	15001	 MissingNum: 	0	 3679.5499999999997	 123660	 2	 Protocol_Missing: 0	 0.0	 0.0	 2589.095833333332	 1090.4541666666664	 0.0	 86273.0	 37387.0	 13.0	 
50010	50000	10	 sysNum: 	10000	 MissingNum: 	0	 2928.5958333333315	 97913	 2	 Protocol_Missing: 0	 0.0	 0.0	 2074.829166666666	 853.7666666666668	 0.0	 68641.0	 29272.0	 13.0	 
50010	50000	10	 sysNum: 	4999	 MissingNum: 	0	 1822.0708333333323	 59975	 2	 Protocol_Missing: 0	 0.0	 0.0	 1314.0166666666657	 508.05416666666673	 0.0	 42556.0	 17419.0	 13.0	 
50010	50000	10	 sysNum: 	45009	 MissingNum: 	0	 5697.650000000002	 192852	 2	 Protocol_Missing: 0	 0.0	 0.0	 4072.220833333333	 1625.4291666666668	 0.0	 137123.0	 55729.0	 13.0	 
50010	50000	10	 sysNum: 	40008	 MissingNum: 	0	 5570.891666666671	 188314	 2	 Protocol_Missing: 0	 0.0	 0.0	 3967.6583333333315	 1603.2333333333336	 0.0	 133346.0	 54968.0	 14.0	 
50010	50000	10	 sysNum: 	35007	 MissingNum: 	0	 5350.245833333337	 180749	 2	 Protocol_Missing: 0	 0.0	 0.0	 3793.5041666666652	 1556.7416666666666	 0.0	 127375.0	 53374.0	 14.0	 
50010	50000	10	 sysNum: 	30006	 MissingNum: 	0	 5069.720833333336	 171131	 2	 Protocol_Missing: 0	 0.0	 0.0	 3588.258333333332	 1481.4624999999999	 0.0	 120338.0	 50793.0	 14.0	 
50010	50000	10	 sysNum: 	25005	 MissingNum: 	0	 4717.854166666668	 159259	 2	 Protocol_Missing: 0	 0.0	 0.0	 3326.545833333332	 1391.3083333333332	 0.0	 111557.0	 47702.0	 13.0	 
50010	50000	10	 sysNum: 	20004	 MissingNum: 	0	 4272.420833333336	 143987	 2	 Protocol_Missing: 0	 0.0	 0.0	 3002.9708333333324	 1269.4499999999998	 0.0	 100463.0	 43524.0	 13.0	 
50010	50000	10	 sysNum: 	15001	 MissingNum: 	0	 3694.2499999999986	 123972	 2	 Protocol_Missing: 0	 0.0	 0.0	 2599.8291666666655	 1094.4208333333331	 0.0	 86449.0	 37523.0	 14.0	 
50010	50000	10	 sysNum: 	10000	 MissingNum: 	0	 2918.3583333333318	 97178	 2	 Protocol_Missing: 0	 0.0	 0.0	 2071.4749999999995	 846.8833333333331	 0.0	 68142.0	 29036.0	 15.0	 
50010	50000	10	 sysNum: 	4999	 MissingNum: 	0	 1827.5249999999994	 59970	 2	 Protocol_Missing: 0	 0.0	 0.0	 1318.6249999999998	 508.9	 0.0	 42522.0	 17448.0	 14.0	 
50010	50000	10	 sysNum: 	45009	 MissingNum: 	0	 5750.762500000003	 194673	 2	 Protocol_Missing: 0	 0.0	 0.0	 4105.295833333333	 1645.4666666666665	 0.0	 138257.0	 56416.0	 13.0	 
50010	50000	10	 sysNum: 	40008	 MissingNum: 	0	 5587.983333333339	 188708	 2	 Protocol_Missing: 0	 0.0	 0.0	 3977.195833333332	 1610.7874999999997	 0.0	 133481.0	 55227.0	 15.0	 
50010	50000	10	 sysNum: 	35007	 MissingNum: 	0	 5395.89166666667	 182314	 2	 Protocol_Missing: 0	 0.0	 0.0	 3821.2999999999984	 1574.5916666666662	 0.0	 128328.0	 53986.0	 14.0	 
50010	50000	10	 sysNum: 	30006	 MissingNum: 	0	 5066.1041666666715	 171007	 2	 Protocol_Missing: 0	 0.0	 0.0	 3585.9249999999984	 1480.1791666666668	 0.0	 120258.0	 50749.0	 14.0	 
50010	50000	10	 sysNum: 	25005	 MissingNum: 	0	 4763.062500000002	 160425	 2	 Protocol_Missing: 0	 0.0	 0.0	 3362.304166666664	 1400.7583333333332	 0.0	 112399.0	 48026.0	 15.0	 
50010	50000	10	 sysNum: 	20004	 MissingNum: 	0	 4282.0458333333345	 144125	 2	 Protocol_Missing: 0	 0.0	 0.0	 3011.4874999999993	 1270.558333333333	 0.0	 100563.0	 43562.0	 14.0	 
50010	50000	10	 sysNum: 	15001	 MissingNum: 	0	 3669.6624999999985	 123129	 2	 Protocol_Missing: 0	 0.0	 0.0	 2583.0583333333316	 1086.6041666666665	 0.0	 85874.0	 37255.0	 14.0	 
50010	50000	10	 sysNum: 	10000	 MissingNum: 	0	 2920.545833333331	 97253	 2	 Protocol_Missing: 0	 0.0	 0.0	 2073.9249999999997	 846.6208333333334	 0.0	 68226.0	 29027.0	 15.0	 
50010	50000	10	 sysNum: 	4999	 MissingNum: 	0	 1831.0541666666654	 60091	 2	 Protocol_Missing: 0	 0.0	 0.0	 1321.570833333332	 509.4833333333332	 0.0	 42623.0	 17468.0	 14.0	 
50010	50000	10	 sysNum: 	45009	 MissingNum: 	0	 5705.408333333335	 193118	 2	 Protocol_Missing: 0	 0.0	 0.0	 4073.4749999999985	 1631.9333333333332	 0.0	 137166.0	 55952.0	 13.0	 
50010	50000	10	 sysNum: 	40008	 MissingNum: 	0	 5607.933333333339	 189584	 2	 Protocol_Missing: 0	 0.0	 0.0	 3989.8541666666647	 1618.0791666666667	 0.0	 134107.0	 55477.0	 14.0	 
50010	50000	10	 sysNum: 	35007	 MissingNum: 	0	 5370.516666666668	 181636	 2	 Protocol_Missing: 0	 0.0	 0.0	 3804.0041666666657	 1566.5125	 0.0	 127927.0	 53709.0	 13.0	 
50010	50000	10	 sysNum: 	30006	 MissingNum: 	0	 5034.370833333337	 170111	 2	 Protocol_Missing: 0	 0.0	 0.0	 3559.6749999999984	 1474.6958333333332	 0.0	 119550.0	 50561.0	 13.0	 
50010	50000	10	 sysNum: 	25005	 MissingNum: 	0	 4715.695833333337	 158993	 2	 Protocol_Missing: 0	 0.0	 0.0	 3329.754166666665	 1385.9416666666664	 0.0	 111475.0	 47518.0	 14.0	 
50010	50000	10	 sysNum: 	20004	 MissingNum: 	0	 4246.695833333337	 143105	 2	 Protocol_Missing: 0	 0.0	 0.0	 2986.0541666666654	 1260.6416666666667	 0.0	 99883.0	 43222.0	 13.0	 
50010	50000	10	 sysNum: 	15001	 MissingNum: 	0	 3677.654166666666	 123595	 2	 Protocol_Missing: 0	 0.0	 0.0	 2586.7333333333318	 1090.920833333333	 0.0	 86192.0	 37403.0	 13.0	 
50010	50000	10	 sysNum: 	10000	 MissingNum: 	0	 2935.2749999999987	 97950	 2	 Protocol_Missing: 0	 0.0	 0.0	 2082.8791666666652	 852.3958333333334	 0.0	 68725.0	 29225.0	 14.0	 
50010	50000	10	 sysNum: 	4999	 MissingNum: 	0	 1865.412499999999	 61077	 2	 Protocol_Missing: 0	 0.0	 0.0	 1346.829166666666	 518.5833333333334	 0.0	 43297.0	 17780.0	 15.0	 
50010	50000	10	 sysNum: 	45009	 MissingNum: 	0	 5726.612500000005	 193653	 2	 Protocol_Missing: 0	 0.0	 0.0	 4091.966666666665	 1634.645833333333	 0.0	 137608.0	 56045.0	 14.0	 
50010	50000	10	 sysNum: 	40008	 MissingNum: 	0	 5624.062500000004	 190137	 2	 Protocol_Missing: 0	 0.0	 0.0	 3999.799999999999	 1624.2624999999998	 0.0	 134448.0	 55689.0	 14.0	 
50010	50000	10	 sysNum: 	35007	 MissingNum: 	0	 5374.658333333337	 181778	 2	 Protocol_Missing: 0	 0.0	 0.0	 3807.3583333333313	 1567.3	 0.0	 128042.0	 53736.0	 13.0	 
50010	50000	10	 sysNum: 	30006	 MissingNum: 	0	 5110.408333333336	 172334	 2	 Protocol_Missing: 0	 0.0	 0.0	 3612.758333333332	 1497.6499999999996	 0.0	 120986.0	 51348.0	 15.0	 
50010	50000	10	 sysNum: 	25005	 MissingNum: 	0	 4736.22916666667	 159505	 2	 Protocol_Missing: 0	 0.0	 0.0	 3338.9416666666652	 1397.2874999999997	 0.0	 111598.0	 47907.0	 15.0	 
50010	50000	10	 sysNum: 	20004	 MissingNum: 	0	 4223.216666666667	 142300	 2	 Protocol_Missing: 0	 0.0	 0.0	 2971.441666666665	 1251.7749999999999	 0.0	 99382.0	 42918.0	 13.0	 
50010	50000	10	 sysNum: 	15001	 MissingNum: 	0	 3671.7624999999985	 123201	 2	 Protocol_Missing: 0	 0.0	 0.0	 2584.6041666666656	 1087.1583333333335	 0.0	 85927.0	 37274.0	 14.0	 
50010	50000	10	 sysNum: 	10000	 MissingNum: 	0	 2914.2749999999996	 97422	 2	 Protocol_Missing: 0	 0.0	 0.0	 2063.599999999999	 850.6749999999998	 0.0	 68256.0	 29166.0	 13.0	 
50010	50000	10	 sysNum: 	4999	 MissingNum: 	0	 1843.6833333333325	 60524	 2	 Protocol_Missing: 0	 0.0	 0.0	 1329.066666666666	 514.6166666666667	 0.0	 42880.0	 17644.0	 14.0	 
50010	50000	10	 sysNum: 	45009	 MissingNum: 	0	 5701.150000000003	 192972	 2	 Protocol_Missing: 0	 0.0	 0.0	 4076.5958333333315	 1624.5541666666666	 0.0	 137273.0	 55699.0	 13.0	 
50010	50000	10	 sysNum: 	40008	 MissingNum: 	0	 5590.66666666667	 188992	 2	 Protocol_Missing: 0	 0.0	 0.0	 3982.2999999999984	 1608.3666666666663	 0.0	 133848.0	 55144.0	 14.0	 
50010	50000	10	 sysNum: 	35007	 MissingNum: 	0	 5404.641666666668	 182422	 2	 Protocol_Missing: 0	 0.0	 0.0	 3831.3916666666646	 1573.2500000000007	 0.0	 128482.0	 53940.0	 15.0	 
50010	50000	10	 sysNum: 	30006	 MissingNum: 	0	 5103.933333333334	 172496	 2	 Protocol_Missing: 0	 0.0	 0.0	 3605.991666666665	 1497.9416666666666	 0.0	 121138.0	 51358.0	 13.0	 
50010	50000	10	 sysNum: 	25005	 MissingNum: 	0	 4728.850000000001	 159636	 2	 Protocol_Missing: 0	 0.0	 0.0	 3331.037499999998	 1397.8125	 0.0	 111711.0	 47925.0	 13.0	 
50010	50000	10	 sysNum: 	20004	 MissingNum: 	0	 4258.216666666667	 143116	 2	 Protocol_Missing: 0	 0.0	 0.0	 3001.9208333333318	 1256.2958333333333	 0.0	 100043.0	 43073.0	 15.0	 
50010	50000	10	 sysNum: 	15001	 MissingNum: 	0	 3653.6791666666654	 122773	 2	 Protocol_Missing: 0	 0.0	 0.0	 2572.529166666666	 1081.15	 0.0	 85705.0	 37068.0	 13.0	 
50010	50000	10	 sysNum: 	10000	 MissingNum: 	0	 2926.291666666666	 97642	 2	 Protocol_Missing: 0	 0.0	 0.0	 2078.3874999999994	 847.9041666666664	 0.0	 68571.0	 29071.0	 14.0	 
50010	50000	10	 sysNum: 	4999	 MissingNum: 	0	 1830.733333333332	 60080	 2	 Protocol_Missing: 0	 0.0	 0.0	 1321.5416666666656	 509.19166666666655	 0.0	 42622.0	 17458.0	 14.0	 
50010	50000	10	 sysNum: 	45009	 MissingNum: 	0	 5745.97916666667	 194509	 2	 Protocol_Missing: 0	 0.0	 0.0	 4098.879166666665	 1647.0999999999997	 0.0	 138037.0	 56472.0	 13.0	 
50010	50000	10	 sysNum: 	40008	 MissingNum: 	0	 5572.233333333336	 188552	 2	 Protocol_Missing: 0	 0.0	 0.0	 3962.0583333333325	 1610.1749999999997	 0.0	 133346.0	 55206.0	 13.0	 
50010	50000	10	 sysNum: 	35007	 MissingNum: 	0	 5386.470833333337	 181991	 2	 Protocol_Missing: 0	 0.0	 0.0	 3820.862499999998	 1565.6083333333338	 0.0	 128313.0	 53678.0	 14.0	 
50010	50000	10	 sysNum: 	30006	 MissingNum: 	0	 5106.500000000004	 172392	 2	 Protocol_Missing: 0	 0.0	 0.0	 3609.520833333331	 1496.9791666666672	 0.0	 121067.0	 51325.0	 14.0	 
50010	50000	10	 sysNum: 	25005	 MissingNum: 	0	 4745.2416666666695	 160198	 2	 Protocol_Missing: 0	 0.0	 0.0	 3344.395833333332	 1400.8458333333333	 0.0	 112169.0	 48029.0	 13.0	 
50010	50000	10	 sysNum: 	20004	 MissingNum: 	0	 4276.854166666669	 143755	 2	 Protocol_Missing: 0	 0.0	 0.0	 3012.887499999998	 1263.966666666667	 0.0	 100419.0	 43336.0	 15.0	 
50010	50000	10	 sysNum: 	15001	 MissingNum: 	0	 3690.341666666666	 123838	 2	 Protocol_Missing: 0	 0.0	 0.0	 2597.145833333332	 1093.1958333333332	 0.0	 86357.0	 37481.0	 14.0	 
50010	50000	10	 sysNum: 	10000	 MissingNum: 	0	 2902.4041666666662	 96631	 2	 Protocol_Missing: 0	 0.0	 0.0	 2061.674999999999	 840.7291666666666	 0.0	 67806.0	 28825.0	 15.0	 
50010	50000	10	 sysNum: 	4999	 MissingNum: 	0	 1845.3166666666652	 60580	 2	 Protocol_Missing: 0	 0.0	 0.0	 1331.3124999999993	 514.0041666666666	 0.0	 42957.0	 17623.0	 14.0	 
50010	50000	10	 sysNum: 	45009	 MissingNum: 	0	 5721.537500000002	 193671	 2	 Protocol_Missing: 0	 0.0	 0.0	 4086.454166666665	 1635.0833333333335	 0.0	 137611.0	 56060.0	 13.0	 
50010	50000	10	 sysNum: 	40008	 MissingNum: 	0	 5599.475000000003	 189294	 2	 Protocol_Missing: 0	 0.0	 0.0	 3984.4291666666645	 1615.0458333333333	 0.0	 133921.0	 55373.0	 14.0	 
50010	50000	10	 sysNum: 	35007	 MissingNum: 	0	 5343.391666666668	 180322	 2	 Protocol_Missing: 0	 0.0	 0.0	 3794.466666666666	 1548.9249999999995	 0.0	 127216.0	 53106.0	 15.0	 
50010	50000	10	 sysNum: 	30006	 MissingNum: 	0	 5115.600000000001	 172704	 2	 Protocol_Missing: 0	 0.0	 0.0	 3615.179166666665	 1500.4208333333336	 0.0	 121261.0	 51443.0	 14.0	 
50010	50000	10	 sysNum: 	25005	 MissingNum: 	0	 4685.8583333333345	 158162	 2	 Protocol_Missing: 0	 0.0	 0.0	 3303.154166666665	 1382.7041666666669	 0.0	 110755.0	 47407.0	 13.0	 
50010	50000	10	 sysNum: 	20004	 MissingNum: 	0	 4286.304166666667	 144271	 2	 Protocol_Missing: 0	 0.0	 0.0	 3017.2041666666646	 1269.0999999999997	 0.0	 100759.0	 43512.0	 14.0	 
50010	50000	10	 sysNum: 	15001	 MissingNum: 	0	 3706.2083333333326	 124574	 2	 Protocol_Missing: 0	 0.0	 0.0	 2606.712499999999	 1099.4958333333332	 0.0	 86877.0	 37697.0	 13.0	 
50010	50000	10	 sysNum: 	10000	 MissingNum: 	0	 2937.7833333333324	 98036	 2	 Protocol_Missing: 0	 0.0	 0.0	 2085.474999999999	 852.3083333333334	 0.0	 68814.0	 29222.0	 14.0	 
50010	50000	10	 sysNum: 	4999	 MissingNum: 	0	 1850.187499999999	 60747	 2	 Protocol_Missing: 0	 0.0	 0.0	 1335.6583333333328	 514.5291666666667	 0.0	 43106.0	 17641.0	 14.0	 
50010	50000	10	 sysNum: 	45009	 MissingNum: 	0	 5722.558333333336	 193706	 2	 Protocol_Missing: 0	 0.0	 0.0	 4086.541666666666	 1636.0166666666664	 0.0	 137614.0	 56092.0	 13.0	 
50010	50000	10	 sysNum: 	40008	 MissingNum: 	0	 5592.183333333335	 188852	 2	 Protocol_Missing: 0	 0.0	 0.0	 3978.8583333333318	 1613.325	 0.0	 133538.0	 55314.0	 15.0	 
50010	50000	10	 sysNum: 	35007	 MissingNum: 	0	 5366.287500000004	 181299	 2	 Protocol_Missing: 0	 0.0	 0.0	 3804.324999999999	 1561.9625000000003	 0.0	 127746.0	 53553.0	 14.0	 
50010	50000	10	 sysNum: 	30006	 MissingNum: 	0	 5125.020833333337	 172643	 2	 Protocol_Missing: 0	 0.0	 0.0	 3627.195833333332	 1497.825	 0.0	 121289.0	 51354.0	 16.0	 
50010	50000	10	 sysNum: 	25005	 MissingNum: 	0	 4738.912500000003	 159789	 2	 Protocol_Missing: 0	 0.0	 0.0	 3343.812499999998	 1395.0999999999997	 0.0	 111957.0	 47832.0	 14.0	 
50010	50000	10	 sysNum: 	20004	 MissingNum: 	0	 4275.862500000003	 143913	 2	 Protocol_Missing: 0	 0.0	 0.0	 3009.9416666666652	 1265.920833333333	 0.0	 100510.0	 43403.0	 14.0	 
50010	50000	10	 sysNum: 	15001	 MissingNum: 	0	 3705.7124999999996	 124365	 2	 Protocol_Missing: 0	 0.0	 0.0	 2606.6833333333325	 1099.0291666666665	 0.0	 86684.0	 37681.0	 14.0	 
50010	50000	10	 sysNum: 	10000	 MissingNum: 	0	 2897.8833333333323	 96860	 2	 Protocol_Missing: 0	 0.0	 0.0	 2054.7624999999994	 843.1208333333333	 0.0	 67953.0	 28907.0	 13.0	 
50010	50000	10	 sysNum: 	4999	 MissingNum: 	0	 1849.6333333333325	 60728	 2	 Protocol_Missing: 0	 0.0	 0.0	 1332.9166666666658	 516.7166666666667	 0.0	 43012.0	 17716.0	 14.0	 
50010	50000	10	 sysNum: 	45009	 MissingNum: 	0	 5734.341666666669	 193918	 2	 Protocol_Missing: 0	 0.0	 0.0	 4094.9416666666657	 1639.3999999999999	 0.0	 137710.0	 56208.0	 14.0	 
50010	50000	10	 sysNum: 	40008	 MissingNum: 	0	 5626.133333333336	 190208	 2	 Protocol_Missing: 0	 0.0	 0.0	 4000.8499999999985	 1625.283333333333	 0.0	 134484.0	 55724.0	 14.0	 
50010	50000	10	 sysNum: 	35007	 MissingNum: 	0	 5388.745833333336	 182069	 2	 Protocol_Missing: 0	 0.0	 0.0	 3818.4708333333315	 1570.2749999999996	 0.0	 128231.0	 53838.0	 14.0	 
50010	50000	10	 sysNum: 	30006	 MissingNum: 	0	 5080.716666666671	 171700	 2	 Protocol_Missing: 0	 0.0	 0.0	 3590.795833333332	 1489.920833333333	 0.0	 120617.0	 51083.0	 13.0	 
50010	50000	10	 sysNum: 	25005	 MissingNum: 	0	 4724.562500000004	 159489	 2	 Protocol_Missing: 0	 0.0	 0.0	 3330.3666666666654	 1394.1958333333334	 0.0	 111688.0	 47801.0	 13.0	 
50010	50000	10	 sysNum: 	20004	 MissingNum: 	0	 4284.495833333335	 144209	 2	 Protocol_Missing: 0	 0.0	 0.0	 3015.658333333332	 1268.8374999999996	 0.0	 100706.0	 43503.0	 14.0	 
50010	50000	10	 sysNum: 	15001	 MissingNum: 	0	 3678.2666666666655	 123424	 2	 Protocol_Missing: 0	 0.0	 0.0	 2590.5833333333317	 1087.6833333333332	 0.0	 86132.0	 37292.0	 14.0	 
50010	50000	10	 sysNum: 	10000	 MissingNum: 	0	 2925.3583333333318	 97610	 2	 Protocol_Missing: 0	 0.0	 0.0	 2075.5291666666653	 849.8291666666667	 0.0	 68473.0	 29137.0	 14.0	 
50010	50000	10	 sysNum: 	4999	 MissingNum: 	0	 1839.3958333333326	 60569	 2	 Protocol_Missing: 0	 0.0	 0.0	 1323.5249999999996	 515.8708333333332	 0.0	 42882.0	 17687.0	 13.0	 
50010	50000	10	 sysNum: 	45009	 MissingNum: 	0	 5733.641666666669	 193894	 2	 Protocol_Missing: 0	 0.0	 0.0	 4094.358333333332	 1639.2833333333335	 0.0	 137690.0	 56204.0	 14.0	 
50010	50000	10	 sysNum: 	40008	 MissingNum: 	0	 5596.383333333336	 189188	 2	 Protocol_Missing: 0	 0.0	 0.0	 3980.549999999998	 1615.8333333333333	 0.0	 133788.0	 55400.0	 14.0	 
50010	50000	10	 sysNum: 	35007	 MissingNum: 	0	 5390.933333333337	 182144	 2	 Protocol_Missing: 0	 0.0	 0.0	 3820.8624999999993	 1570.0708333333332	 0.0	 128313.0	 53831.0	 14.0	 
50010	50000	10	 sysNum: 	30006	 MissingNum: 	0	 5086.433333333337	 171704	 2	 Protocol_Missing: 0	 0.0	 0.0	 3598.0874999999987	 1488.345833333333	 0.0	 120675.0	 51029.0	 14.0	 
50010	50000	10	 sysNum: 	25005	 MissingNum: 	0	 4695.541666666668	 158494	 2	 Protocol_Missing: 0	 0.0	 0.0	 3311.1458333333317	 1384.3958333333333	 0.0	 111029.0	 47465.0	 13.0	 
50010	50000	10	 sysNum: 	20004	 MissingNum: 	0	 4271.720833333336	 143771	 2	 Protocol_Missing: 0	 0.0	 0.0	 3008.424999999999	 1263.2958333333331	 0.0	 100458.0	 43313.0	 14.0	 
50010	50000	10	 sysNum: 	15001	 MissingNum: 	0	 3672.9291666666654	 123241	 2	 Protocol_Missing: 0	 0.0	 0.0	 2586.0916666666653	 1086.8374999999996	 0.0	 85978.0	 37263.0	 14.0	 
50010	50000	10	 sysNum: 	10000	 MissingNum: 	0	 2919.0583333333325	 97394	 2	 Protocol_Missing: 0	 0.0	 0.0	 2073.137499999999	 845.9208333333333	 0.0	 68391.0	 29003.0	 14.0	 
50010	50000	10	 sysNum: 	4999	 MissingNum: 	0	 1870.7499999999993	 61260	 2	 Protocol_Missing: 0	 0.0	 0.0	 1353.0999999999992	 517.65	 0.0	 43512.0	 17748.0	 15.0	 
50010	50000	10	 sysNum: 	45009	 MissingNum: 	0	 5742.333333333337	 194000	 2	 Protocol_Missing: 0	 0.0	 0.0	 4106.170833333332	 1636.1625	 0.0	 137903.0	 56097.0	 15.0	 
50010	50000	10	 sysNum: 	40008	 MissingNum: 	0	 5576.083333333336	 188492	 2	 Protocol_Missing: 0	 0.0	 0.0	 3971.3041666666654	 1604.7791666666662	 0.0	 133471.0	 55021.0	 14.0	 
50010	50000	10	 sysNum: 	35007	 MissingNum: 	0	 5380.22916666667	 181585	 2	 Protocol_Missing: 0	 0.0	 0.0	 3814.329166666665	 1565.8999999999999	 0.0	 127897.0	 53688.0	 15.0	 
50010	50000	10	 sysNum: 	30006	 MissingNum: 	0	 5106.79166666667	 172210	 2	 Protocol_Missing: 0	 0.0	 0.0	 3613.749999999999	 1493.0416666666667	 0.0	 121020.0	 51190.0	 15.0	 
50010	50000	10	 sysNum: 	25005	 MissingNum: 	0	 4698.720833333335	 158411	 2	 Protocol_Missing: 0	 0.0	 0.0	 3313.624999999998	 1385.0958333333333	 0.0	 110922.0	 47489.0	 14.0	 
50010	50000	10	 sysNum: 	20004	 MissingNum: 	0	 4259.383333333337	 143540	 2	 Protocol_Missing: 0	 0.0	 0.0	 2995.358333333332	 1264.0249999999996	 0.0	 100202.0	 43338.0	 13.0	 
50010	50000	10	 sysNum: 	15001	 MissingNum: 	0	 3664.8208333333328	 123155	 2	 Protocol_Missing: 0	 0.0	 0.0	 2577.9541666666655	 1086.8666666666666	 0.0	 85891.0	 37264.0	 13.0	 
50010	50000	10	 sysNum: 	10000	 MissingNum: 	0	 2922.616666666665	 97516	 2	 Protocol_Missing: 0	 0.0	 0.0	 2071.7958333333327	 850.8208333333332	 0.0	 68345.0	 29171.0	 14.0	 
50010	50000	10	 sysNum: 	4999	 MissingNum: 	0	 1849.866666666666	 60736	 2	 Protocol_Missing: 0	 0.0	 0.0	 1333.354166666666	 516.5125	 0.0	 43027.0	 17709.0	 14.0	 
50010	50000	10	 sysNum: 	45009	 MissingNum: 	0	 5717.570833333338	 193343	 2	 Protocol_Missing: 0	 0.0	 0.0	 4085.724999999999	 1631.8458333333333	 0.0	 137394.0	 55949.0	 14.0	 
50010	50000	10	 sysNum: 	40008	 MissingNum: 	0	 5562.695833333338	 188225	 2	 Protocol_Missing: 0	 0.0	 0.0	 3958.5291666666653	 1604.1666666666665	 0.0	 133225.0	 55000.0	 13.0	 
50010	50000	10	 sysNum: 	35007	 MissingNum: 	0	 5398.662500000003	 182409	 2	 Protocol_Missing: 0	 0.0	 0.0	 3826.4624999999987	 1572.1999999999998	 0.0	 128505.0	 53904.0	 14.0	 
50010	50000	10	 sysNum: 	30006	 MissingNum: 	0	 5104.69166666667	 172522	 2	 Protocol_Missing: 0	 0.0	 0.0	 3603.045833333332	 1501.6458333333333	 0.0	 121037.0	 51485.0	 13.0	 
50010	50000	10	 sysNum: 	25005	 MissingNum: 	0	 4744.075000000002	 159966	 2	 Protocol_Missing: 0	 0.0	 0.0	 3341.741666666666	 1402.3333333333335	 0.0	 111886.0	 48080.0	 14.0	 
50010	50000	10	 sysNum: 	20004	 MissingNum: 	0	 4268.3375000000015	 143655	 2	 Protocol_Missing: 0	 0.0	 0.0	 3002.2124999999983	 1266.1249999999995	 0.0	 100245.0	 43410.0	 14.0	 
50010	50000	10	 sysNum: 	15001	 MissingNum: 	0	 3703.874999999998	 124302	 2	 Protocol_Missing: 0	 0.0	 0.0	 2603.5916666666644	 1100.283333333333	 0.0	 86578.0	 37724.0	 14.0	 
50010	50000	10	 sysNum: 	10000	 MissingNum: 	0	 2918.5333333333333	 97184	 2	 Protocol_Missing: 0	 0.0	 0.0	 2071.795833333332	 846.7375000000001	 0.0	 68153.0	 29031.0	 15.0	 
50010	50000	10	 sysNum: 	4999	 MissingNum: 	0	 1847.9708333333324	 60479	 2	 Protocol_Missing: 0	 0.0	 0.0	 1336.037499999999	 511.93333333333334	 0.0	 42927.0	 17552.0	 15.0	 
50010	50000	10	 sysNum: 	45009	 MissingNum: 	0	 5716.870833333335	 193511	 2	 Protocol_Missing: 0	 0.0	 0.0	 4086.862499999999	 1630.0083333333334	 0.0	 137625.0	 55886.0	 13.0	 
50010	50000	10	 sysNum: 	40008	 MissingNum: 	0	 5587.837500000002	 189087	 2	 Protocol_Missing: 0	 0.0	 0.0	 3971.7708333333317	 1616.0666666666664	 0.0	 133679.0	 55408.0	 13.0	 
50010	50000	10	 sysNum: 	35007	 MissingNum: 	0	 5341.816666666671	 180652	 2	 Protocol_Missing: 0	 0.0	 0.0	 3788.5166666666646	 1553.3	 0.0	 127396.0	 53256.0	 13.0	 
50010	50000	10	 sysNum: 	30006	 MissingNum: 	0	 5088.591666666669	 171778	 2	 Protocol_Missing: 0	 0.0	 0.0	 3600.1874999999986	 1488.4041666666665	 0.0	 120747.0	 51031.0	 14.0	 
50010	50000	10	 sysNum: 	25005	 MissingNum: 	0	 4719.225000000002	 159114	 2	 Protocol_Missing: 0	 0.0	 0.0	 3330.891666666665	 1388.3333333333328	 0.0	 111514.0	 47600.0	 14.0	 
50010	50000	10	 sysNum: 	20004	 MissingNum: 	0	 4237.8583333333345	 142802	 2	 Protocol_Missing: 0	 0.0	 0.0	 2979.287499999999	 1258.5708333333332	 0.0	 99651.0	 43151.0	 13.0	 
50010	50000	10	 sysNum: 	15001	 MissingNum: 	0	 3686.0833333333303	 123692	 2	 Protocol_Missing: 0	 0.0	 0.0	 2592.1874999999986	 1093.8958333333335	 0.0	 86187.0	 37505.0	 14.0	 
50010	50000	10	 sysNum: 	10000	 MissingNum: 	0	 2901.8208333333323	 96803	 2	 Protocol_Missing: 0	 0.0	 0.0	 2056.8333333333326	 844.9874999999998	 0.0	 67832.0	 28971.0	 14.0	 
50010	50000	10	 sysNum: 	4999	 MissingNum: 	0	 1832.9791666666658	 60157	 2	 Protocol_Missing: 0	 0.0	 0.0	 1321.716666666666	 511.26249999999993	 0.0	 42628.0	 17529.0	 14.0	 
50010	50000	10	 sysNum: 	45009	 MissingNum: 	0	 5699.429166666669	 192913	 2	 Protocol_Missing: 0	 0.0	 0.0	 4068.1083333333318	 1631.3208333333334	 0.0	 136982.0	 55931.0	 13.0	 
50010	50000	10	 sysNum: 	40008	 MissingNum: 	0	 5577.250000000006	 188532	 2	 Protocol_Missing: 0	 0.0	 0.0	 3971.8291666666646	 1605.4208333333333	 0.0	 133489.0	 55043.0	 14.0	 
50010	50000	10	 sysNum: 	35007	 MissingNum: 	0	 5379.733333333337	 181568	 2	 Protocol_Missing: 0	 0.0	 0.0	 3814.9708333333315	 1564.7624999999998	 0.0	 127919.0	 53649.0	 15.0	 
50010	50000	10	 sysNum: 	30006	 MissingNum: 	0	 5095.24166666667	 172198	 2	 Protocol_Missing: 0	 0.0	 0.0	 3603.308333333332	 1491.9333333333334	 0.0	 121046.0	 51152.0	 13.0	 
50010	50000	10	 sysNum: 	25005	 MissingNum: 	0	 4738.620833333337	 159779	 2	 Protocol_Missing: 0	 0.0	 0.0	 3339.7291666666647	 1398.8916666666669	 0.0	 111817.0	 47962.0	 14.0	 
50010	50000	10	 sysNum: 	20004	 MissingNum: 	0	 4283.270833333335	 144167	 2	 Protocol_Missing: 0	 0.0	 0.0	 3015.5708333333314	 1267.6999999999998	 0.0	 100703.0	 43464.0	 14.0	 
50010	50000	10	 sysNum: 	15001	 MissingNum: 	0	 3708.133333333332	 124448	 2	 Protocol_Missing: 0	 0.0	 0.0	 2609.279166666665	 1098.8541666666665	 0.0	 86773.0	 37675.0	 14.0	 
50010	50000	10	 sysNum: 	10000	 MissingNum: 	0	 2899.8374999999987	 96735	 2	 Protocol_Missing: 0	 0.0	 0.0	 2060.449999999999	 839.3874999999998	 0.0	 67956.0	 28779.0	 14.0	 
50010	50000	10	 sysNum: 	4999	 MissingNum: 	0	 1828.4583333333326	 60194	 2	 Protocol_Missing: 0	 0.0	 0.0	 1314.979166666666	 513.4791666666667	 0.0	 42589.0	 17605.0	 13.0	 
50010	50000	10	 sysNum: 	45009	 MissingNum: 	0	 5720.312500000005	 193629	 2	 Protocol_Missing: 0	 0.0	 0.0	 4083.741666666665	 1636.5708333333334	 0.0	 137518.0	 56111.0	 13.0	 
50010	50000	10	 sysNum: 	40008	 MissingNum: 	0	 5572.758333333336	 188378	 2	 Protocol_Missing: 0	 0.0	 0.0	 3964.362499999999	 1608.395833333333	 0.0	 133233.0	 55145.0	 14.0	 
50010	50000	10	 sysNum: 	35007	 MissingNum: 	0	 5389.008333333337	 182078	 2	 Protocol_Missing: 0	 0.0	 0.0	 3818.295833333332	 1570.7125	 0.0	 128225.0	 53853.0	 14.0	 
50010	50000	10	 sysNum: 	30006	 MissingNum: 	0	 5085.179166666669	 171853	 2	 Protocol_Missing: 0	 0.0	 0.0	 3593.0708333333328	 1492.1083333333336	 0.0	 120695.0	 51158.0	 13.0	 
50010	50000	10	 sysNum: 	25005	 MissingNum: 	0	 4734.245833333336	 159821	 2	 Protocol_Missing: 0	 0.0	 0.0	 3334.362499999999	 1399.883333333333	 0.0	 111825.0	 47996.0	 13.0	 
50010	50000	10	 sysNum: 	20004	 MissingNum: 	0	 4276.650000000002	 143940	 2	 Protocol_Missing: 0	 0.0	 0.0	 3013.237499999999	 1263.4124999999997	 0.0	 100623.0	 43317.0	 14.0	 
50010	50000	10	 sysNum: 	15001	 MissingNum: 	0	 3690.0791666666655	 123829	 2	 Protocol_Missing: 0	 0.0	 0.0	 2597.991666666665	 1092.0874999999999	 0.0	 86386.0	 37443.0	 14.0	 
50010	50000	10	 sysNum: 	10000	 MissingNum: 	0	 2932.9416666666657	 97870	 2	 Protocol_Missing: 0	 0.0	 0.0	 2081.8874999999994	 851.0541666666668	 0.0	 68691.0	 29179.0	 14.0	 
50010	50000	10	 sysNum: 	4999	 MissingNum: 	0	 1831.345833333332	 59909	 2	 Protocol_Missing: 0	 0.0	 0.0	 1323.4083333333324	 507.9375	 0.0	 42494.0	 17415.0	 15.0	 
50010	50000	10	 sysNum: 	45009	 MissingNum: 	0	 5729.441666666669	 193942	 2	 Protocol_Missing: 0	 0.0	 0.0	 4088.729166666665	 1640.7124999999999	 0.0	 137689.0	 56253.0	 13.0	 
50010	50000	10	 sysNum: 	40008	 MissingNum: 	0	 5602.945833333337	 189413	 2	 Protocol_Missing: 0	 0.0	 0.0	 3982.533333333332	 1620.4124999999997	 0.0	 133856.0	 55557.0	 14.0	 
50010	50000	10	 sysNum: 	35007	 MissingNum: 	0	 5379.616666666672	 181756	 2	 Protocol_Missing: 0	 0.0	 0.0	 3811.791666666665	 1567.8249999999998	 0.0	 128002.0	 53754.0	 14.0	 
50010	50000	10	 sysNum: 	30006	 MissingNum: 	0	 5068.758333333338	 171098	 2	 Protocol_Missing: 0	 0.0	 0.0	 3586.0999999999976	 1482.658333333333	 0.0	 120264.0	 50834.0	 14.0	 
50010	50000	10	 sysNum: 	25005	 MissingNum: 	0	 4725.20416666667	 159319	 2	 Protocol_Missing: 0	 0.0	 0.0	 3333.7791666666653	 1391.4250000000002	 0.0	 111613.0	 47706.0	 14.0	 
50010	50000	10	 sysNum: 	20004	 MissingNum: 	0	 4277.758333333335	 144170	 2	 Protocol_Missing: 0	 0.0	 0.0	 3011.0791666666664	 1266.6791666666668	 0.0	 100741.0	 43429.0	 13.0	 
50010	50000	10	 sysNum: 	15001	 MissingNum: 	0	 3671.674999999998	 123198	 2	 Protocol_Missing: 0	 0.0	 0.0	 2585.0999999999985	 1086.5750000000003	 0.0	 85944.0	 37254.0	 14.0	 
50010	50000	10	 sysNum: 	10000	 MissingNum: 	0	 2953.2416666666654	 98566	 2	 Protocol_Missing: 0	 0.0	 0.0	 2096.6458333333326	 856.5958333333331	 0.0	 69197.0	 29369.0	 14.0	 
50010	50000	10	 sysNum: 	4999	 MissingNum: 	0	 1840.1833333333323	 60404	 2	 Protocol_Missing: 0	 0.0	 0.0	 1328.687499999999	 511.4958333333332	 0.0	 42867.0	 17537.0	 14.0	 
50010	50000	10	 sysNum: 	45009	 MissingNum: 	0	 5725.445833333338	 193805	 2	 Protocol_Missing: 0	 0.0	 0.0	 4087.3583333333318	 1638.0875	 0.0	 137642.0	 56163.0	 13.0	 
50010	50000	10	 sysNum: 	40008	 MissingNum: 	0	 5590.141666666672	 188974	 2	 Protocol_Missing: 0	 0.0	 0.0	 3973.6083333333318	 1616.533333333333	 0.0	 133550.0	 55424.0	 14.0	 
50010	50000	10	 sysNum: 	35007	 MissingNum: 	0	 5365.616666666669	 181276	 2	 Protocol_Missing: 0	 0.0	 0.0	 3802.3416666666644	 1563.2749999999996	 0.0	 127678.0	 53598.0	 14.0	 
50010	50000	10	 sysNum: 	30006	 MissingNum: 	0	 5130.562500000003	 173217	 2	 Protocol_Missing: 0	 0.0	 0.0	 3627.0208333333326	 1503.541666666667	 0.0	 121667.0	 51550.0	 14.0	 
50010	50000	10	 sysNum: 	25005	 MissingNum: 	0	 4742.820833333337	 159923	 2	 Protocol_Missing: 0	 0.0	 0.0	 3342.120833333332	 1400.6999999999998	 0.0	 111899.0	 48024.0	 14.0	 
50010	50000	10	 sysNum: 	20004	 MissingNum: 	0	 4262.241666666668	 143638	 2	 Protocol_Missing: 0	 0.0	 0.0	 2998.6249999999986	 1263.6166666666668	 0.0	 100314.0	 43324.0	 13.0	 
50010	50000	10	 sysNum: 	15001	 MissingNum: 	0	 3657.237499999998	 122703	 2	 Protocol_Missing: 0	 0.0	 0.0	 2575.1249999999986	 1082.1125	 0.0	 85602.0	 37101.0	 14.0	 
50010	50000	10	 sysNum: 	10000	 MissingNum: 	0	 2958.929166666666	 98569	 2	 Protocol_Missing: 0	 0.0	 0.0	 2101.516666666666	 857.4125	 0.0	 69172.0	 29397.0	 15.0	 
50010	50000	10	 sysNum: 	4999	 MissingNum: 	0	 1847.0958333333324	 60449	 2	 Protocol_Missing: 0	 0.0	 0.0	 1333.3249999999994	 513.7708333333333	 0.0	 42834.0	 17615.0	 15.0	 
50010	50000	10	 sysNum: 	45009	 MissingNum: 	0	 5719.729166666669	 193609	 2	 Protocol_Missing: 0	 0.0	 0.0	 4085.3749999999995	 1634.3541666666663	 0.0	 137574.0	 56035.0	 13.0	 
50010	50000	10	 sysNum: 	40008	 MissingNum: 	0	 5576.05416666667	 188491	 2	 Protocol_Missing: 0	 0.0	 0.0	 3967.0458333333318	 1609.008333333333	 0.0	 133325.0	 55166.0	 14.0	 
50010	50000	10	 sysNum: 	35007	 MissingNum: 	0	 5351.470833333337	 180791	 2	 Protocol_Missing: 0	 0.0	 0.0	 3797.237499999998	 1554.233333333333	 0.0	 127503.0	 53288.0	 14.0	 
50010	50000	10	 sysNum: 	30006	 MissingNum: 	0	 5069.691666666671	 171130	 2	 Protocol_Missing: 0	 0.0	 0.0	 3584.4083333333324	 1485.2833333333335	 0.0	 120206.0	 50924.0	 14.0	 
50010	50000	10	 sysNum: 	25005	 MissingNum: 	0	 4748.362500000003	 160305	 2	 Protocol_Missing: 0	 0.0	 0.0	 3345.7083333333317	 1402.6541666666665	 0.0	 112214.0	 48091.0	 13.0	 
50010	50000	10	 sysNum: 	20004	 MissingNum: 	0	 4274.958333333334	 144074	 2	 Protocol_Missing: 0	 0.0	 0.0	 3007.404166666665	 1267.5541666666666	 0.0	 100615.0	 43459.0	 13.0	 
50010	50000	10	 sysNum: 	15001	 MissingNum: 	0	 3689.495833333332	 123809	 2	 Protocol_Missing: 0	 0.0	 0.0	 2593.0041666666657	 1096.4916666666666	 0.0	 86215.0	 37594.0	 14.0	 
50010	50000	10	 sysNum: 	10000	 MissingNum: 	0	 2923.6666666666656	 97552	 2	 Protocol_Missing: 0	 0.0	 0.0	 2077.512499999999	 846.1541666666664	 0.0	 68541.0	 29011.0	 14.0	 
50010	50000	10	 sysNum: 	4999	 MissingNum: 	0	 1817.6958333333325	 59825	 2	 Protocol_Missing: 0	 0.0	 0.0	 1310.8374999999994	 506.85833333333323	 0.0	 42447.0	 17378.0	 13.0	 
50010	50000	10	 sysNum: 	45009	 MissingNum: 	0	 5726.058333333335	 193826	 2	 Protocol_Missing: 0	 0.0	 0.0	 4093.220833333332	 1632.8375	 0.0	 137843.0	 55983.0	 13.0	 
50010	50000	10	 sysNum: 	40008	 MissingNum: 	0	 5567.187500000005	 188187	 2	 Protocol_Missing: 0	 0.0	 0.0	 3961.3583333333318	 1605.8291666666664	 0.0	 133130.0	 55057.0	 14.0	 
50010	50000	10	 sysNum: 	35007	 MissingNum: 	0	 5364.070833333337	 181415	 2	 Protocol_Missing: 0	 0.0	 0.0	 3805.3166666666652	 1558.7541666666666	 0.0	 127972.0	 53443.0	 13.0	 
50010	50000	10	 sysNum: 	30006	 MissingNum: 	0	 5103.700000000004	 172488	 2	 Protocol_Missing: 0	 0.0	 0.0	 3606.749999999998	 1496.9499999999998	 0.0	 121164.0	 51324.0	 13.0	 
50010	50000	10	 sysNum: 	25005	 MissingNum: 	0	 4731.475000000003	 159342	 2	 Protocol_Missing: 0	 0.0	 0.0	 3338.3583333333318	 1393.1166666666666	 0.0	 111578.0	 47764.0	 15.0	 
50010	50000	10	 sysNum: 	20004	 MissingNum: 	0	 4254.075000000002	 143166	 2	 Protocol_Missing: 0	 0.0	 0.0	 2994.949999999999	 1259.125	 0.0	 99996.0	 43170.0	 14.0	 
50010	50000	10	 sysNum: 	15001	 MissingNum: 	0	 3699.587499999999	 124347	 2	 Protocol_Missing: 0	 0.0	 0.0	 2601.8708333333325	 1097.7166666666665	 0.0	 86711.0	 37636.0	 13.0	 
50010	50000	10	 sysNum: 	10000	 MissingNum: 	0	 2933.9333333333325	 97904	 2	 Protocol_Missing: 0	 0.0	 0.0	 2080.137499999999	 853.7958333333333	 0.0	 68631.0	 29273.0	 14.0	 
50010	50000	10	 sysNum: 	4999	 MissingNum: 	0	 1850.391666666666	 60754	 2	 Protocol_Missing: 0	 0.0	 0.0	 1335.8041666666657	 514.5874999999999	 0.0	 43111.0	 17643.0	 14.0	 
50010	50000	10	 sysNum: 	45009	 MissingNum: 	0	 5694.295833333336	 192545	 2	 Protocol_Missing: 0	 0.0	 0.0	 4073.912499999999	 1620.3833333333332	 0.0	 136989.0	 55556.0	 14.0	 
50010	50000	10	 sysNum: 	40008	 MissingNum: 	0	 5567.041666666671	 188182	 2	 Protocol_Missing: 0	 0.0	 0.0	 3959.7833333333315	 1607.2583333333332	 0.0	 133076.0	 55106.0	 14.0	 
50010	50000	10	 sysNum: 	35007	 MissingNum: 	0	 5412.6041666666715	 182887	 2	 Protocol_Missing: 0	 0.0	 0.0	 3834.279166666665	 1578.325	 0.0	 128773.0	 54114.0	 14.0	 
50010	50000	10	 sysNum: 	30006	 MissingNum: 	0	 5108.13333333334	 172256	 2	 Protocol_Missing: 0	 0.0	 0.0	 3614.012499999998	 1494.1208333333332	 0.0	 121029.0	 51227.0	 15.0	 
50010	50000	10	 sysNum: 	25005	 MissingNum: 	0	 4719.050000000004	 159108	 2	 Protocol_Missing: 0	 0.0	 0.0	 3331.766666666665	 1387.2833333333335	 0.0	 111544.0	 47564.0	 14.0	 
50010	50000	10	 sysNum: 	20004	 MissingNum: 	0	 4270.379166666669	 143533	 2	 Protocol_Missing: 0	 0.0	 0.0	 3010.495833333332	 1259.8833333333334	 0.0	 100337.0	 43196.0	 15.0	 
50010	50000	10	 sysNum: 	15001	 MissingNum: 	0	 3670.7124999999987	 123357	 2	 Protocol_Missing: 0	 0.0	 0.0	 2580.8416666666662	 1089.8708333333334	 0.0	 85990.0	 37367.0	 13.0	 
50010	50000	10	 sysNum: 	10000	 MissingNum: 	0	 2934.2541666666652	 97915	 2	 Protocol_Missing: 0	 0.0	 0.0	 2084.3374999999987	 849.9166666666665	 0.0	 68775.0	 29140.0	 14.0	 
50010	50000	10	 sysNum: 	4999	 MissingNum: 	0	 1836.3916666666655	 60082	 2	 Protocol_Missing: 0	 0.0	 0.0	 1327.462499999999	 508.9291666666666	 0.0	 42633.0	 17449.0	 15.0	 
50010	50000	10	 sysNum: 	45009	 MissingNum: 	0	 5694.704166666669	 192751	 2	 Protocol_Missing: 0	 0.0	 0.0	 4070.120833333331	 1624.5833333333333	 0.0	 137051.0	 55700.0	 13.0	 
50010	50000	10	 sysNum: 	40008	 MissingNum: 	0	 5578.416666666668	 188764	 2	 Protocol_Missing: 0	 0.0	 0.0	 3968.1249999999986	 1610.291666666667	 0.0	 133554.0	 55210.0	 13.0	 
50010	50000	10	 sysNum: 	35007	 MissingNum: 	0	 5387.229166666671	 182209	 2	 Protocol_Missing: 0	 0.0	 0.0	 3821.066666666665	 1566.1624999999997	 0.0	 128512.0	 53697.0	 13.0	 
50010	50000	10	 sysNum: 	30006	 MissingNum: 	0	 5062.137500000003	 171063	 2	 Protocol_Missing: 0	 0.0	 0.0	 3582.0458333333318	 1480.0916666666667	 0.0	 120317.0	 50746.0	 13.0	 
50010	50000	10	 sysNum: 	25005	 MissingNum: 	0	 4729.229166666667	 159649	 2	 Protocol_Missing: 0	 0.0	 0.0	 3334.3916666666655	 1394.8374999999999	 0.0	 111826.0	 47823.0	 13.0	 
50010	50000	10	 sysNum: 	20004	 MissingNum: 	0	 4287.266666666667	 144304	 2	 Protocol_Missing: 0	 0.0	 0.0	 3016.4166666666656	 1270.8500000000001	 0.0	 100732.0	 43572.0	 14.0	 
50010	50000	10	 sysNum: 	15001	 MissingNum: 	0	 3678.7624999999985	 123441	 2	 Protocol_Missing: 0	 0.0	 0.0	 2592.595833333332	 1086.1666666666667	 0.0	 86201.0	 37240.0	 14.0	 
50010	50000	10	 sysNum: 	10000	 MissingNum: 	0	 2935.4791666666647	 97957	 2	 Protocol_Missing: 0	 0.0	 0.0	 2082.9083333333324	 852.5708333333336	 0.0	 68726.0	 29231.0	 14.0	 
50010	50000	10	 sysNum: 	4999	 MissingNum: 	0	 1863.6916666666655	 61018	 2	 Protocol_Missing: 0	 0.0	 0.0	 1346.6249999999995	 517.0666666666667	 0.0	 43290.0	 17728.0	 15.0	 
50010	50000	10	 sysNum: 	45009	 MissingNum: 	0	 5711.562500000004	 193137	 2	 Protocol_Missing: 0	 0.0	 0.0	 4077.9958333333325	 1633.5666666666666	 0.0	 137129.0	 56008.0	 14.0	 
50010	50000	10	 sysNum: 	40008	 MissingNum: 	0	 5628.758333333337	 190490	 2	 Protocol_Missing: 0	 0.0	 0.0	 3998.8374999999987	 1629.9208333333333	 0.0	 134607.0	 55883.0	 13.0	 
50010	50000	10	 sysNum: 	35007	 MissingNum: 	0	 5375.4166666666715	 181612	 2	 Protocol_Missing: 0	 0.0	 0.0	 3811.645833333331	 1563.770833333333	 0.0	 127997.0	 53615.0	 14.0	 
50010	50000	10	 sysNum: 	30006	 MissingNum: 	0	 5104.662500000003	 172329	 2	 Protocol_Missing: 0	 0.0	 0.0	 3607.2458333333325	 1497.4166666666663	 0.0	 120989.0	 51340.0	 14.0	 
50010	50000	10	 sysNum: 	25005	 MissingNum: 	0	 4716.599999999999	 159024	 2	 Protocol_Missing: 0	 0.0	 0.0	 3328.0041666666657	 1388.5958333333335	 0.0	 111415.0	 47609.0	 14.0	 
50010	50000	10	 sysNum: 	20004	 MissingNum: 	0	 4249.700000000001	 143208	 2	 Protocol_Missing: 0	 0.0	 0.0	 2993.287499999999	 1256.4125	 0.0	 100131.0	 43077.0	 13.0	 
50010	50000	10	 sysNum: 	15001	 MissingNum: 	0	 3662.458333333332	 122882	 2	 Protocol_Missing: 0	 0.0	 0.0	 2577.1374999999985	 1085.3208333333334	 0.0	 85671.0	 37211.0	 14.0	 
50010	50000	10	 sysNum: 	10000	 MissingNum: 	0	 2910.220833333332	 97091	 2	 Protocol_Missing: 0	 0.0	 0.0	 2065.554166666666	 844.6666666666666	 0.0	 68131.0	 28960.0	 14.0	 
50010	50000	10	 sysNum: 	4999	 MissingNum: 	0	 1813.0583333333325	 59474	 2	 Protocol_Missing: 0	 0.0	 0.0	 1308.649999999999	 504.4083333333333	 0.0	 42180.0	 17294.0	 14.0	 
50010	50000	10	 sysNum: 	45009	 MissingNum: 	0	 5720.370833333337	 193631	 2	 Protocol_Missing: 0	 0.0	 0.0	 4089.895833333332	 1630.475	 0.0	 137729.0	 55902.0	 13.0	 
50010	50000	10	 sysNum: 	40008	 MissingNum: 	0	 5590.462500000004	 189177	 2	 Protocol_Missing: 0	 0.0	 0.0	 3974.4541666666646	 1616.0083333333332	 0.0	 133771.0	 55406.0	 13.0	 
50010	50000	10	 sysNum: 	35007	 MissingNum: 	0	 5378.333333333338	 181328	 2	 Protocol_Missing: 0	 0.0	 0.0	 3815.6708333333313	 1562.6624999999995	 0.0	 127751.0	 53577.0	 16.0	 
50010	50000	10	 sysNum: 	30006	 MissingNum: 	0	 5120.995833333338	 172697	 2	 Protocol_Missing: 0	 0.0	 0.0	 3620.808333333331	 1500.1875	 0.0	 121262.0	 51435.0	 15.0	 
50010	50000	10	 sysNum: 	25005	 MissingNum: 	0	 4719.050000000005	 159300	 2	 Protocol_Missing: 0	 0.0	 0.0	 3330.5124999999985	 1388.5375	 0.0	 111693.0	 47607.0	 13.0	 
50010	50000	10	 sysNum: 	20004	 MissingNum: 	0	 4322.995833333336	 145337	 2	 Protocol_Missing: 0	 0.0	 0.0	 3042.8708333333316	 1280.1249999999998	 0.0	 101447.0	 43890.0	 15.0	 
50010	50000	10	 sysNum: 	15001	 MissingNum: 	0	 3688.4166666666656	 123772	 2	 Protocol_Missing: 0	 0.0	 0.0	 2591.2541666666657	 1097.1625	 0.0	 86155.0	 37617.0	 14.0	 
50010	50000	10	 sysNum: 	10000	 MissingNum: 	0	 2898.3499999999985	 96684	 2	 Protocol_Missing: 0	 0.0	 0.0	 2058.145833333332	 840.2041666666667	 0.0	 67877.0	 28807.0	 14.0	 
50010	50000	10	 sysNum: 	4999	 MissingNum: 	0	 1852.1416666666657	 60622	 2	 Protocol_Missing: 0	 0.0	 0.0	 1336.2708333333323	 515.8708333333333	 0.0	 42935.0	 17687.0	 15.0	 
50010	50000	10	 sysNum: 	45009	 MissingNum: 	0	 5657.6916666666675	 191482	 2	 Protocol_Missing: 0	 0.0	 0.0	 4044.5708333333323	 1613.120833333333	 0.0	 136175.0	 55307.0	 13.0	 
50010	50000	10	 sysNum: 	40008	 MissingNum: 	0	 5591.483333333337	 189020	 2	 Protocol_Missing: 0	 0.0	 0.0	 3975.066666666665	 1616.4166666666667	 0.0	 133600.0	 55420.0	 14.0	 
50010	50000	10	 sysNum: 	35007	 MissingNum: 	0	 5363.312500000004	 181197	 2	 Protocol_Missing: 0	 0.0	 0.0	 3803.4208333333313	 1559.8916666666667	 0.0	 127715.0	 53482.0	 14.0	 
50010	50000	10	 sysNum: 	30006	 MissingNum: 	0	 5116.562500000004	 172737	 2	 Protocol_Missing: 0	 0.0	 0.0	 3613.6624999999985	 1502.9000000000003	 0.0	 121209.0	 51528.0	 14.0	 
50010	50000	10	 sysNum: 	25005	 MissingNum: 	0	 4725.816666666668	 159340	 2	 Protocol_Missing: 0	 0.0	 0.0	 3329.8124999999986	 1396.0041666666664	 0.0	 111477.0	 47863.0	 14.0	 
50010	50000	10	 sysNum: 	20004	 MissingNum: 	0	 4245.208333333335	 143054	 2	 Protocol_Missing: 0	 0.0	 0.0	 2987.4249999999984	 1257.7833333333333	 0.0	 99930.0	 43124.0	 13.0	 
50010	50000	10	 sysNum: 	15001	 MissingNum: 	0	 3733.012499999998	 125109	 2	 Protocol_Missing: 0	 0.0	 0.0	 2629.199999999999	 1103.8124999999998	 0.0	 87264.0	 37845.0	 15.0	 
50010	50000	10	 sysNum: 	10000	 MissingNum: 	0	 2890.8833333333314	 96428	 2	 Protocol_Missing: 0	 0.0	 0.0	 2051.495833333332	 839.3875	 0.0	 67649.0	 28779.0	 14.0	 
50010	50000	10	 sysNum: 	4999	 MissingNum: 	0	 1851.441666666665	 60598	 2	 Protocol_Missing: 0	 0.0	 0.0	 1337.3208333333328	 514.1208333333332	 0.0	 42971.0	 17627.0	 15.0	 
50010	50000	10	 sysNum: 	45009	 MissingNum: 	0	 5722.120833333335	 193691	 2	 Protocol_Missing: 0	 0.0	 0.0	 4087.4749999999995	 1634.645833333333	 0.0	 137646.0	 56045.0	 13.0	 
50010	50000	10	 sysNum: 	40008	 MissingNum: 	0	 5584.541666666671	 188782	 2	 Protocol_Missing: 0	 0.0	 0.0	 3975.7666666666646	 1608.7750000000003	 0.0	 133624.0	 55158.0	 14.0	 
50010	50000	10	 sysNum: 	35007	 MissingNum: 	0	 5387.84166666667	 182038	 2	 Protocol_Missing: 0	 0.0	 0.0	 3814.416666666665	 1573.4249999999995	 0.0	 128092.0	 53946.0	 14.0	 
50010	50000	10	 sysNum: 	30006	 MissingNum: 	0	 5106.966666666672	 172216	 2	 Protocol_Missing: 0	 0.0	 0.0	 3606.7791666666653	 1500.1874999999998	 0.0	 120781.0	 51435.0	 15.0	 
50010	50000	10	 sysNum: 	25005	 MissingNum: 	0	 4734.362500000003	 159825	 2	 Protocol_Missing: 0	 0.0	 0.0	 3338.008333333332	 1396.3541666666665	 0.0	 111950.0	 47875.0	 13.0	 
50010	50000	10	 sysNum: 	20004	 MissingNum: 	0	 4239.404166666666	 142663	 2	 Protocol_Missing: 0	 0.0	 0.0	 2985.4416666666652	 1253.9624999999994	 0.0	 99670.0	 42993.0	 14.0	 
50010	50000	10	 sysNum: 	15001	 MissingNum: 	0	 3677.741666666665	 123406	 2	 Protocol_Missing: 0	 0.0	 0.0	 2585.9749999999985	 1091.7666666666664	 0.0	 85974.0	 37432.0	 14.0	 
50010	50000	10	 sysNum: 	10000	 MissingNum: 	0	 2913.6333333333323	 97400	 2	 Protocol_Missing: 0	 0.0	 0.0	 2066.079166666666	 847.5541666666668	 0.0	 68341.0	 29059.0	 13.0	 
50010	50000	10	 sysNum: 	4999	 MissingNum: 	0	 1854.8833333333325	 60908	 2	 Protocol_Missing: 0	 0.0	 0.0	 1337.7874999999995	 517.0958333333333	 0.0	 43179.0	 17729.0	 14.0	 
50010	50000	10	 sysNum: 	45009	 MissingNum: 	0	 5737.608333333336	 194222	 2	 Protocol_Missing: 0	 0.0	 0.0	 4100.0166666666655	 1637.5916666666665	 0.0	 138076.0	 56146.0	 13.0	 
50010	50000	10	 sysNum: 	40008	 MissingNum: 	0	 5586.291666666671	 189034	 2	 Protocol_Missing: 0	 0.0	 0.0	 3969.0874999999983	 1617.2041666666664	 0.0	 133587.0	 55447.0	 13.0	 
50010	50000	10	 sysNum: 	35007	 MissingNum: 	0	 5346.600000000004	 180816	 2	 Protocol_Missing: 0	 0.0	 0.0	 3790.762499999998	 1555.8374999999996	 0.0	 127473.0	 53343.0	 13.0	 
50010	50000	10	 sysNum: 	30006	 MissingNum: 	0	 5087.891666666671	 171562	 2	 Protocol_Missing: 0	 0.0	 0.0	 3599.3124999999986	 1488.5791666666664	 0.0	 120525.0	 51037.0	 15.0	 
50010	50000	10	 sysNum: 	25005	 MissingNum: 	0	 4723.745833333338	 159269	 2	 Protocol_Missing: 0	 0.0	 0.0	 3334.274999999998	 1389.4708333333328	 0.0	 111630.0	 47639.0	 14.0	 
50010	50000	10	 sysNum: 	20004	 MissingNum: 	0	 4296.9208333333345	 144635	 2	 Protocol_Missing: 0	 0.0	 0.0	 3024.8458333333324	 1272.075	 0.0	 101021.0	 43614.0	 14.0	 
50010	50000	10	 sysNum: 	15001	 MissingNum: 	0	 3711.954166666665	 124579	 2	 Protocol_Missing: 0	 0.0	 0.0	 2611.262499999999	 1100.6916666666668	 0.0	 86841.0	 37738.0	 14.0	 
50010	50000	10	 sysNum: 	10000	 MissingNum: 	0	 2928.129166666666	 97705	 2	 Protocol_Missing: 0	 0.0	 0.0	 2078.270833333333	 849.8583333333332	 0.0	 68567.0	 29138.0	 14.0	 
50010	50000	10	 sysNum: 	4999	 MissingNum: 	0	 1836.5374999999997	 60279	 2	 Protocol_Missing: 0	 0.0	 0.0	 1325.5666666666664	 510.97083333333325	 0.0	 42760.0	 17519.0	 14.0	 
50010	50000	10	 sysNum: 	45009	 MissingNum: 	0	 5734.25416666667	 194107	 2	 Protocol_Missing: 0	 0.0	 0.0	 4097.770833333332	 1636.4833333333331	 0.0	 137999.0	 56108.0	 13.0	 
50010	50000	10	 sysNum: 	40008	 MissingNum: 	0	 5570.71666666667	 188308	 2	 Protocol_Missing: 0	 0.0	 0.0	 3961.9416666666652	 1608.7749999999999	 0.0	 133150.0	 55158.0	 14.0	 
50010	50000	10	 sysNum: 	35007	 MissingNum: 	0	 5398.108333333335	 182390	 2	 Protocol_Missing: 0	 0.0	 0.0	 3823.3708333333316	 1574.7375000000004	 0.0	 128399.0	 53991.0	 14.0	 
50010	50000	10	 sysNum: 	30006	 MissingNum: 	0	 5074.270833333337	 171287	 2	 Protocol_Missing: 0	 0.0	 0.0	 3588.462499999999	 1485.8083333333334	 0.0	 120345.0	 50942.0	 14.0	 
50010	50000	10	 sysNum: 	25005	 MissingNum: 	0	 4731.6500000000015	 159732	 2	 Protocol_Missing: 0	 0.0	 0.0	 3335.208333333333	 1396.441666666667	 0.0	 111854.0	 47878.0	 13.0	 
50010	50000	10	 sysNum: 	20004	 MissingNum: 	0	 4259.70416666667	 143359	 2	 Protocol_Missing: 0	 0.0	 0.0	 2996.4666666666644	 1263.2374999999997	 0.0	 100048.0	 43311.0	 14.0	 
50010	50000	10	 sysNum: 	15001	 MissingNum: 	0	 3659.512499999998	 122781	 2	 Protocol_Missing: 0	 0.0	 0.0	 2574.104166666665	 1085.4083333333335	 0.0	 85567.0	 37214.0	 14.0	 
50010	50000	10	 sysNum: 	10000	 MissingNum: 	0	 2915.470833333332	 97271	 2	 Protocol_Missing: 0	 0.0	 0.0	 2069.899999999999	 845.5708333333334	 0.0	 68280.0	 28991.0	 14.0	 
50010	50000	10	 sysNum: 	4999	 MissingNum: 	0	 1861.8541666666654	 60763	 2	 Protocol_Missing: 0	 0.0	 0.0	 1347.7624999999994	 514.0916666666665	 0.0	 43137.0	 17626.0	 16.0	 
50010	50000	10	 sysNum: 	45009	 MissingNum: 	0	 5685.575000000004	 192438	 2	 Protocol_Missing: 0	 0.0	 0.0	 4063.879166666665	 1621.6958333333334	 0.0	 136837.0	 55601.0	 13.0	 
50010	50000	10	 sysNum: 	40008	 MissingNum: 	0	 5567.420833333337	 188195	 2	 Protocol_Missing: 0	 0.0	 0.0	 3961.533333333332	 1605.8875	 0.0	 133136.0	 55059.0	 14.0	 
50010	50000	10	 sysNum: 	35007	 MissingNum: 	0	 5390.641666666671	 181942	 2	 Protocol_Missing: 0	 0.0	 0.0	 3822.9624999999987	 1567.6791666666666	 0.0	 128193.0	 53749.0	 15.0	 
50010	50000	10	 sysNum: 	30006	 MissingNum: 	0	 5059.250000000003	 170964	 2	 Protocol_Missing: 0	 0.0	 0.0	 3573.9666666666644	 1485.2833333333333	 0.0	 120040.0	 50924.0	 13.0	 
50010	50000	10	 sysNum: 	25005	 MissingNum: 	0	 4711.291666666669	 158842	 2	 Protocol_Missing: 0	 0.0	 0.0	 3322.9291666666654	 1388.3624999999995	 0.0	 111241.0	 47601.0	 14.0	 
50010	50000	10	 sysNum: 	20004	 MissingNum: 	0	 4227.883333333337	 142460	 2	 Protocol_Missing: 0	 0.0	 0.0	 2974.124999999999	 1253.7583333333332	 0.0	 99474.0	 42986.0	 13.0	 
50010	50000	10	 sysNum: 	15001	 MissingNum: 	0	 3653.387499999998	 122571	 2	 Protocol_Missing: 0	 0.0	 0.0	 2572.6166666666654	 1080.7708333333335	 0.0	 85516.0	 37055.0	 14.0	 
50010	50000	10	 sysNum: 	10000	 MissingNum: 	0	 2910.8624999999984	 96921	 2	 Protocol_Missing: 0	 0.0	 0.0	 2066.749999999999	 844.1125000000001	 0.0	 67980.0	 28941.0	 15.0	 
50010	50000	10	 sysNum: 	4999	 MissingNum: 	0	 1837.645833333333	 60317	 2	 Protocol_Missing: 0	 0.0	 0.0	 1324.2833333333326	 513.3624999999998	 0.0	 42716.0	 17601.0	 14.0	 
50010	50000	10	 sysNum: 	45009	 MissingNum: 	0	 5754.787500000003	 194811	 2	 Protocol_Missing: 0	 0.0	 0.0	 4106.491666666666	 1648.2958333333333	 0.0	 138298.0	 56513.0	 13.0	 
50010	50000	10	 sysNum: 	40008	 MissingNum: 	0	 5626.337500000003	 190407	 2	 Protocol_Missing: 0	 0.0	 0.0	 3997.6124999999984	 1628.7249999999997	 0.0	 134565.0	 55842.0	 13.0	 
50010	50000	10	 sysNum: 	35007	 MissingNum: 	0	 5397.087500000005	 182355	 2	 Protocol_Missing: 0	 0.0	 0.0	 3827.2208333333315	 1569.8666666666663	 0.0	 128531.0	 53824.0	 14.0	 
50010	50000	10	 sysNum: 	30006	 MissingNum: 	0	 5093.812500000002	 171957	 2	 Protocol_Missing: 0	 0.0	 0.0	 3596.5708333333323	 1497.2416666666666	 0.0	 120623.0	 51334.0	 14.0	 
50010	50000	10	 sysNum: 	25005	 MissingNum: 	0	 4710.445833333336	 158813	 2	 Protocol_Missing: 0	 0.0	 0.0	 3321.849999999998	 1388.5958333333333	 0.0	 111204.0	 47609.0	 14.0	 
50010	50000	10	 sysNum: 	20004	 MissingNum: 	0	 4293.625000000001	 144330	 2	 Protocol_Missing: 0	 0.0	 0.0	 3023.9999999999986	 1269.625	 0.0	 100800.0	 43530.0	 15.0	 
50010	50000	10	 sysNum: 	15001	 MissingNum: 	0	 3664.7624999999994	 122961	 2	 Protocol_Missing: 0	 0.0	 0.0	 2580.199999999999	 1084.5624999999998	 0.0	 85776.0	 37185.0	 14.0	 
50010	50000	10	 sysNum: 	10000	 MissingNum: 	0	 2922.0333333333324	 97688	 2	 Protocol_Missing: 0	 0.0	 0.0	 2072.8166666666657	 849.2166666666666	 0.0	 68572.0	 29116.0	 13.0	 
50010	50000	10	 sysNum: 	4999	 MissingNum: 	0	 1822.4791666666658	 59797	 2	 Protocol_Missing: 0	 0.0	 0.0	 1314.6874999999995	 507.79166666666663	 0.0	 42387.0	 17410.0	 14.0	 
50010	50000	10	 sysNum: 	45009	 MissingNum: 	0	 5705.029166666671	 192913	 2	 Protocol_Missing: 0	 0.0	 0.0	 4079.3958333333317	 1625.6333333333328	 0.0	 137177.0	 55736.0	 14.0	 
50010	50000	10	 sysNum: 	40008	 MissingNum: 	0	 5585.15416666667	 188803	 2	 Protocol_Missing: 0	 0.0	 0.0	 3971.6833333333316	 1613.4708333333333	 0.0	 133484.0	 55319.0	 14.0	 
50010	50000	10	 sysNum: 	35007	 MissingNum: 	0	 5382.445833333336	 181853	 2	 Protocol_Missing: 0	 0.0	 0.0	 3816.0791666666646	 1566.366666666666	 0.0	 128149.0	 53704.0	 14.0	 
50010	50000	10	 sysNum: 	30006	 MissingNum: 	0	 5133.595833333337	 173129	 2	 Protocol_Missing: 0	 0.0	 0.0	 3626.4083333333324	 1507.1874999999995	 0.0	 121454.0	 51675.0	 15.0	 
50010	50000	10	 sysNum: 	25005	 MissingNum: 	0	 4749.879166666669	 160165	 2	 Protocol_Missing: 0	 0.0	 0.0	 3348.9458333333323	 1400.9333333333332	 0.0	 112133.0	 48032.0	 14.0	 
50010	50000	10	 sysNum: 	20004	 MissingNum: 	0	 4271.954166666668	 143779	 2	 Protocol_Missing: 0	 0.0	 0.0	 3007.404166666666	 1264.55	 0.0	 100423.0	 43356.0	 14.0	 
50010	50000	10	 sysNum: 	15001	 MissingNum: 	0	 3690.866666666665	 123664	 2	 Protocol_Missing: 0	 0.0	 0.0	 2600.2666666666646	 1090.6	 0.0	 86272.0	 37392.0	 15.0	 
50010	50000	10	 sysNum: 	10000	 MissingNum: 	0	 2919.1166666666654	 97588	 2	 Protocol_Missing: 0	 0.0	 0.0	 2069.899999999999	 849.2166666666666	 0.0	 68472.0	 29116.0	 13.0	 
50010	50000	10	 sysNum: 	4999	 MissingNum: 	0	 1843.9458333333323	 60533	 2	 Protocol_Missing: 0	 0.0	 0.0	 1330.0583333333323	 513.8875	 0.0	 42914.0	 17619.0	 14.0	 
50010	50000	10	 sysNum: 	45009	 MissingNum: 	0	 5709.666666666673	 193264	 2	 Protocol_Missing: 0	 0.0	 0.0	 4079.570833333332	 1630.0958333333335	 0.0	 137375.0	 55889.0	 13.0	 
50010	50000	10	 sysNum: 	40008	 MissingNum: 	0	 5557.67916666667	 188053	 2	 Protocol_Missing: 0	 0.0	 0.0	 3950.5666666666652	 1607.1125	 0.0	 132952.0	 55101.0	 13.0	 
50010	50000	10	 sysNum: 	35007	 MissingNum: 	0	 5353.10416666667	 181039	 2	 Protocol_Missing: 0	 0.0	 0.0	 3794.495833333332	 1558.6083333333333	 0.0	 127601.0	 53438.0	 13.0	 
50010	50000	10	 sysNum: 	30006	 MissingNum: 	0	 5106.120833333338	 172571	 2	 Protocol_Missing: 0	 0.0	 0.0	 3604.124999999998	 1501.9958333333332	 0.0	 121074.0	 51497.0	 13.0	 
50010	50000	10	 sysNum: 	25005	 MissingNum: 	0	 4703.212500000003	 158757	 2	 Protocol_Missing: 0	 0.0	 0.0	 3317.358333333332	 1385.8541666666665	 0.0	 111242.0	 47515.0	 13.0	 
50010	50000	10	 sysNum: 	20004	 MissingNum: 	0	 4253.462500000002	 143145	 2	 Protocol_Missing: 0	 0.0	 0.0	 2998.5374999999985	 1254.9249999999997	 0.0	 100119.0	 43026.0	 14.0	 
50010	50000	10	 sysNum: 	15001	 MissingNum: 	0	 3699.8208333333323	 124163	 2	 Protocol_Missing: 0	 0.0	 0.0	 2603.270833333332	 1096.5499999999995	 0.0	 86567.0	 37596.0	 14.0	 
50010	50000	10	 sysNum: 	10000	 MissingNum: 	0	 2960.008333333332	 98798	 2	 Protocol_Missing: 0	 0.0	 0.0	 2101.137499999999	 858.870833333333	 0.0	 69351.0	 29447.0	 14.0	 
50010	50000	10	 sysNum: 	4999	 MissingNum: 	0	 1829.1291666666657	 60025	 2	 Protocol_Missing: 0	 0.0	 0.0	 1320.3749999999995	 508.75416666666666	 0.0	 42582.0	 17443.0	 14.0	 
50010	50000	10	 sysNum: 	45009	 MissingNum: 	0	 5736.091666666671	 193978	 2	 Protocol_Missing: 0	 0.0	 0.0	 4098.208333333332	 1637.8833333333332	 0.0	 137822.0	 56156.0	 14.0	 
50010	50000	10	 sysNum: 	40008	 MissingNum: 	0	 5637.100000000001	 190392	 2	 Protocol_Missing: 0	 0.0	 0.0	 4009.5999999999985	 1627.5000000000002	 0.0	 134592.0	 55800.0	 15.0	 
50010	50000	10	 sysNum: 	35007	 MissingNum: 	0	 5367.570833333337	 181343	 2	 Protocol_Missing: 0	 0.0	 0.0	 3806.7458333333316	 1560.8249999999998	 0.0	 127829.0	 53514.0	 14.0	 
50010	50000	10	 sysNum: 	30006	 MissingNum: 	0	 5080.745833333337	 171701	 2	 Protocol_Missing: 0	 0.0	 0.0	 3595.3458333333315	 1485.3999999999996	 0.0	 120773.0	 50928.0	 13.0	 
50010	50000	10	 sysNum: 	25005	 MissingNum: 	0	 4712.8666666666695	 158896	 2	 Protocol_Missing: 0	 0.0	 0.0	 3326.1374999999985	 1386.7291666666665	 0.0	 111351.0	 47545.0	 14.0	 
50010	50000	10	 sysNum: 	20004	 MissingNum: 	0	 4310.862500000001	 144921	 2	 Protocol_Missing: 0	 0.0	 0.0	 3037.299999999999	 1273.5624999999998	 0.0	 101256.0	 43665.0	 15.0	 
50010	50000	10	 sysNum: 	15001	 MissingNum: 	0	 3706.616666666665	 124396	 2	 Protocol_Missing: 0	 0.0	 0.0	 2606.2458333333316	 1100.370833333333	 0.0	 86669.0	 37727.0	 14.0	 
50010	50000	10	 sysNum: 	10000	 MissingNum: 	0	 2903.1916666666652	 97042	 2	 Protocol_Missing: 0	 0.0	 0.0	 2060.8874999999994	 842.3041666666667	 0.0	 68163.0	 28879.0	 13.0	 
50010	50000	10	 sysNum: 	4999	 MissingNum: 	0	 1839.9791666666665	 60397	 2	 Protocol_Missing: 0	 0.0	 0.0	 1326.8208333333328	 513.1583333333334	 0.0	 42803.0	 17594.0	 14.0	 
50010	50000	10	 sysNum: 	45009	 MissingNum: 	0	 5700.420833333335	 192755	 2	 Protocol_Missing: 0	 0.0	 0.0	 4078.6083333333313	 1621.8125000000002	 0.0	 137150.0	 55605.0	 14.0	 
50010	50000	10	 sysNum: 	40008	 MissingNum: 	0	 5611.812500000004	 189717	 2	 Protocol_Missing: 0	 0.0	 0.0	 3989.795833333332	 1622.0166666666664	 0.0	 134105.0	 55612.0	 14.0	 
50010	50000	10	 sysNum: 	35007	 MissingNum: 	0	 5368.300000000005	 181560	 2	 Protocol_Missing: 0	 0.0	 0.0	 3804.0041666666652	 1564.2958333333331	 0.0	 127927.0	 53633.0	 13.0	 
50010	50000	10	 sysNum: 	30006	 MissingNum: 	0	 5100.6375000000035	 171807	 2	 Protocol_Missing: 0	 0.0	 0.0	 3608.1499999999983	 1492.4874999999997	 0.0	 120636.0	 51171.0	 16.0	 
50010	50000	10	 sysNum: 	25005	 MissingNum: 	0	 4715.258333333335	 158978	 2	 Protocol_Missing: 0	 0.0	 0.0	 3327.3916666666646	 1387.8666666666668	 0.0	 111394.0	 47584.0	 14.0	 
50010	50000	10	 sysNum: 	20004	 MissingNum: 	0	 4315.966666666668	 145096	 2	 Protocol_Missing: 0	 0.0	 0.0	 3040.829166666665	 1275.1374999999998	 0.0	 101377.0	 43719.0	 15.0	 
50010	50000	10	 sysNum: 	15001	 MissingNum: 	0	 3706.85	 124596	 2	 Protocol_Missing: 0	 0.0	 0.0	 2602.483333333333	 1104.3666666666666	 0.0	 86732.0	 37864.0	 13.0	 
50010	50000	10	 sysNum: 	10000	 MissingNum: 	0	 2916.141666666666	 97294	 2	 Protocol_Missing: 0	 0.0	 0.0	 2072.3499999999995	 843.7916666666666	 0.0	 68364.0	 28930.0	 14.0	 
50010	50000	10	 sysNum: 	4999	 MissingNum: 	0	 1855.2333333333324	 60536	 2	 Protocol_Missing: 0	 0.0	 0.0	 1342.3083333333325	 512.925	 0.0	 42950.0	 17586.0	 16.0	 
50010	50000	10	 sysNum: 	45009	 MissingNum: 	0	 5687.733333333338	 192320	 2	 Protocol_Missing: 0	 0.0	 0.0	 4069.3916666666655	 1618.341666666667	 0.0	 136834.0	 55486.0	 14.0	 
50010	50000	10	 sysNum: 	40008	 MissingNum: 	0	 5545.750000000004	 187452	 2	 Protocol_Missing: 0	 0.0	 0.0	 3947.037499999997	 1598.7124999999996	 0.0	 132639.0	 54813.0	 14.0	 
50010	50000	10	 sysNum: 	35007	 MissingNum: 	0	 5411.875000000005	 182670	 2	 Protocol_Missing: 0	 0.0	 0.0	 3834.395833333331	 1577.4791666666663	 0.0	 128585.0	 54085.0	 15.0	 
50010	50000	10	 sysNum: 	30006	 MissingNum: 	0	 5078.266666666667	 171616	 2	 Protocol_Missing: 0	 0.0	 0.0	 3588.433333333332	 1489.833333333333	 0.0	 120536.0	 51080.0	 13.0	 
50010	50000	10	 sysNum: 	25005	 MissingNum: 	0	 4725.670833333335	 159143	 2	 Protocol_Missing: 0	 0.0	 0.0	 3336.9291666666645	 1388.7416666666663	 0.0	 111529.0	 47614.0	 15.0	 
50010	50000	10	 sysNum: 	20004	 MissingNum: 	0	 4260.287500000003	 143379	 2	 Protocol_Missing: 0	 0.0	 0.0	 3000.199999999998	 1260.0875	 0.0	 100176.0	 43203.0	 14.0	 
50010	50000	10	 sysNum: 	15001	 MissingNum: 	0	 3685.0333333333315	 123464	 2	 Protocol_Missing: 0	 0.0	 0.0	 2594.083333333331	 1090.9499999999996	 0.0	 86060.0	 37404.0	 15.0	 
50010	50000	10	 sysNum: 	10000	 MissingNum: 	0	 2919.7874999999985	 97419	 2	 Protocol_Missing: 0	 0.0	 0.0	 2072.1749999999993	 847.6125000000001	 0.0	 68358.0	 29061.0	 14.0	 
50010	50000	10	 sysNum: 	4999	 MissingNum: 	0	 1839.5708333333323	 60191	 2	 Protocol_Missing: 0	 0.0	 0.0	 1330.5249999999992	 509.0458333333333	 0.0	 42738.0	 17453.0	 15.0	 
50010	50000	10	 sysNum: 	45009	 MissingNum: 	0	 5702.579166666669	 192829	 2	 Protocol_Missing: 0	 0.0	 0.0	 4078.287499999999	 1624.291666666667	 0.0	 137139.0	 55690.0	 14.0	 
50010	50000	10	 sysNum: 	40008	 MissingNum: 	0	 5566.720833333337	 187979	 2	 Protocol_Missing: 0	 0.0	 0.0	 3965.558333333331	 1601.1625	 0.0	 133082.0	 54897.0	 15.0	 
50010	50000	10	 sysNum: 	35007	 MissingNum: 	0	 5367.891666666671	 181162	 2	 Protocol_Missing: 0	 0.0	 0.0	 3808.058333333331	 1559.8333333333337	 0.0	 127682.0	 53480.0	 15.0	 
50010	50000	10	 sysNum: 	30006	 MissingNum: 	0	 5059.483333333338	 170780	 2	 Protocol_Missing: 0	 0.0	 0.0	 3580.412499999998	 1479.070833333333	 0.0	 120069.0	 50711.0	 14.0	 
50010	50000	10	 sysNum: 	25005	 MissingNum: 	0	 4742.383333333335	 159716	 2	 Protocol_Missing: 0	 0.0	 0.0	 3346.291666666665	 1396.0916666666667	 0.0	 111850.0	 47866.0	 15.0	 
50010	50000	10	 sysNum: 	20004	 MissingNum: 	0	 4271.370833333335	 143759	 2	 Protocol_Missing: 0	 0.0	 0.0	 3006.179166666665	 1265.1916666666668	 0.0	 100381.0	 43378.0	 14.0	 
50010	50000	10	 sysNum: 	15001	 MissingNum: 	0	 3696.904166666665	 124063	 2	 Protocol_Missing: 0	 0.0	 0.0	 2601.7541666666652	 1095.1499999999996	 0.0	 86515.0	 37548.0	 14.0	 
50010	50000	10	 sysNum: 	10000	 MissingNum: 	0	 2898.0583333333325	 96674	 2	 Protocol_Missing: 0	 0.0	 0.0	 2058.583333333332	 839.4749999999999	 0.0	 67892.0	 28782.0	 14.0	 
50010	50000	10	 sysNum: 	4999	 MissingNum: 	0	 1854.999999999999	 60720	 2	 Protocol_Missing: 0	 0.0	 0.0	 1338.1958333333328	 516.8041666666667	 0.0	 43001.0	 17719.0	 15.0	 
50010	50000	10	 sysNum: 	45009	 MissingNum: 	0	 5694.995833333336	 192761	 2	 Protocol_Missing: 0	 0.0	 0.0	 4072.1624999999985	 1622.833333333333	 0.0	 137121.0	 55640.0	 13.0	 
50010	50000	10	 sysNum: 	40008	 MissingNum: 	0	 5578.329166666671	 188569	 2	 Protocol_Missing: 0	 0.0	 0.0	 3969.320833333332	 1609.0083333333337	 0.0	 133403.0	 55166.0	 14.0	 
50010	50000	10	 sysNum: 	35007	 MissingNum: 	0	 5367.279166666668	 181525	 2	 Protocol_Missing: 0	 0.0	 0.0	 3805.1999999999994	 1562.079166666667	 0.0	 127968.0	 53557.0	 13.0	 
50010	50000	10	 sysNum: 	30006	 MissingNum: 	0	 5093.2000000000035	 171744	 2	 Protocol_Missing: 0	 0.0	 0.0	 3601.208333333332	 1491.9916666666666	 0.0	 120590.0	 51154.0	 15.0	 
50010	50000	10	 sysNum: 	25005	 MissingNum: 	0	 4719.866666666669	 159520	 2	 Protocol_Missing: 0	 0.0	 0.0	 3321.966666666666	 1397.8999999999999	 0.0	 111592.0	 47928.0	 12.0	 
50010	50000	10	 sysNum: 	20004	 MissingNum: 	0	 4294.383333333334	 144356	 2	 Protocol_Missing: 0	 0.0	 0.0	 3026.479166666665	 1267.9041666666667	 0.0	 100885.0	 43471.0	 15.0	 
50010	50000	10	 sysNum: 	15001	 MissingNum: 	0	 3691.6541666666653	 123883	 2	 Protocol_Missing: 0	 0.0	 0.0	 2596.795833333332	 1094.8583333333331	 0.0	 86345.0	 37538.0	 14.0	 
50010	50000	10	 sysNum: 	10000	 MissingNum: 	0	 2915.849999999998	 97284	 2	 Protocol_Missing: 0	 0.0	 0.0	 2067.6833333333325	 848.1666666666669	 0.0	 68204.0	 29080.0	 14.0	 
50010	50000	10	 sysNum: 	4999	 MissingNum: 	0	 1844.733333333332	 60560	 2	 Protocol_Missing: 0	 0.0	 0.0	 1330.2041666666657	 514.5291666666666	 0.0	 42919.0	 17641.0	 14.0	 
50010	50000	10	 sysNum: 	45009	 MissingNum: 	0	 5715.850000000001	 193476	 2	 Protocol_Missing: 0	 0.0	 0.0	 4084.966666666666	 1630.8833333333334	 0.0	 137560.0	 55916.0	 13.0	 
50010	50000	10	 sysNum: 	40008	 MissingNum: 	0	 5607.758333333335	 189770	 2	 Protocol_Missing: 0	 0.0	 0.0	 3985.2166666666653	 1622.5416666666663	 0.0	 134140.0	 55630.0	 13.0	 
50010	50000	10	 sysNum: 	35007	 MissingNum: 	0	 5401.375000000005	 182502	 2	 Protocol_Missing: 0	 0.0	 0.0	 3826.870833333332	 1574.5041666666664	 0.0	 128519.0	 53983.0	 14.0	 
50010	50000	10	 sysNum: 	30006	 MissingNum: 	0	 5077.391666666668	 171586	 2	 Protocol_Missing: 0	 0.0	 0.0	 3590.9416666666657	 1486.4499999999998	 0.0	 120622.0	 50964.0	 13.0	 
50010	50000	10	 sysNum: 	25005	 MissingNum: 	0	 4762.537500000004	 160599	 2	 Protocol_Missing: 0	 0.0	 0.0	 3355.1291666666652	 1407.408333333333	 0.0	 112345.0	 48254.0	 14.0	 
50010	50000	10	 sysNum: 	20004	 MissingNum: 	0	 4271.575000000002	 143766	 2	 Protocol_Missing: 0	 0.0	 0.0	 3007.1708333333327	 1264.4041666666667	 0.0	 100415.0	 43351.0	 14.0	 
50010	50000	10	 sysNum: 	15001	 MissingNum: 	0	 3686.433333333332	 123704	 2	 Protocol_Missing: 0	 0.0	 0.0	 2594.0249999999987	 1092.4083333333335	 0.0	 86250.0	 37454.0	 14.0	 
50010	50000	10	 sysNum: 	10000	 MissingNum: 	0	 2926.816666666665	 97468	 2	 Protocol_Missing: 0	 0.0	 0.0	 2076.4916666666654	 850.3249999999998	 0.0	 68314.0	 29154.0	 15.0	 
50010	50000	10	 sysNum: 	4999	 MissingNum: 	0	 1848.029166666666	 60673	 2	 Protocol_Missing: 0	 0.0	 0.0	 1334.6374999999994	 513.3916666666665	 0.0	 43071.0	 17602.0	 14.0	 
50010	50000	10	 sysNum: 	45009	 MissingNum: 	0	 5732.4166666666715	 193852	 2	 Protocol_Missing: 0	 0.0	 0.0	 4096.312499999998	 1636.1041666666663	 0.0	 137757.0	 56095.0	 14.0	 
50010	50000	10	 sysNum: 	40008	 MissingNum: 	0	 5607.233333333337	 189560	 2	 Protocol_Missing: 0	 0.0	 0.0	 3984.63333333333	 1622.6000000000001	 0.0	 133928.0	 55632.0	 14.0	 
50010	50000	10	 sysNum: 	35007	 MissingNum: 	0	 5371.391666666671	 181474	 2	 Protocol_Missing: 0	 0.0	 0.0	 3807.941666666665	 1563.4499999999994	 0.0	 127870.0	 53604.0	 14.0	 
50010	50000	10	 sysNum: 	30006	 MissingNum: 	0	 5062.458333333337	 170882	 2	 Protocol_Missing: 0	 0.0	 0.0	 3583.7083333333317	 1478.7500000000002	 0.0	 120182.0	 50700.0	 14.0	 
50010	50000	10	 sysNum: 	25005	 MissingNum: 	0	 4727.216666666669	 159388	 2	 Protocol_Missing: 0	 0.0	 0.0	 3332.2041666666655	 1395.0124999999998	 0.0	 111559.0	 47829.0	 14.0	 
50010	50000	10	 sysNum: 	20004	 MissingNum: 	0	 4272.158333333335	 143978	 2	 Protocol_Missing: 0	 0.0	 0.0	 3002.9708333333315	 1269.1874999999998	 0.0	 100463.0	 43515.0	 13.0	 
50010	50000	10	 sysNum: 	15001	 MissingNum: 	0	 3717.5249999999987	 124578	 2	 Protocol_Missing: 0	 0.0	 0.0	 2618.1166666666654	 1099.408333333333	 0.0	 86884.0	 37694.0	 15.0	 
50010	50000	10	 sysNum: 	10000	 MissingNum: 	0	 2924.891666666666	 97594	 2	 Protocol_Missing: 0	 0.0	 0.0	 2073.720833333332	 851.1708333333333	 0.0	 68411.0	 29183.0	 14.0	 
50010	50000	10	 sysNum: 	4999	 MissingNum: 	0	 1844.499999999999	 60360	 2	 Protocol_Missing: 0	 0.0	 0.0	 1330.7874999999992	 513.7125	 0.0	 42747.0	 17613.0	 15.0	 
50010	50000	10	 sysNum: 	45009	 MissingNum: 	0	 5692.8666666666695	 192688	 2	 Protocol_Missing: 0	 0.0	 0.0	 4069.6833333333316	 1623.1833333333336	 0.0	 137036.0	 55652.0	 13.0	 
50010	50000	10	 sysNum: 	40008	 MissingNum: 	0	 5582.150000000005	 188700	 2	 Protocol_Missing: 0	 0.0	 0.0	 3969.845833333331	 1612.3041666666663	 0.0	 133421.0	 55279.0	 14.0	 
50010	50000	10	 sysNum: 	35007	 MissingNum: 	0	 5335.487500000003	 180435	 2	 Protocol_Missing: 0	 0.0	 0.0	 3784.199999999999	 1551.2874999999997	 0.0	 127248.0	 53187.0	 13.0	 
50010	50000	10	 sysNum: 	30006	 MissingNum: 	0	 5098.216666666671	 172108	 2	 Protocol_Missing: 0	 0.0	 0.0	 3604.0958333333315	 1494.1208333333332	 0.0	 120881.0	 51227.0	 14.0	 
50010	50000	10	 sysNum: 	25005	 MissingNum: 	0	 4713.275000000002	 158910	 2	 Protocol_Missing: 0	 0.0	 0.0	 3324.0958333333324	 1389.1791666666666	 0.0	 111281.0	 47629.0	 14.0	 
50010	50000	10	 sysNum: 	20004	 MissingNum: 	0	 4268.2208333333365	 143651	 2	 Protocol_Missing: 0	 0.0	 0.0	 3007.374999999999	 1260.8458333333333	 0.0	 100422.0	 43229.0	 14.0	 
50010	50000	10	 sysNum: 	15001	 MissingNum: 	0	 3676.6041666666656	 123559	 2	 Protocol_Missing: 0	 0.0	 0.0	 2583.2041666666655	 1093.3999999999999	 0.0	 86071.0	 37488.0	 13.0	 
50010	50000	10	 sysNum: 	10000	 MissingNum: 	0	 2933.6416666666655	 97894	 2	 Protocol_Missing: 0	 0.0	 0.0	 2083.812499999999	 849.8291666666665	 0.0	 68757.0	 29137.0	 14.0	 
50010	50000	10	 sysNum: 	4999	 MissingNum: 	0	 1840.3874999999996	 60411	 2	 Protocol_Missing: 0	 0.0	 0.0	 1326.1499999999996	 514.2375000000001	 0.0	 42780.0	 17631.0	 14.0	 
50010	50000	10	 sysNum: 	45009	 MissingNum: 	0	 5717.104166666669	 193327	 2	 Protocol_Missing: 0	 0.0	 0.0	 4088.6124999999984	 1628.4916666666668	 0.0	 137493.0	 55834.0	 14.0	 
50010	50000	10	 sysNum: 	40008	 MissingNum: 	0	 5582.266666666671	 188704	 2	 Protocol_Missing: 0	 0.0	 0.0	 3975.0666666666652	 1607.2000000000003	 0.0	 133600.0	 55104.0	 14.0	 
50010	50000	10	 sysNum: 	35007	 MissingNum: 	0	 5379.237500000004	 181743	 2	 Protocol_Missing: 0	 0.0	 0.0	 3813.3083333333316	 1565.9291666666666	 0.0	 128054.0	 53689.0	 14.0	 
50010	50000	10	 sysNum: 	30006	 MissingNum: 	0	 5074.212500000002	 171477	 2	 Protocol_Missing: 0	 0.0	 0.0	 3586.9166666666656	 1487.295833333333	 0.0	 120484.0	 50993.0	 13.0	 
50010	50000	10	 sysNum: 	25005	 MissingNum: 	0	 4681.891666666669	 157642	 2	 Protocol_Missing: 0	 0.0	 0.0	 3306.829166666665	 1375.0624999999998	 0.0	 110497.0	 47145.0	 15.0	 
50010	50000	10	 sysNum: 	20004	 MissingNum: 	0	 4228.058333333336	 142274	 2	 Protocol_Missing: 0	 0.0	 0.0	 2979.199999999999	 1248.8583333333336	 0.0	 99456.0	 42818.0	 14.0	 
50010	50000	10	 sysNum: 	15001	 MissingNum: 	0	 3659.658333333332	 122978	 2	 Protocol_Missing: 0	 0.0	 0.0	 2572.4416666666652	 1087.2166666666667	 0.0	 85702.0	 37276.0	 13.0	 
50010	50000	10	 sysNum: 	10000	 MissingNum: 	0	 2929.4708333333315	 97751	 2	 Protocol_Missing: 0	 0.0	 0.0	 2079.1458333333326	 850.3249999999999	 0.0	 68597.0	 29154.0	 14.0	 
50010	50000	10	 sysNum: 	4999	 MissingNum: 	0	 1854.3874999999985	 60699	 2	 Protocol_Missing: 0	 0.0	 0.0	 1338.9833333333324	 515.4041666666667	 0.0	 43028.0	 17671.0	 15.0	 
50010	50000	10	 sysNum: 	45009	 MissingNum: 	0	 5715.850000000003	 193476	 2	 Protocol_Missing: 0	 0.0	 0.0	 4083.508333333332	 1632.3416666666665	 0.0	 137510.0	 55966.0	 13.0	 
50010	50000	10	 sysNum: 	40008	 MissingNum: 	0	 5590.550000000004	 188988	 2	 Protocol_Missing: 0	 0.0	 0.0	 3975.8249999999985	 1614.725	 0.0	 133626.0	 55362.0	 14.0	 
50010	50000	10	 sysNum: 	35007	 MissingNum: 	0	 5411.554166666672	 182851	 2	 Protocol_Missing: 0	 0.0	 0.0	 3834.4541666666655	 1577.0999999999995	 0.0	 128779.0	 54072.0	 14.0	 
50010	50000	10	 sysNum: 	30006	 MissingNum: 	0	 5076.662500000003	 171561	 2	 Protocol_Missing: 0	 0.0	 0.0	 3588.0833333333317	 1488.5791666666667	 0.0	 120524.0	 51037.0	 13.0	 
50010	50000	10	 sysNum: 	25005	 MissingNum: 	0	 4732.525000000002	 159570	 2	 Protocol_Missing: 0	 0.0	 0.0	 3336.404166666665	 1396.1208333333332	 0.0	 111703.0	 47867.0	 14.0	 
50010	50000	10	 sysNum: 	20004	 MissingNum: 	0	 4249.291666666668	 143002	 2	 Protocol_Missing: 0	 0.0	 0.0	 2992.266666666666	 1257.025	 0.0	 99904.0	 43098.0	 14.0	 
50010	50000	10	 sysNum: 	15001	 MissingNum: 	0	 3676.720833333332	 123371	 2	 Protocol_Missing: 0	 0.0	 0.0	 2589.2999999999984	 1087.4208333333333	 0.0	 86088.0	 37283.0	 14.0	 
50010	50000	10	 sysNum: 	10000	 MissingNum: 	0	 2917.395833333332	 97337	 2	 Protocol_Missing: 0	 0.0	 0.0	 2069.0833333333326	 848.3124999999998	 0.0	 68252.0	 29085.0	 14.0	 
50010	50000	10	 sysNum: 	4999	 MissingNum: 	0	 1858.7916666666658	 60850	 2	 Protocol_Missing: 0	 0.0	 0.0	 1339.4499999999991	 519.3416666666667	 0.0	 43044.0	 17806.0	 15.0	 
50010	50000	10	 sysNum: 	45009	 MissingNum: 	0	 5734.020833333339	 194099	 2	 Protocol_Missing: 0	 0.0	 0.0	 4094.270833333331	 1639.75	 0.0	 137879.0	 56220.0	 13.0	 
50010	50000	10	 sysNum: 	40008	 MissingNum: 	0	 5543.737500000001	 187575	 2	 Protocol_Missing: 0	 0.0	 0.0	 3944.4416666666652	 1599.2958333333333	 0.0	 132742.0	 54833.0	 13.0	 
50010	50000	10	 sysNum: 	35007	 MissingNum: 	0	 5390.379166666668	 181933	 2	 Protocol_Missing: 0	 0.0	 0.0	 3820.8333333333317	 1569.5458333333333	 0.0	 128120.0	 53813.0	 15.0	 
50010	50000	10	 sysNum: 	30006	 MissingNum: 	0	 5096.670833333336	 171863	 2	 Protocol_Missing: 0	 0.0	 0.0	 3606.8666666666654	 1489.8041666666666	 0.0	 120784.0	 51079.0	 15.0	 
50010	50000	10	 sysNum: 	25005	 MissingNum: 	0	 4726.42916666667	 159553	 2	 Protocol_Missing: 0	 0.0	 0.0	 3335.324999999998	 1391.1041666666665	 0.0	 111858.0	 47695.0	 13.0	 
50010	50000	10	 sysNum: 	20004	 MissingNum: 	0	 4264.808333333334	 143726	 2	 Protocol_Missing: 0	 0.0	 0.0	 2998.9166666666656	 1265.8916666666667	 0.0	 100324.0	 43402.0	 13.0	 
50010	50000	10	 sysNum: 	15001	 MissingNum: 	0	 3690.545833333332	 123653	 2	 Protocol_Missing: 0	 0.0	 0.0	 2594.8124999999986	 1095.7333333333331	 0.0	 86085.0	 37568.0	 15.0	 
50010	50000	10	 sysNum: 	10000	 MissingNum: 	0	 2906.1666666666656	 96952	 2	 Protocol_Missing: 0	 0.0	 0.0	 2065.583333333333	 840.5833333333333	 0.0	 68132.0	 28820.0	 14.0	 
50010	50000	10	 sysNum: 	4999	 MissingNum: 	0	 1863.166666666666	 61192	 2	 Protocol_Missing: 0	 0.0	 0.0	 1342.1333333333328	 521.0333333333334	 0.0	 43328.0	 17864.0	 14.0	 
50010	50000	10	 sysNum: 	45009	 MissingNum: 	0	 5711.008333333335	 193118	 2	 Protocol_Missing: 0	 0.0	 0.0	 4085.199999999998	 1625.808333333333	 0.0	 137376.0	 55742.0	 14.0	 
50010	50000	10	 sysNum: 	40008	 MissingNum: 	0	 5598.716666666672	 189460	 2	 Protocol_Missing: 0	 0.0	 0.0	 3976.2041666666646	 1622.5125000000003	 0.0	 133831.0	 55629.0	 13.0	 
50010	50000	10	 sysNum: 	35007	 MissingNum: 	0	 5393.237500000004	 182223	 2	 Protocol_Missing: 0	 0.0	 0.0	 3824.508333333332	 1568.7291666666663	 0.0	 128438.0	 53785.0	 14.0	 
50010	50000	10	 sysNum: 	30006	 MissingNum: 	0	 5104.895833333337	 172145	 2	 Protocol_Missing: 0	 0.0	 0.0	 3607.8583333333318	 1497.0374999999997	 0.0	 120818.0	 51327.0	 15.0	 
50010	50000	10	 sysNum: 	25005	 MissingNum: 	0	 4706.508333333334	 158870	 2	 Protocol_Missing: 0	 0.0	 0.0	 3317.4458333333314	 1389.0625	 0.0	 111245.0	 47625.0	 13.0	 
50010	50000	10	 sysNum: 	20004	 MissingNum: 	0	 4298.204166666666	 144487	 2	 Protocol_Missing: 0	 0.0	 0.0	 3026.0416666666656	 1272.1625000000001	 0.0	 100870.0	 43617.0	 15.0	 
50010	50000	10	 sysNum: 	15001	 MissingNum: 	0	 3706.6166666666645	 124396	 2	 Protocol_Missing: 0	 0.0	 0.0	 2607.762499999998	 1098.8541666666665	 0.0	 86721.0	 37675.0	 14.0	 
50010	50000	10	 sysNum: 	10000	 MissingNum: 	0	 2907.6833333333316	 97004	 2	 Protocol_Missing: 0	 0.0	 0.0	 2063.8041666666654	 843.8791666666666	 0.0	 68071.0	 28933.0	 14.0	 
50010	50000	10	 sysNum: 	4999	 MissingNum: 	0	 1826.824999999999	 59946	 2	 Protocol_Missing: 0	 0.0	 0.0	 1318.9166666666658	 507.90833333333325	 0.0	 42532.0	 17414.0	 14.0	 
50010	50000	10	 sysNum: 	45009	 MissingNum: 	0	 5686.916666666669	 192292	 2	 Protocol_Missing: 0	 0.0	 0.0	 4066.824999999999	 1620.0916666666665	 0.0	 136746.0	 55546.0	 14.0	 
50010	50000	10	 sysNum: 	40008	 MissingNum: 	0	 5542.104166666669	 187135	 2	 Protocol_Missing: 0	 0.0	 0.0	 3948.029166666665	 1594.075	 0.0	 132481.0	 54654.0	 15.0	 
50010	50000	10	 sysNum: 	35007	 MissingNum: 	0	 5392.362500000004	 182001	 2	 Protocol_Missing: 0	 0.0	 0.0	 3826.1999999999985	 1566.1625	 0.0	 128304.0	 53697.0	 15.0	 
50010	50000	10	 sysNum: 	30006	 MissingNum: 	0	 5060.591666666671	 170818	 2	 Protocol_Missing: 0	 0.0	 0.0	 3579.770833333332	 1480.8208333333332	 0.0	 120047.0	 50771.0	 14.0	 
50010	50000	10	 sysNum: 	25005	 MissingNum: 	0	 4705.458333333335	 158834	 2	 Protocol_Missing: 0	 0.0	 0.0	 3318.6999999999985	 1386.758333333333	 0.0	 111288.0	 47546.0	 13.0	 
50010	50000	10	 sysNum: 	20004	 MissingNum: 	0	 4252.004166666667	 143287	 2	 Protocol_Missing: 0	 0.0	 0.0	 2993.404166666665	 1258.6	 0.0	 100135.0	 43152.0	 13.0	 
50010	50000	10	 sysNum: 	15001	 MissingNum: 	0	 3694.570833333333	 123983	 2	 Protocol_Missing: 0	 0.0	 0.0	 2597.6708333333327	 1096.8999999999999	 0.0	 86375.0	 37608.0	 14.0	 
50010	50000	10	 sysNum: 	10000	 MissingNum: 	0	 2927.749999999999	 97692	 2	 Protocol_Missing: 0	 0.0	 0.0	 2074.829166666666	 852.9208333333332	 0.0	 68449.0	 29243.0	 14.0	 
50010	50000	10	 sysNum: 	4999	 MissingNum: 	0	 1862.1458333333323	 60965	 2	 Protocol_Missing: 0	 0.0	 0.0	 1344.4958333333327	 517.6500000000001	 0.0	 43217.0	 17748.0	 15.0	 
50010	50000	10	 sysNum: 	45009	 MissingNum: 	0	 5706.60416666667	 192967	 2	 Protocol_Missing: 0	 0.0	 0.0	 4078.4916666666654	 1628.1124999999995	 0.0	 137146.0	 55821.0	 14.0	 
50010	50000	10	 sysNum: 	40008	 MissingNum: 	0	 5624.52916666667	 190345	 2	 Protocol_Missing: 0	 0.0	 0.0	 3996.620833333332	 1627.9083333333335	 0.0	 134531.0	 55814.0	 13.0	 
50010	50000	10	 sysNum: 	35007	 MissingNum: 	0	 5377.604166666671	 181687	 2	 Protocol_Missing: 0	 0.0	 0.0	 3811.5291666666653	 1566.0749999999996	 0.0	 127993.0	 53694.0	 14.0	 
50010	50000	10	 sysNum: 	30006	 MissingNum: 	0	 5060.912500000003	 171021	 2	 Protocol_Missing: 0	 0.0	 0.0	 3578.079166666665	 1482.8333333333333	 0.0	 120181.0	 50840.0	 13.0	 
50010	50000	10	 sysNum: 	25005	 MissingNum: 	0	 4730.775000000002	 159318	 2	 Protocol_Missing: 0	 0.0	 0.0	 3337.0458333333318	 1393.7291666666665	 0.0	 111533.0	 47785.0	 15.0	 
50010	50000	10	 sysNum: 	20004	 MissingNum: 	0	 4264.749999999999	 143532	 2	 Protocol_Missing: 0	 0.0	 0.0	 3002.5624999999986	 1262.1875	 0.0	 100257.0	 43275.0	 14.0	 
50010	50000	10	 sysNum: 	15001	 MissingNum: 	0	 3696.466666666666	 124048	 2	 Protocol_Missing: 0	 0.0	 0.0	 2599.5958333333324	 1096.870833333333	 0.0	 86441.0	 37607.0	 14.0	 
50010	50000	10	 sysNum: 	10000	 MissingNum: 	0	 2910.833333333332	 97112	 2	 Protocol_Missing: 0	 0.0	 0.0	 2067.362499999999	 843.4708333333332	 0.0	 68193.0	 28919.0	 14.0	 
50010	50000	10	 sysNum: 	4999	 MissingNum: 	0	 1864.654166666665	 61051	 2	 Protocol_Missing: 0	 0.0	 0.0	 1347.0333333333322	 517.6208333333334	 0.0	 43304.0	 17747.0	 15.0	 
50010	50000	10	 sysNum: 	45009	 MissingNum: 	0	 5713.866666666667	 193216	 2	 Protocol_Missing: 0	 0.0	 0.0	 4084.1208333333316	 1629.7458333333334	 0.0	 137339.0	 55877.0	 14.0	 
50010	50000	10	 sysNum: 	40008	 MissingNum: 	0	 5537.729166666669	 187369	 2	 Protocol_Missing: 0	 0.0	 0.0	 3937.2374999999984	 1600.4916666666668	 0.0	 132495.0	 54874.0	 13.0	 
50010	50000	10	 sysNum: 	35007	 MissingNum: 	0	 5369.0000000000055	 181200	 2	 Protocol_Missing: 0	 0.0	 0.0	 3809.1958333333314	 1559.804166666667	 0.0	 127721.0	 53479.0	 15.0	 
50010	50000	10	 sysNum: 	30006	 MissingNum: 	0	 5075.583333333337	 171332	 2	 Protocol_Missing: 0	 0.0	 0.0	 3589.687499999999	 1485.8958333333333	 0.0	 120387.0	 50945.0	 14.0	 
50010	50000	10	 sysNum: 	25005	 MissingNum: 	0	 4721.587500000001	 159387	 2	 Protocol_Missing: 0	 0.0	 0.0	 3332.437499999998	 1389.15	 0.0	 111759.0	 47628.0	 13.0	 
50010	50000	10	 sysNum: 	20004	 MissingNum: 	0	 4236.429166666667	 142561	 2	 Protocol_Missing: 0	 0.0	 0.0	 2985.324999999998	 1251.1041666666665	 0.0	 99666.0	 42895.0	 14.0	 
50010	50000	10	 sysNum: 	15001	 MissingNum: 	0	 3655.2541666666657	 122635	 2	 Protocol_Missing: 0	 0.0	 0.0	 2574.074999999999	 1081.1791666666666	 0.0	 85566.0	 37069.0	 14.0	 
50010	50000	10	 sysNum: 	10000	 MissingNum: 	0	 2894.8791666666652	 96757	 2	 Protocol_Missing: 0	 0.0	 0.0	 2053.829166666666	 841.05	 0.0	 67921.0	 28836.0	 13.0	 
50010	50000	10	 sysNum: 	4999	 MissingNum: 	0	 1843.3916666666657	 60322	 2	 Protocol_Missing: 0	 0.0	 0.0	 1332.4791666666658	 510.91249999999997	 0.0	 42805.0	 17517.0	 15.0	 
50010	50000	10	 sysNum: 	45009	 MissingNum: 	0	 5694.587500000003	 192555	 2	 Protocol_Missing: 0	 0.0	 0.0	 4074.3499999999985	 1620.2374999999995	 0.0	 137004.0	 55551.0	 14.0	 
50010	50000	10	 sysNum: 	40008	 MissingNum: 	0	 5592.620833333337	 188867	 2	 Protocol_Missing: 0	 0.0	 0.0	 3980.8999999999983	 1611.7208333333335	 0.0	 133608.0	 55259.0	 15.0	 
50010	50000	10	 sysNum: 	35007	 MissingNum: 	0	 5369.087500000002	 181587	 2	 Protocol_Missing: 0	 0.0	 0.0	 3804.3833333333314	 1564.7041666666667	 0.0	 127940.0	 53647.0	 13.0	 
50010	50000	10	 sysNum: 	30006	 MissingNum: 	0	 5066.7750000000015	 170838	 2	 Protocol_Missing: 0	 0.0	 0.0	 3582.395833333332	 1484.3791666666666	 0.0	 119945.0	 50893.0	 15.0	 
50010	50000	10	 sysNum: 	25005	 MissingNum: 	0	 4726.779166666669	 159373	 2	 Protocol_Missing: 0	 0.0	 0.0	 3335.558333333332	 1391.2208333333333	 0.0	 111674.0	 47699.0	 14.0	 
50010	50000	10	 sysNum: 	20004	 MissingNum: 	0	 4260.258333333333	 143570	 2	 Protocol_Missing: 0	 0.0	 0.0	 3000.987499999999	 1259.2708333333335	 0.0	 100395.0	 43175.0	 13.0	 
50010	50000	10	 sysNum: 	15001	 MissingNum: 	0	 3696.116666666664	 124036	 2	 Protocol_Missing: 0	 0.0	 0.0	 2597.7583333333314	 1098.3583333333333	 0.0	 86378.0	 37658.0	 14.0	 
50010	50000	10	 sysNum: 	10000	 MissingNum: 	0	 2913.8666666666654	 97216	 2	 Protocol_Missing: 0	 0.0	 0.0	 2068.470833333332	 845.3958333333335	 0.0	 68231.0	 28985.0	 14.0	 
50010	50000	10	 sysNum: 	4999	 MissingNum: 	0	 1853.3083333333325	 60854	 2	 Protocol_Missing: 0	 0.0	 0.0	 1338.2541666666657	 515.0541666666667	 0.0	 43195.0	 17659.0	 14.0	 
50010	50000	10	 sysNum: 	45009	 MissingNum: 	0	 5719.379166666671	 193213	 2	 Protocol_Missing: 0	 0.0	 0.0	 4091.295833333331	 1628.083333333333	 0.0	 137393.0	 55820.0	 15.0	 
50010	50000	10	 sysNum: 	40008	 MissingNum: 	0	 5575.61666666667	 188476	 2	 Protocol_Missing: 0	 0.0	 0.0	 3967.5416666666647	 1608.075	 0.0	 133342.0	 55134.0	 14.0	 
50010	50000	10	 sysNum: 	35007	 MissingNum: 	0	 5339.425000000004	 180570	 2	 Protocol_Missing: 0	 0.0	 0.0	 3785.0458333333318	 1554.3791666666662	 0.0	 127277.0	 53293.0	 13.0	 
50010	50000	10	 sysNum: 	30006	 MissingNum: 	0	 5092.208333333337	 171902	 2	 Protocol_Missing: 0	 0.0	 0.0	 3600.070833333332	 1492.1374999999998	 0.0	 120743.0	 51159.0	 14.0	 
50010	50000	10	 sysNum: 	25005	 MissingNum: 	0	 4739.087500000005	 159987	 2	 Protocol_Missing: 0	 0.0	 0.0	 3338.1833333333316	 1400.9041666666665	 0.0	 111956.0	 48031.0	 13.0	 
50010	50000	10	 sysNum: 	20004	 MissingNum: 	0	 4293.654166666666	 144523	 2	 Protocol_Missing: 0	 0.0	 0.0	 3021.987499999998	 1271.6666666666665	 0.0	 100923.0	 43600.0	 14.0	 
50010	50000	10	 sysNum: 	15001	 MissingNum: 	0	 3693.6374999999985	 123951	 2	 Protocol_Missing: 0	 0.0	 0.0	 2601.2291666666656	 1092.4083333333333	 0.0	 86497.0	 37454.0	 14.0	 
50010	50000	10	 sysNum: 	10000	 MissingNum: 	0	 2934.7208333333333	 97931	 2	 Protocol_Missing: 0	 0.0	 0.0	 2080.1958333333323	 854.5249999999999	 0.0	 68633.0	 29298.0	 14.0	 
50010	50000	10	 sysNum: 	4999	 MissingNum: 	0	 1837.1499999999992	 60492	 2	 Protocol_Missing: 0	 0.0	 0.0	 1324.0499999999993	 513.1	 0.0	 42900.0	 17592.0	 13.0	 
