50010	50000	10	 sysNum: 	45009	 MissingNum: 	0	 46459.79166663908	 235826	 2	 Protocol_Missing: 0	 4084.791666666664	 0.0	 0.0	 0.0	 0.0	 0.0	 0.0	 0.0	 
50010	50000	10	 sysNum: 	40008	 MissingNum: 	0	 46316.474999972444	 235582	 2	 Protocol_Missing: 0	 4066.474999999998	 0.0	 0.0	 0.0	 0.0	 0.0	 0.0	 0.0	 
50010	50000	10	 sysNum: 	35007	 MissingNum: 	0	 46252.462499972324	 235945	 2	 Protocol_Missing: 0	 4127.462500000001	 0.0	 0.0	 0.0	 0.0	 0.0	 0.0	 0.0	 
50010	50000	10	 sysNum: 	30006	 MissingNum: 	0	 46108.358333305696	 236250	 2	 Protocol_Missing: 0	 4108.358333333332	 0.0	 0.0	 0.0	 0.0	 0.0	 0.0	 0.0	 
50010	50000	10	 sysNum: 	25005	 MissingNum: 	0	 45954.429166639085	 236094	 2	 Protocol_Missing: 0	 4081.5541666666645	 0.0	 0.0	 0.0	 0.0	 0.0	 0.0	 0.0	 
50010	50000	10	 sysNum: 	20004	 MissingNum: 	0	 45841.42083330573	 236094	 2	 Protocol_Missing: 0	 4092.695833333332	 0.0	 0.0	 0.0	 0.0	 0.0	 0.0	 0.0	 
50010	50000	10	 sysNum: 	15001	 MissingNum: 	0	 45722.99166663905	 235333	 2	 Protocol_Missing: 0	 4098.441666666664	 0.0	 0.0	 0.0	 0.0	 0.0	 0.0	 0.0	 
50010	50000	10	 sysNum: 	10000	 MissingNum: 	0	 29627.645833333067	 197897	 2	 Protocol_Missing: 0	 4066.7958333333313	 0.0	 0.0	 0.0	 0.0	 0.0	 0.0	 0.0	 
50010	50000	10	 sysNum: 	4999	 MissingNum: 	0	 26313.620833334244	 190293	 2	 Protocol_Missing: 0	 4063.645833333331	 0.0	 0.0	 0.0	 0.0	 0.0	 0.0	 0.0	 
50010	50000	10	 sysNum: 	45009	 MissingNum: 	0	 46422.34166663916	 234734	 2	 Protocol_Missing: 0	 4047.3416666666662	 0.0	 0.0	 0.0	 0.0	 0.0	 0.0	 0.0	 
50010	50000	10	 sysNum: 	40008	 MissingNum: 	0	 46369.67499997234	 236446	 2	 Protocol_Missing: 0	 4119.674999999999	 0.0	 0.0	 0.0	 0.0	 0.0	 0.0	 0.0	 
50010	50000	10	 sysNum: 	35007	 MissingNum: 	0	 46214.195833305734	 235977	 2	 Protocol_Missing: 0	 4089.1958333333314	 0.0	 0.0	 0.0	 0.0	 0.0	 0.0	 0.0	 
50010	50000	10	 sysNum: 	30006	 MissingNum: 	0	 46092.72083330572	 235741	 2	 Protocol_Missing: 0	 4093.5708333333314	 0.0	 0.0	 0.0	 0.0	 0.0	 0.0	 0.0	 
50010	50000	10	 sysNum: 	25005	 MissingNum: 	0	 45978.741666639035	 236338	 2	 Protocol_Missing: 0	 4105.441666666666	 0.0	 0.0	 0.0	 0.0	 0.0	 0.0	 0.0	 
50010	50000	10	 sysNum: 	20004	 MissingNum: 	0	 45832.16666663908	 236120	 2	 Protocol_Missing: 0	 4082.1666666666642	 0.0	 0.0	 0.0	 0.0	 0.0	 0.0	 0.0	 
50010	50000	10	 sysNum: 	15001	 MissingNum: 	0	 45717.37916663906	 236279	 2	 Protocol_Missing: 0	 4092.4041666666644	 0.0	 0.0	 0.0	 0.0	 0.0	 0.0	 0.0	 
50010	50000	10	 sysNum: 	10000	 MissingNum: 	0	 29649.449999999677	 198364	 2	 Protocol_Missing: 0	 4091.8499999999985	 0.0	 0.0	 0.0	 0.0	 0.0	 0.0	 0.0	 
50010	50000	10	 sysNum: 	4999	 MissingNum: 	0	 26323.391666667572	 190436	 2	 Protocol_Missing: 0	 4073.416666666664	 0.0	 0.0	 0.0	 0.0	 0.0	 0.0	 0.0	 
50010	50000	10	 sysNum: 	45009	 MissingNum: 	0	 46469.88333330573	 236172	 2	 Protocol_Missing: 0	 4094.883333333332	 0.0	 0.0	 0.0	 0.0	 0.0	 0.0	 0.0	 
50010	50000	10	 sysNum: 	40008	 MissingNum: 	0	 46333.566666639075	 235016	 2	 Protocol_Missing: 0	 4083.5666666666643	 0.0	 0.0	 0.0	 0.0	 0.0	 0.0	 0.0	 
50010	50000	10	 sysNum: 	35007	 MissingNum: 	0	 46231.99999997236	 236217	 2	 Protocol_Missing: 0	 4107.424999999999	 0.0	 0.0	 0.0	 0.0	 0.0	 0.0	 0.0	 
50010	50000	10	 sysNum: 	30006	 MissingNum: 	0	 46057.98749997247	 234907	 2	 Protocol_Missing: 0	 4057.9874999999975	 0.0	 0.0	 0.0	 0.0	 0.0	 0.0	 0.0	 
50010	50000	10	 sysNum: 	25005	 MissingNum: 	0	 45950.58333330576	 235551	 2	 Protocol_Missing: 0	 4076.8583333333318	 0.0	 0.0	 0.0	 0.0	 0.0	 0.0	 0.0	 
50010	50000	10	 sysNum: 	20004	 MissingNum: 	0	 45834.96666663907	 236024	 2	 Protocol_Missing: 0	 4084.9666666666644	 0.0	 0.0	 0.0	 0.0	 0.0	 0.0	 0.0	 
50010	50000	10	 sysNum: 	15001	 MissingNum: 	0	 45708.024999972404	 235902	 2	 Protocol_Missing: 0	 4087.2999999999993	 0.0	 0.0	 0.0	 0.0	 0.0	 0.0	 0.0	 
50010	50000	10	 sysNum: 	10000	 MissingNum: 	0	 29710.62499999956	 199398	 2	 Protocol_Missing: 0	 4149.775000000002	 0.0	 0.0	 0.0	 0.0	 0.0	 0.0	 0.0	 
50010	50000	10	 sysNum: 	4999	 MissingNum: 	0	 26367.63750000091	 191569	 2	 Protocol_Missing: 0	 4117.6624999999985	 0.0	 0.0	 0.0	 0.0	 0.0	 0.0	 0.0	 
50010	50000	10	 sysNum: 	45009	 MissingNum: 	0	 46464.60416663907	 235799	 2	 Protocol_Missing: 0	 4089.6041666666642	 0.0	 0.0	 0.0	 0.0	 0.0	 0.0	 0.0	 
50010	50000	10	 sysNum: 	40008	 MissingNum: 	0	 46317.68333330578	 235253	 2	 Protocol_Missing: 0	 4068.1083333333313	 0.0	 0.0	 0.0	 0.0	 0.0	 0.0	 0.0	 
50010	50000	10	 sysNum: 	35007	 MissingNum: 	0	 46221.39999997239	 236032	 2	 Protocol_Missing: 0	 4096.399999999999	 0.0	 0.0	 0.0	 0.0	 0.0	 0.0	 0.0	 
50010	50000	10	 sysNum: 	30006	 MissingNum: 	0	 46065.74166663912	 235200	 2	 Protocol_Missing: 0	 4066.5916666666644	 0.0	 0.0	 0.0	 0.0	 0.0	 0.0	 0.0	 
50010	50000	10	 sysNum: 	25005	 MissingNum: 	0	 45970.29999997238	 235843	 2	 Protocol_Missing: 0	 4096.574999999998	 0.0	 0.0	 0.0	 0.0	 0.0	 0.0	 0.0	 
50010	50000	10	 sysNum: 	20004	 MissingNum: 	0	 45840.21666663906	 236204	 2	 Protocol_Missing: 0	 4090.2166666666644	 0.0	 0.0	 0.0	 0.0	 0.0	 0.0	 0.0	 
50010	50000	10	 sysNum: 	15001	 MissingNum: 	0	 45709.21666663907	 235875	 2	 Protocol_Missing: 0	 4086.366666666665	 0.0	 0.0	 0.0	 0.0	 0.0	 0.0	 0.0	 
50010	50000	10	 sysNum: 	10000	 MissingNum: 	0	 29653.362499999683	 198535	 2	 Protocol_Missing: 0	 4090.887499999998	 0.0	 0.0	 0.0	 0.0	 0.0	 0.0	 0.0	 
50010	50000	10	 sysNum: 	4999	 MissingNum: 	0	 26346.141666667576	 191024	 2	 Protocol_Missing: 0	 4096.166666666665	 0.0	 0.0	 0.0	 0.0	 0.0	 0.0	 0.0	 
50010	50000	10	 sysNum: 	45009	 MissingNum: 	0	 46464.720833305735	 235419	 2	 Protocol_Missing: 0	 4089.720833333331	 0.0	 0.0	 0.0	 0.0	 0.0	 0.0	 0.0	 
50010	50000	10	 sysNum: 	40008	 MissingNum: 	0	 46334.6874999724	 235068	 2	 Protocol_Missing: 0	 4085.112499999997	 0.0	 0.0	 0.0	 0.0	 0.0	 0.0	 0.0	 
50010	50000	10	 sysNum: 	35007	 MissingNum: 	0	 46243.566666639	 236408	 2	 Protocol_Missing: 0	 4118.566666666664	 0.0	 0.0	 0.0	 0.0	 0.0	 0.0	 0.0	 
50010	50000	10	 sysNum: 	30006	 MissingNum: 	0	 46089.470833305735	 236384	 2	 Protocol_Missing: 0	 4089.8958333333317	 0.0	 0.0	 0.0	 0.0	 0.0	 0.0	 0.0	 
50010	50000	10	 sysNum: 	25005	 MissingNum: 	0	 45964.774999972404	 236408	 2	 Protocol_Missing: 0	 4090.624999999998	 0.0	 0.0	 0.0	 0.0	 0.0	 0.0	 0.0	 
50010	50000	10	 sysNum: 	20004	 MissingNum: 	0	 45864.39583330568	 236457	 2	 Protocol_Missing: 0	 4114.395833333332	 0.0	 0.0	 0.0	 0.0	 0.0	 0.0	 0.0	 
50010	50000	10	 sysNum: 	15001	 MissingNum: 	0	 45691.46249997245	 235404	 2	 Protocol_Missing: 0	 4066.912499999998	 0.0	 0.0	 0.0	 0.0	 0.0	 0.0	 0.0	 
50010	50000	10	 sysNum: 	10000	 MissingNum: 	0	 29663.687499999658	 198505	 2	 Protocol_Missing: 0	 4101.212499999998	 0.0	 0.0	 0.0	 0.0	 0.0	 0.0	 0.0	 
50010	50000	10	 sysNum: 	4999	 MissingNum: 	0	 26357.895833334245	 191043	 2	 Protocol_Missing: 0	 4107.920833333332	 0.0	 0.0	 0.0	 0.0	 0.0	 0.0	 0.0	 
50010	50000	10	 sysNum: 	45009	 MissingNum: 	0	 46455.124999972424	 235858	 2	 Protocol_Missing: 0	 4080.1249999999986	 0.0	 0.0	 0.0	 0.0	 0.0	 0.0	 0.0	 
50010	50000	10	 sysNum: 	40008	 MissingNum: 	0	 46334.441666639075	 235814	 2	 Protocol_Missing: 0	 4084.441666666665	 0.0	 0.0	 0.0	 0.0	 0.0	 0.0	 0.0	 
50010	50000	10	 sysNum: 	35007	 MissingNum: 	0	 46206.68333330575	 235541	 2	 Protocol_Missing: 0	 4082.108333333332	 0.0	 0.0	 0.0	 0.0	 0.0	 0.0	 0.0	 
50010	50000	10	 sysNum: 	30006	 MissingNum: 	0	 46105.94999997236	 236565	 2	 Protocol_Missing: 0	 4106.374999999997	 0.0	 0.0	 0.0	 0.0	 0.0	 0.0	 0.0	 
50010	50000	10	 sysNum: 	25005	 MissingNum: 	0	 45969.912499972386	 236173	 2	 Protocol_Missing: 0	 4094.912499999999	 0.0	 0.0	 0.0	 0.0	 0.0	 0.0	 0.0	 
50010	50000	10	 sysNum: 	20004	 MissingNum: 	0	 45834.93749997241	 235639	 2	 Protocol_Missing: 0	 4084.9374999999977	 0.0	 0.0	 0.0	 0.0	 0.0	 0.0	 0.0	 
50010	50000	10	 sysNum: 	15001	 MissingNum: 	0	 45713.52916663907	 235571	 2	 Protocol_Missing: 0	 4088.554166666664	 0.0	 0.0	 0.0	 0.0	 0.0	 0.0	 0.0	 
50010	50000	10	 sysNum: 	10000	 MissingNum: 	0	 29652.779166666347	 198515	 2	 Protocol_Missing: 0	 4090.304166666664	 0.0	 0.0	 0.0	 0.0	 0.0	 0.0	 0.0	 
50010	50000	10	 sysNum: 	4999	 MissingNum: 	0	 26349.612500000912	 191335	 2	 Protocol_Missing: 0	 4099.637499999999	 0.0	 0.0	 0.0	 0.0	 0.0	 0.0	 0.0	 
50010	50000	10	 sysNum: 	45009	 MissingNum: 	0	 46458.537499972415	 235591	 2	 Protocol_Missing: 0	 4083.5374999999985	 0.0	 0.0	 0.0	 0.0	 0.0	 0.0	 0.0	 
50010	50000	10	 sysNum: 	40008	 MissingNum: 	0	 46318.42916663911	 235457	 2	 Protocol_Missing: 0	 4068.4291666666654	 0.0	 0.0	 0.0	 0.0	 0.0	 0.0	 0.0	 
50010	50000	10	 sysNum: 	35007	 MissingNum: 	0	 46193.77916663911	 235661	 2	 Protocol_Missing: 0	 4068.779166666666	 0.0	 0.0	 0.0	 0.0	 0.0	 0.0	 0.0	 
50010	50000	10	 sysNum: 	30006	 MissingNum: 	0	 46150.15416663894	 236915	 2	 Protocol_Missing: 0	 4150.154166666667	 0.0	 0.0	 0.0	 0.0	 0.0	 0.0	 0.0	 
50010	50000	10	 sysNum: 	25005	 MissingNum: 	0	 45975.62916663904	 235793	 2	 Protocol_Missing: 0	 4100.629166666664	 0.0	 0.0	 0.0	 0.0	 0.0	 0.0	 0.0	 
50010	50000	10	 sysNum: 	20004	 MissingNum: 	0	 45852.2333333057	 236232	 2	 Protocol_Missing: 0	 4102.233333333332	 0.0	 0.0	 0.0	 0.0	 0.0	 0.0	 0.0	 
50010	50000	10	 sysNum: 	15001	 MissingNum: 	0	 45684.333333305796	 235146	 2	 Protocol_Missing: 0	 4059.3583333333313	 0.0	 0.0	 0.0	 0.0	 0.0	 0.0	 0.0	 
50010	50000	10	 sysNum: 	10000	 MissingNum: 	0	 29634.59583333305	 197995	 2	 Protocol_Missing: 0	 4075.3708333333316	 0.0	 0.0	 0.0	 0.0	 0.0	 0.0	 0.0	 
50010	50000	10	 sysNum: 	4999	 MissingNum: 	0	 26323.94583333424	 190455	 2	 Protocol_Missing: 0	 4073.970833333331	 0.0	 0.0	 0.0	 0.0	 0.0	 0.0	 0.0	 
50010	50000	10	 sysNum: 	45009	 MissingNum: 	0	 46453.63749997242	 235615	 2	 Protocol_Missing: 0	 4078.6374999999975	 0.0	 0.0	 0.0	 0.0	 0.0	 0.0	 0.0	 
50010	50000	10	 sysNum: 	40008	 MissingNum: 	0	 46357.833333305694	 235464	 2	 Protocol_Missing: 0	 4107.833333333332	 0.0	 0.0	 0.0	 0.0	 0.0	 0.0	 0.0	 
50010	50000	10	 sysNum: 	35007	 MissingNum: 	0	 46229.88749997237	 236707	 2	 Protocol_Missing: 0	 4104.887499999998	 0.0	 0.0	 0.0	 0.0	 0.0	 0.0	 0.0	 
50010	50000	10	 sysNum: 	30006	 MissingNum: 	0	 46109.52499997236	 236674	 2	 Protocol_Missing: 0	 4109.524999999999	 0.0	 0.0	 0.0	 0.0	 0.0	 0.0	 0.0	 
50010	50000	10	 sysNum: 	25005	 MissingNum: 	0	 45960.49166663908	 235850	 2	 Protocol_Missing: 0	 4085.491666666665	 0.0	 0.0	 0.0	 0.0	 0.0	 0.0	 0.0	 
50010	50000	10	 sysNum: 	20004	 MissingNum: 	0	 45851.42916663904	 236026	 2	 Protocol_Missing: 0	 4101.854166666665	 0.0	 0.0	 0.0	 0.0	 0.0	 0.0	 0.0	 
50010	50000	10	 sysNum: 	15001	 MissingNum: 	0	 45738.683333305686	 236831	 2	 Protocol_Missing: 0	 4114.133333333332	 0.0	 0.0	 0.0	 0.0	 0.0	 0.0	 0.0	 
50010	50000	10	 sysNum: 	10000	 MissingNum: 	0	 29629.462499999725	 197627	 2	 Protocol_Missing: 0	 4070.237499999998	 0.0	 0.0	 0.0	 0.0	 0.0	 0.0	 0.0	 
50010	50000	10	 sysNum: 	4999	 MissingNum: 	0	 26346.725000000908	 190660	 2	 Protocol_Missing: 0	 4096.749999999997	 0.0	 0.0	 0.0	 0.0	 0.0	 0.0	 0.0	 
50010	50000	10	 sysNum: 	45009	 MissingNum: 	0	 46464.95416663907	 235811	 2	 Protocol_Missing: 0	 4089.9541666666646	 0.0	 0.0	 0.0	 0.0	 0.0	 0.0	 0.0	 
50010	50000	10	 sysNum: 	40008	 MissingNum: 	0	 46329.483333305754	 235452	 2	 Protocol_Missing: 0	 4079.4833333333318	 0.0	 0.0	 0.0	 0.0	 0.0	 0.0	 0.0	 
50010	50000	10	 sysNum: 	35007	 MissingNum: 	0	 46200.74999997243	 235708	 2	 Protocol_Missing: 0	 4075.749999999998	 0.0	 0.0	 0.0	 0.0	 0.0	 0.0	 0.0	 
50010	50000	10	 sysNum: 	30006	 MissingNum: 	0	 46096.42916663905	 235841	 2	 Protocol_Missing: 0	 4096.429166666664	 0.0	 0.0	 0.0	 0.0	 0.0	 0.0	 0.0	 
50010	50000	10	 sysNum: 	25005	 MissingNum: 	0	 45965.59583330573	 235833	 2	 Protocol_Missing: 0	 4090.5958333333315	 0.0	 0.0	 0.0	 0.0	 0.0	 0.0	 0.0	 
50010	50000	10	 sysNum: 	20004	 MissingNum: 	0	 45842.85416663906	 236116	 2	 Protocol_Missing: 0	 4093.2791666666635	 0.0	 0.0	 0.0	 0.0	 0.0	 0.0	 0.0	 
50010	50000	10	 sysNum: 	15001	 MissingNum: 	0	 45695.39999997243	 235634	 2	 Protocol_Missing: 0	 4073.8249999999975	 0.0	 0.0	 0.0	 0.0	 0.0	 0.0	 0.0	 
50010	50000	10	 sysNum: 	10000	 MissingNum: 	0	 29671.86249999964	 198837	 2	 Protocol_Missing: 0	 4111.012499999998	 0.0	 0.0	 0.0	 0.0	 0.0	 0.0	 0.0	 
50010	50000	10	 sysNum: 	4999	 MissingNum: 	0	 26365.362500000912	 191427	 2	 Protocol_Missing: 0	 4119.412499999999	 0.0	 0.0	 0.0	 0.0	 0.0	 0.0	 0.0	 
50010	50000	10	 sysNum: 	45009	 MissingNum: 	0	 46460.666666639074	 235472	 2	 Protocol_Missing: 0	 4085.666666666664	 0.0	 0.0	 0.0	 0.0	 0.0	 0.0	 0.0	 
50010	50000	10	 sysNum: 	40008	 MissingNum: 	0	 46373.291666638994	 236570	 2	 Protocol_Missing: 0	 4123.291666666666	 0.0	 0.0	 0.0	 0.0	 0.0	 0.0	 0.0	 
50010	50000	10	 sysNum: 	35007	 MissingNum: 	0	 46220.18749997239	 236004	 2	 Protocol_Missing: 0	 4095.612499999998	 0.0	 0.0	 0.0	 0.0	 0.0	 0.0	 0.0	 
50010	50000	10	 sysNum: 	30006	 MissingNum: 	0	 46081.58333330575	 235524	 2	 Protocol_Missing: 0	 4081.583333333331	 0.0	 0.0	 0.0	 0.0	 0.0	 0.0	 0.0	 
50010	50000	10	 sysNum: 	25005	 MissingNum: 	0	 45972.78333330571	 235901	 2	 Protocol_Missing: 0	 4098.208333333331	 0.0	 0.0	 0.0	 0.0	 0.0	 0.0	 0.0	 
50010	50000	10	 sysNum: 	20004	 MissingNum: 	0	 45846.29583330571	 236042	 2	 Protocol_Missing: 0	 4096.720833333331	 0.0	 0.0	 0.0	 0.0	 0.0	 0.0	 0.0	 
50010	50000	10	 sysNum: 	15001	 MissingNum: 	0	 45701.28749997243	 235192	 2	 Protocol_Missing: 0	 4077.587499999998	 0.0	 0.0	 0.0	 0.0	 0.0	 0.0	 0.0	 
50010	50000	10	 sysNum: 	10000	 MissingNum: 	0	 29650.21249999969	 198043	 2	 Protocol_Missing: 0	 4087.737499999998	 0.0	 0.0	 0.0	 0.0	 0.0	 0.0	 0.0	 
50010	50000	10	 sysNum: 	4999	 MissingNum: 	0	 26340.13333333424	 191010	 2	 Protocol_Missing: 0	 4090.158333333331	 0.0	 0.0	 0.0	 0.0	 0.0	 0.0	 0.0	 
50010	50000	10	 sysNum: 	45009	 MissingNum: 	0	 46493.19999997234	 236409	 2	 Protocol_Missing: 0	 4118.624999999998	 0.0	 0.0	 0.0	 0.0	 0.0	 0.0	 0.0	 
50010	50000	10	 sysNum: 	40008	 MissingNum: 	0	 46331.349999972415	 235516	 2	 Protocol_Missing: 0	 4081.3499999999976	 0.0	 0.0	 0.0	 0.0	 0.0	 0.0	 0.0	 
50010	50000	10	 sysNum: 	35007	 MissingNum: 	0	 46202.55833330576	 235770	 2	 Protocol_Missing: 0	 4077.5583333333316	 0.0	 0.0	 0.0	 0.0	 0.0	 0.0	 0.0	 
50010	50000	10	 sysNum: 	30006	 MissingNum: 	0	 46090.75416663906	 235852	 2	 Protocol_Missing: 0	 4091.179166666664	 0.0	 0.0	 0.0	 0.0	 0.0	 0.0	 0.0	 
50010	50000	10	 sysNum: 	25005	 MissingNum: 	0	 45960.15416663908	 235660	 2	 Protocol_Missing: 0	 4085.5791666666646	 0.0	 0.0	 0.0	 0.0	 0.0	 0.0	 0.0	 
50010	50000	10	 sysNum: 	20004	 MissingNum: 	0	 45831.841666639084	 235560	 2	 Protocol_Missing: 0	 4082.691666666665	 0.0	 0.0	 0.0	 0.0	 0.0	 0.0	 0.0	 
50010	50000	10	 sysNum: 	15001	 MissingNum: 	0	 45721.92916663905	 235859	 2	 Protocol_Missing: 0	 4096.954166666665	 0.0	 0.0	 0.0	 0.0	 0.0	 0.0	 0.0	 
50010	50000	10	 sysNum: 	10000	 MissingNum: 	0	 29639.98333333304	 198128	 2	 Protocol_Missing: 0	 4079.1333333333314	 0.0	 0.0	 0.0	 0.0	 0.0	 0.0	 0.0	 
50010	50000	10	 sysNum: 	4999	 MissingNum: 	0	 26324.412500000908	 190663	 2	 Protocol_Missing: 0	 4074.4374999999964	 0.0	 0.0	 0.0	 0.0	 0.0	 0.0	 0.0	 
50010	50000	10	 sysNum: 	45009	 MissingNum: 	0	 46454.97916663909	 235469	 2	 Protocol_Missing: 0	 4079.9791666666642	 0.0	 0.0	 0.0	 0.0	 0.0	 0.0	 0.0	 
50010	50000	10	 sysNum: 	40008	 MissingNum: 	0	 46319.887499972436	 235315	 2	 Protocol_Missing: 0	 4069.887499999998	 0.0	 0.0	 0.0	 0.0	 0.0	 0.0	 0.0	 
50010	50000	10	 sysNum: 	35007	 MissingNum: 	0	 46225.13333330571	 235968	 2	 Protocol_Missing: 0	 4100.133333333331	 0.0	 0.0	 0.0	 0.0	 0.0	 0.0	 0.0	 
50010	50000	10	 sysNum: 	30006	 MissingNum: 	0	 46114.59999997235	 236272	 2	 Protocol_Missing: 0	 4114.599999999999	 0.0	 0.0	 0.0	 0.0	 0.0	 0.0	 0.0	 
50010	50000	10	 sysNum: 	25005	 MissingNum: 	0	 45977.02916663904	 236033	 2	 Protocol_Missing: 0	 4102.029166666664	 0.0	 0.0	 0.0	 0.0	 0.0	 0.0	 0.0	 
50010	50000	10	 sysNum: 	20004	 MissingNum: 	0	 45845.904166639055	 236015	 2	 Protocol_Missing: 0	 4095.9041666666644	 0.0	 0.0	 0.0	 0.0	 0.0	 0.0	 0.0	 
50010	50000	10	 sysNum: 	15001	 MissingNum: 	0	 45700.45833330576	 235918	 2	 Protocol_Missing: 0	 4076.333333333331	 0.0	 0.0	 0.0	 0.0	 0.0	 0.0	 0.0	 
50010	50000	10	 sysNum: 	10000	 MissingNum: 	0	 29644.991666666367	 198440	 2	 Protocol_Missing: 0	 4082.516666666665	 0.0	 0.0	 0.0	 0.0	 0.0	 0.0	 0.0	 
50010	50000	10	 sysNum: 	4999	 MissingNum: 	0	 26390.41666666758	 191774	 2	 Protocol_Missing: 0	 4140.4416666666675	 0.0	 0.0	 0.0	 0.0	 0.0	 0.0	 0.0	 
50010	50000	10	 sysNum: 	45009	 MissingNum: 	0	 46458.50833330575	 235782	 2	 Protocol_Missing: 0	 4083.5083333333314	 0.0	 0.0	 0.0	 0.0	 0.0	 0.0	 0.0	 
50010	50000	10	 sysNum: 	40008	 MissingNum: 	0	 46316.59166663911	 235394	 2	 Protocol_Missing: 0	 4066.5916666666653	 0.0	 0.0	 0.0	 0.0	 0.0	 0.0	 0.0	 
50010	50000	10	 sysNum: 	35007	 MissingNum: 	0	 46208.683333305744	 235596	 2	 Protocol_Missing: 0	 4083.6833333333307	 0.0	 0.0	 0.0	 0.0	 0.0	 0.0	 0.0	 
50010	50000	10	 sysNum: 	30006	 MissingNum: 	0	 46072.33333330577	 235618	 2	 Protocol_Missing: 0	 4073.183333333331	 0.0	 0.0	 0.0	 0.0	 0.0	 0.0	 0.0	 
50010	50000	10	 sysNum: 	25005	 MissingNum: 	0	 45992.13749997234	 235591	 2	 Protocol_Missing: 0	 4117.1375	 0.0	 0.0	 0.0	 0.0	 0.0	 0.0	 0.0	 
50010	50000	10	 sysNum: 	20004	 MissingNum: 	0	 45859.174999972354	 236086	 2	 Protocol_Missing: 0	 4109.174999999999	 0.0	 0.0	 0.0	 0.0	 0.0	 0.0	 0.0	 
50010	50000	10	 sysNum: 	15001	 MissingNum: 	0	 45708.30416663908	 235611	 2	 Protocol_Missing: 0	 4084.179166666665	 0.0	 0.0	 0.0	 0.0	 0.0	 0.0	 0.0	 
50010	50000	10	 sysNum: 	10000	 MissingNum: 	0	 29641.69583333304	 197943	 2	 Protocol_Missing: 0	 4079.2208333333315	 0.0	 0.0	 0.0	 0.0	 0.0	 0.0	 0.0	 
50010	50000	10	 sysNum: 	4999	 MissingNum: 	0	 26329.31250000091	 190639	 2	 Protocol_Missing: 0	 4079.337499999998	 0.0	 0.0	 0.0	 0.0	 0.0	 0.0	 0.0	 
50010	50000	10	 sysNum: 	45009	 MissingNum: 	0	 46475.71666663904	 236180	 2	 Protocol_Missing: 0	 4100.716666666664	 0.0	 0.0	 0.0	 0.0	 0.0	 0.0	 0.0	 
50010	50000	10	 sysNum: 	40008	 MissingNum: 	0	 46298.97499997249	 234598	 2	 Protocol_Missing: 0	 4048.974999999998	 0.0	 0.0	 0.0	 0.0	 0.0	 0.0	 0.0	 
50010	50000	10	 sysNum: 	35007	 MissingNum: 	0	 46240.74583330568	 236352	 2	 Protocol_Missing: 0	 4117.020833333332	 0.0	 0.0	 0.0	 0.0	 0.0	 0.0	 0.0	 
50010	50000	10	 sysNum: 	30006	 MissingNum: 	0	 46087.80416663907	 235778	 2	 Protocol_Missing: 0	 4089.0791666666637	 0.0	 0.0	 0.0	 0.0	 0.0	 0.0	 0.0	 
50010	50000	10	 sysNum: 	25005	 MissingNum: 	0	 45959.38333330574	 236004	 2	 Protocol_Missing: 0	 4084.383333333332	 0.0	 0.0	 0.0	 0.0	 0.0	 0.0	 0.0	 
50010	50000	10	 sysNum: 	20004	 MissingNum: 	0	 45882.420833305645	 236499	 2	 Protocol_Missing: 0	 4132.4208333333345	 0.0	 0.0	 0.0	 0.0	 0.0	 0.0	 0.0	 
50010	50000	10	 sysNum: 	15001	 MissingNum: 	0	 45708.68749997241	 235789	 2	 Protocol_Missing: 0	 4083.712499999998	 0.0	 0.0	 0.0	 0.0	 0.0	 0.0	 0.0	 
50010	50000	10	 sysNum: 	10000	 MissingNum: 	0	 29654.391666666343	 198622	 2	 Protocol_Missing: 0	 4093.5416666666647	 0.0	 0.0	 0.0	 0.0	 0.0	 0.0	 0.0	 
50010	50000	10	 sysNum: 	4999	 MissingNum: 	0	 26319.13333333424	 190610	 2	 Protocol_Missing: 0	 4073.183333333331	 0.0	 0.0	 0.0	 0.0	 0.0	 0.0	 0.0	 
50010	50000	10	 sysNum: 	45009	 MissingNum: 	0	 46499.86666663899	 236816	 2	 Protocol_Missing: 0	 4124.866666666667	 0.0	 0.0	 0.0	 0.0	 0.0	 0.0	 0.0	 
50010	50000	10	 sysNum: 	40008	 MissingNum: 	0	 46348.93749997238	 236311	 2	 Protocol_Missing: 0	 4098.937499999998	 0.0	 0.0	 0.0	 0.0	 0.0	 0.0	 0.0	 
50010	50000	10	 sysNum: 	35007	 MissingNum: 	0	 46199.1166666391	 235652	 2	 Protocol_Missing: 0	 4074.116666666664	 0.0	 0.0	 0.0	 0.0	 0.0	 0.0	 0.0	 
50010	50000	10	 sysNum: 	30006	 MissingNum: 	0	 46111.274999972346	 235677	 2	 Protocol_Missing: 0	 4114.249999999999	 0.0	 0.0	 0.0	 0.0	 0.0	 0.0	 0.0	 
50010	50000	10	 sysNum: 	25005	 MissingNum: 	0	 45952.64583330576	 235005	 2	 Protocol_Missing: 0	 4077.6458333333317	 0.0	 0.0	 0.0	 0.0	 0.0	 0.0	 0.0	 
50010	50000	10	 sysNum: 	20004	 MissingNum: 	0	 45833.06666663907	 235697	 2	 Protocol_Missing: 0	 4086.891666666664	 0.0	 0.0	 0.0	 0.0	 0.0	 0.0	 0.0	 
50010	50000	10	 sysNum: 	15001	 MissingNum: 	0	 45729.90416663903	 236146	 2	 Protocol_Missing: 0	 4105.354166666665	 0.0	 0.0	 0.0	 0.0	 0.0	 0.0	 0.0	 
50010	50000	10	 sysNum: 	10000	 MissingNum: 	0	 29646.59999999968	 198318	 2	 Protocol_Missing: 0	 4090.6249999999977	 0.0	 0.0	 0.0	 0.0	 0.0	 0.0	 0.0	 
50010	50000	10	 sysNum: 	4999	 MissingNum: 	0	 26320.73750000091	 190089	 2	 Protocol_Missing: 0	 4074.787499999998	 0.0	 0.0	 0.0	 0.0	 0.0	 0.0	 0.0	 
50010	50000	10	 sysNum: 	45009	 MissingNum: 	0	 46462.15416663907	 235907	 2	 Protocol_Missing: 0	 4087.1541666666644	 0.0	 0.0	 0.0	 0.0	 0.0	 0.0	 0.0	 
50010	50000	10	 sysNum: 	40008	 MissingNum: 	0	 46339.89583330573	 236001	 2	 Protocol_Missing: 0	 4089.895833333331	 0.0	 0.0	 0.0	 0.0	 0.0	 0.0	 0.0	 
50010	50000	10	 sysNum: 	35007	 MissingNum: 	0	 46202.97916663909	 235798	 2	 Protocol_Missing: 0	 4078.404166666664	 0.0	 0.0	 0.0	 0.0	 0.0	 0.0	 0.0	 
50010	50000	10	 sysNum: 	30006	 MissingNum: 	0	 46077.87916663909	 235397	 2	 Protocol_Missing: 0	 4077.879166666664	 0.0	 0.0	 0.0	 0.0	 0.0	 0.0	 0.0	 
50010	50000	10	 sysNum: 	25005	 MissingNum: 	0	 45963.4749999724	 235609	 2	 Protocol_Missing: 0	 4089.7499999999977	 0.0	 0.0	 0.0	 0.0	 0.0	 0.0	 0.0	 
50010	50000	10	 sysNum: 	20004	 MissingNum: 	0	 45856.73749997236	 236208	 2	 Protocol_Missing: 0	 4107.1624999999985	 0.0	 0.0	 0.0	 0.0	 0.0	 0.0	 0.0	 
50010	50000	10	 sysNum: 	15001	 MissingNum: 	0	 45688.99166663912	 235360	 2	 Protocol_Missing: 0	 4065.716666666666	 0.0	 0.0	 0.0	 0.0	 0.0	 0.0	 0.0	 
50010	50000	10	 sysNum: 	10000	 MissingNum: 	0	 29632.887499999724	 198025	 2	 Protocol_Missing: 0	 4070.412499999998	 0.0	 0.0	 0.0	 0.0	 0.0	 0.0	 0.0	 
50010	50000	10	 sysNum: 	4999	 MissingNum: 	0	 26350.604166667574	 191305	 2	 Protocol_Missing: 0	 4104.654166666665	 0.0	 0.0	 0.0	 0.0	 0.0	 0.0	 0.0	 
50010	50000	10	 sysNum: 	45009	 MissingNum: 	0	 46472.974999972386	 236086	 2	 Protocol_Missing: 0	 4097.974999999998	 0.0	 0.0	 0.0	 0.0	 0.0	 0.0	 0.0	 
50010	50000	10	 sysNum: 	40008	 MissingNum: 	0	 46328.812499972424	 235429	 2	 Protocol_Missing: 0	 4078.8124999999977	 0.0	 0.0	 0.0	 0.0	 0.0	 0.0	 0.0	 
50010	50000	10	 sysNum: 	35007	 MissingNum: 	0	 46223.17916663905	 236285	 2	 Protocol_Missing: 0	 4098.179166666665	 0.0	 0.0	 0.0	 0.0	 0.0	 0.0	 0.0	 
50010	50000	10	 sysNum: 	30006	 MissingNum: 	0	 46081.43749997242	 235711	 2	 Protocol_Missing: 0	 4081.4374999999986	 0.0	 0.0	 0.0	 0.0	 0.0	 0.0	 0.0	 
50010	50000	10	 sysNum: 	25005	 MissingNum: 	0	 45946.03749997244	 235560	 2	 Protocol_Missing: 0	 4071.462499999998	 0.0	 0.0	 0.0	 0.0	 0.0	 0.0	 0.0	 
50010	50000	10	 sysNum: 	20004	 MissingNum: 	0	 45857.60833330569	 235881	 2	 Protocol_Missing: 0	 4108.883333333332	 0.0	 0.0	 0.0	 0.0	 0.0	 0.0	 0.0	 
50010	50000	10	 sysNum: 	15001	 MissingNum: 	0	 45733.57916663903	 236080	 2	 Protocol_Missing: 0	 4109.029166666666	 0.0	 0.0	 0.0	 0.0	 0.0	 0.0	 0.0	 
50010	50000	10	 sysNum: 	10000	 MissingNum: 	0	 29665.220833332984	 198853	 2	 Protocol_Missing: 0	 4105.9958333333325	 0.0	 0.0	 0.0	 0.0	 0.0	 0.0	 0.0	 
50010	50000	10	 sysNum: 	4999	 MissingNum: 	0	 26383.41666666758	 190894	 2	 Protocol_Missing: 0	 4137.466666666669	 0.0	 0.0	 0.0	 0.0	 0.0	 0.0	 0.0	 
50010	50000	10	 sysNum: 	45009	 MissingNum: 	0	 46442.49583330579	 235425	 2	 Protocol_Missing: 0	 4067.4958333333316	 0.0	 0.0	 0.0	 0.0	 0.0	 0.0	 0.0	 
50010	50000	10	 sysNum: 	40008	 MissingNum: 	0	 46350.45416663904	 235211	 2	 Protocol_Missing: 0	 4100.454166666664	 0.0	 0.0	 0.0	 0.0	 0.0	 0.0	 0.0	 
50010	50000	10	 sysNum: 	35007	 MissingNum: 	0	 46205.99999997242	 235888	 2	 Protocol_Missing: 0	 4080.9999999999977	 0.0	 0.0	 0.0	 0.0	 0.0	 0.0	 0.0	 
50010	50000	10	 sysNum: 	30006	 MissingNum: 	0	 46082.779166639084	 235373	 2	 Protocol_Missing: 0	 4082.779166666665	 0.0	 0.0	 0.0	 0.0	 0.0	 0.0	 0.0	 
50010	50000	10	 sysNum: 	25005	 MissingNum: 	0	 45958.25833330575	 235979	 2	 Protocol_Missing: 0	 4083.683333333332	 0.0	 0.0	 0.0	 0.0	 0.0	 0.0	 0.0	 
50010	50000	10	 sysNum: 	20004	 MissingNum: 	0	 45835.57499997241	 235880	 2	 Protocol_Missing: 0	 4086.4249999999993	 0.0	 0.0	 0.0	 0.0	 0.0	 0.0	 0.0	 
50010	50000	10	 sysNum: 	15001	 MissingNum: 	0	 45670.19583330583	 234510	 2	 Protocol_Missing: 0	 4046.4958333333307	 0.0	 0.0	 0.0	 0.0	 0.0	 0.0	 0.0	 
50010	50000	10	 sysNum: 	10000	 MissingNum: 	0	 29649.687499999687	 198409	 2	 Protocol_Missing: 0	 4087.212499999998	 0.0	 0.0	 0.0	 0.0	 0.0	 0.0	 0.0	 
50010	50000	10	 sysNum: 	4999	 MissingNum: 	0	 26351.537500000908	 190761	 2	 Protocol_Missing: 0	 4105.587499999999	 0.0	 0.0	 0.0	 0.0	 0.0	 0.0	 0.0	 
50010	50000	10	 sysNum: 	45009	 MissingNum: 	0	 46448.99999997244	 235456	 2	 Protocol_Missing: 0	 4073.9999999999977	 0.0	 0.0	 0.0	 0.0	 0.0	 0.0	 0.0	 
50010	50000	10	 sysNum: 	40008	 MissingNum: 	0	 46316.795833305776	 235017	 2	 Protocol_Missing: 0	 4066.7958333333318	 0.0	 0.0	 0.0	 0.0	 0.0	 0.0	 0.0	 
50010	50000	10	 sysNum: 	35007	 MissingNum: 	0	 46195.84999997244	 235540	 2	 Protocol_Missing: 0	 4070.8499999999985	 0.0	 0.0	 0.0	 0.0	 0.0	 0.0	 0.0	 
50010	50000	10	 sysNum: 	30006	 MissingNum: 	0	 46114.087499972346	 236652	 2	 Protocol_Missing: 0	 4114.512499999999	 0.0	 0.0	 0.0	 0.0	 0.0	 0.0	 0.0	 
50010	50000	10	 sysNum: 	25005	 MissingNum: 	0	 45998.43333330566	 236794	 2	 Protocol_Missing: 0	 4124.283333333333	 0.0	 0.0	 0.0	 0.0	 0.0	 0.0	 0.0	 
50010	50000	10	 sysNum: 	20004	 MissingNum: 	0	 45848.87499997238	 236336	 2	 Protocol_Missing: 0	 4099.724999999998	 0.0	 0.0	 0.0	 0.0	 0.0	 0.0	 0.0	 
50010	50000	10	 sysNum: 	15001	 MissingNum: 	0	 45764.19166663896	 237500	 2	 Protocol_Missing: 0	 4139.216666666667	 0.0	 0.0	 0.0	 0.0	 0.0	 0.0	 0.0	 
50010	50000	10	 sysNum: 	10000	 MissingNum: 	0	 29659.92499999967	 198760	 2	 Protocol_Missing: 0	 4097.449999999999	 0.0	 0.0	 0.0	 0.0	 0.0	 0.0	 0.0	 
50010	50000	10	 sysNum: 	4999	 MissingNum: 	0	 26309.50833333424	 190408	 2	 Protocol_Missing: 0	 4067.5833333333308	 0.0	 0.0	 0.0	 0.0	 0.0	 0.0	 0.0	 
50010	50000	10	 sysNum: 	45009	 MissingNum: 	0	 46465.7999999724	 235072	 2	 Protocol_Missing: 0	 4090.799999999997	 0.0	 0.0	 0.0	 0.0	 0.0	 0.0	 0.0	 
50010	50000	10	 sysNum: 	40008	 MissingNum: 	0	 46352.320833305705	 235467	 2	 Protocol_Missing: 0	 4102.320833333333	 0.0	 0.0	 0.0	 0.0	 0.0	 0.0	 0.0	 
50010	50000	10	 sysNum: 	35007	 MissingNum: 	0	 46208.012499972414	 234997	 2	 Protocol_Missing: 0	 4083.012499999999	 0.0	 0.0	 0.0	 0.0	 0.0	 0.0	 0.0	 
50010	50000	10	 sysNum: 	30006	 MissingNum: 	0	 46102.320833305705	 235659	 2	 Protocol_Missing: 0	 4102.320833333331	 0.0	 0.0	 0.0	 0.0	 0.0	 0.0	 0.0	 
50010	50000	10	 sysNum: 	25005	 MissingNum: 	0	 45970.67083330572	 236199	 2	 Protocol_Missing: 0	 4095.6708333333313	 0.0	 0.0	 0.0	 0.0	 0.0	 0.0	 0.0	 
50010	50000	10	 sysNum: 	20004	 MissingNum: 	0	 45843.62916663905	 235745	 2	 Protocol_Missing: 0	 4093.6291666666634	 0.0	 0.0	 0.0	 0.0	 0.0	 0.0	 0.0	 
50010	50000	10	 sysNum: 	15001	 MissingNum: 	0	 45764.320833305625	 236942	 2	 Protocol_Missing: 0	 4139.770833333337	 0.0	 0.0	 0.0	 0.0	 0.0	 0.0	 0.0	 
50010	50000	10	 sysNum: 	10000	 MissingNum: 	0	 29643.095833333035	 198183	 2	 Protocol_Missing: 0	 4080.6208333333316	 0.0	 0.0	 0.0	 0.0	 0.0	 0.0	 0.0	 
50010	50000	10	 sysNum: 	4999	 MissingNum: 	0	 26338.179166667578	 190879	 2	 Protocol_Missing: 0	 4092.229166666665	 0.0	 0.0	 0.0	 0.0	 0.0	 0.0	 0.0	 
50010	50000	10	 sysNum: 	45009	 MissingNum: 	0	 46461.24999997241	 235492	 2	 Protocol_Missing: 0	 4086.2499999999977	 0.0	 0.0	 0.0	 0.0	 0.0	 0.0	 0.0	 
50010	50000	10	 sysNum: 	40008	 MissingNum: 	0	 46357.89166663903	 236042	 2	 Protocol_Missing: 0	 4107.8916666666655	 0.0	 0.0	 0.0	 0.0	 0.0	 0.0	 0.0	 
50010	50000	10	 sysNum: 	35007	 MissingNum: 	0	 46231.66666663903	 236384	 2	 Protocol_Missing: 0	 4106.666666666665	 0.0	 0.0	 0.0	 0.0	 0.0	 0.0	 0.0	 
50010	50000	10	 sysNum: 	30006	 MissingNum: 	0	 46100.11666663904	 236365	 2	 Protocol_Missing: 0	 4100.541666666663	 0.0	 0.0	 0.0	 0.0	 0.0	 0.0	 0.0	 
50010	50000	10	 sysNum: 	25005	 MissingNum: 	0	 45966.89166663906	 235507	 2	 Protocol_Missing: 0	 4092.316666666665	 0.0	 0.0	 0.0	 0.0	 0.0	 0.0	 0.0	 
50010	50000	10	 sysNum: 	20004	 MissingNum: 	0	 45828.72083330575	 235645	 2	 Protocol_Missing: 0	 4079.5708333333314	 0.0	 0.0	 0.0	 0.0	 0.0	 0.0	 0.0	 
50010	50000	10	 sysNum: 	15001	 MissingNum: 	0	 45712.50416663907	 235755	 2	 Protocol_Missing: 0	 4088.379166666663	 0.0	 0.0	 0.0	 0.0	 0.0	 0.0	 0.0	 
50010	50000	10	 sysNum: 	10000	 MissingNum: 	0	 29678.504166666295	 199205	 2	 Protocol_Missing: 0	 4116.029166666666	 0.0	 0.0	 0.0	 0.0	 0.0	 0.0	 0.0	 
50010	50000	10	 sysNum: 	4999	 MissingNum: 	0	 26287.10833333424	 190024	 2	 Protocol_Missing: 0	 4045.183333333331	 0.0	 0.0	 0.0	 0.0	 0.0	 0.0	 0.0	 
50010	50000	10	 sysNum: 	45009	 MissingNum: 	0	 46469.912499972386	 234637	 2	 Protocol_Missing: 0	 4094.912499999997	 0.0	 0.0	 0.0	 0.0	 0.0	 0.0	 0.0	 
50010	50000	10	 sysNum: 	40008	 MissingNum: 	0	 46350.629166639046	 236177	 2	 Protocol_Missing: 0	 4100.629166666665	 0.0	 0.0	 0.0	 0.0	 0.0	 0.0	 0.0	 
50010	50000	10	 sysNum: 	35007	 MissingNum: 	0	 46227.58333330571	 236436	 2	 Protocol_Missing: 0	 4102.583333333333	 0.0	 0.0	 0.0	 0.0	 0.0	 0.0	 0.0	 
50010	50000	10	 sysNum: 	30006	 MissingNum: 	0	 46086.74583330574	 236085	 2	 Protocol_Missing: 0	 4086.745833333331	 0.0	 0.0	 0.0	 0.0	 0.0	 0.0	 0.0	 
50010	50000	10	 sysNum: 	25005	 MissingNum: 	0	 45985.72083330569	 236331	 2	 Protocol_Missing: 0	 4110.720833333332	 0.0	 0.0	 0.0	 0.0	 0.0	 0.0	 0.0	 
50010	50000	10	 sysNum: 	20004	 MissingNum: 	0	 45833.370833305744	 235626	 2	 Protocol_Missing: 0	 4084.6458333333317	 0.0	 0.0	 0.0	 0.0	 0.0	 0.0	 0.0	 
50010	50000	10	 sysNum: 	15001	 MissingNum: 	0	 45726.129166639046	 236195	 2	 Protocol_Missing: 0	 4101.1541666666635	 0.0	 0.0	 0.0	 0.0	 0.0	 0.0	 0.0	 
50010	50000	10	 sysNum: 	10000	 MissingNum: 	0	 29643.095833333035	 197991	 2	 Protocol_Missing: 0	 4080.6208333333307	 0.0	 0.0	 0.0	 0.0	 0.0	 0.0	 0.0	 
50010	50000	10	 sysNum: 	4999	 MissingNum: 	0	 26343.341666667577	 191120	 2	 Protocol_Missing: 0	 4093.3666666666645	 0.0	 0.0	 0.0	 0.0	 0.0	 0.0	 0.0	 
50010	50000	10	 sysNum: 	45009	 MissingNum: 	0	 46486.42083330569	 235395	 2	 Protocol_Missing: 0	 4111.420833333333	 0.0	 0.0	 0.0	 0.0	 0.0	 0.0	 0.0	 
50010	50000	10	 sysNum: 	40008	 MissingNum: 	0	 46324.61249997243	 235669	 2	 Protocol_Missing: 0	 4074.6124999999975	 0.0	 0.0	 0.0	 0.0	 0.0	 0.0	 0.0	 
50010	50000	10	 sysNum: 	35007	 MissingNum: 	0	 46244.64583330567	 235869	 2	 Protocol_Missing: 0	 4119.645833333331	 0.0	 0.0	 0.0	 0.0	 0.0	 0.0	 0.0	 
50010	50000	10	 sysNum: 	30006	 MissingNum: 	0	 46109.174999972354	 236470	 2	 Protocol_Missing: 0	 4109.174999999997	 0.0	 0.0	 0.0	 0.0	 0.0	 0.0	 0.0	 
50010	50000	10	 sysNum: 	25005	 MissingNum: 	0	 45967.34583330573	 236277	 2	 Protocol_Missing: 0	 4092.345833333332	 0.0	 0.0	 0.0	 0.0	 0.0	 0.0	 0.0	 
50010	50000	10	 sysNum: 	20004	 MissingNum: 	0	 45846.86249997238	 236075	 2	 Protocol_Missing: 0	 4097.712499999999	 0.0	 0.0	 0.0	 0.0	 0.0	 0.0	 0.0	 
50010	50000	10	 sysNum: 	15001	 MissingNum: 	0	 45714.44583330573	 236287	 2	 Protocol_Missing: 0	 4092.870833333331	 0.0	 0.0	 0.0	 0.0	 0.0	 0.0	 0.0	 
50010	50000	10	 sysNum: 	10000	 MissingNum: 	0	 29606.941666666433	 197202	 2	 Protocol_Missing: 0	 4052.5916666666653	 0.0	 0.0	 0.0	 0.0	 0.0	 0.0	 0.0	 
50010	50000	10	 sysNum: 	4999	 MissingNum: 	0	 26330.654166667577	 190877	 2	 Protocol_Missing: 0	 4080.6791666666645	 0.0	 0.0	 0.0	 0.0	 0.0	 0.0	 0.0	 
50010	50000	10	 sysNum: 	45009	 MissingNum: 	0	 46469.03749997239	 235375	 2	 Protocol_Missing: 0	 4094.037499999998	 0.0	 0.0	 0.0	 0.0	 0.0	 0.0	 0.0	 
50010	50000	10	 sysNum: 	40008	 MissingNum: 	0	 46366.69999997234	 236728	 2	 Protocol_Missing: 0	 4116.7	 0.0	 0.0	 0.0	 0.0	 0.0	 0.0	 0.0	 
50010	50000	10	 sysNum: 	35007	 MissingNum: 	0	 46226.51249997238	 236248	 2	 Protocol_Missing: 0	 4102.787499999999	 0.0	 0.0	 0.0	 0.0	 0.0	 0.0	 0.0	 
50010	50000	10	 sysNum: 	30006	 MissingNum: 	0	 46059.5458333058	 235166	 2	 Protocol_Missing: 0	 4059.9708333333315	 0.0	 0.0	 0.0	 0.0	 0.0	 0.0	 0.0	 
50010	50000	10	 sysNum: 	25005	 MissingNum: 	0	 45973.26249997238	 236315	 2	 Protocol_Missing: 0	 4099.112499999997	 0.0	 0.0	 0.0	 0.0	 0.0	 0.0	 0.0	 
50010	50000	10	 sysNum: 	20004	 MissingNum: 	0	 45834.67499997241	 236014	 2	 Protocol_Missing: 0	 4084.6749999999984	 0.0	 0.0	 0.0	 0.0	 0.0	 0.0	 0.0	 
50010	50000	10	 sysNum: 	15001	 MissingNum: 	0	 45691.304166639115	 234809	 2	 Protocol_Missing: 0	 4066.329166666664	 0.0	 0.0	 0.0	 0.0	 0.0	 0.0	 0.0	 
50010	50000	10	 sysNum: 	10000	 MissingNum: 	0	 29637.524999999718	 197992	 2	 Protocol_Missing: 0	 4075.0499999999984	 0.0	 0.0	 0.0	 0.0	 0.0	 0.0	 0.0	 
50010	50000	10	 sysNum: 	4999	 MissingNum: 	0	 26309.391666667576	 190148	 2	 Protocol_Missing: 0	 4059.4166666666647	 0.0	 0.0	 0.0	 0.0	 0.0	 0.0	 0.0	 
50010	50000	10	 sysNum: 	45009	 MissingNum: 	0	 46481.98749997237	 236011	 2	 Protocol_Missing: 0	 4106.987499999997	 0.0	 0.0	 0.0	 0.0	 0.0	 0.0	 0.0	 
50010	50000	10	 sysNum: 	40008	 MissingNum: 	0	 46368.24583330567	 236205	 2	 Protocol_Missing: 0	 4118.245833333333	 0.0	 0.0	 0.0	 0.0	 0.0	 0.0	 0.0	 
50010	50000	10	 sysNum: 	35007	 MissingNum: 	0	 46200.48333330576	 235726	 2	 Protocol_Missing: 0	 4076.333333333331	 0.0	 0.0	 0.0	 0.0	 0.0	 0.0	 0.0	 
50010	50000	10	 sysNum: 	30006	 MissingNum: 	0	 46118.62083330567	 235861	 2	 Protocol_Missing: 0	 4119.470833333333	 0.0	 0.0	 0.0	 0.0	 0.0	 0.0	 0.0	 
50010	50000	10	 sysNum: 	25005	 MissingNum: 	0	 45977.37916663904	 236237	 2	 Protocol_Missing: 0	 4102.379166666664	 0.0	 0.0	 0.0	 0.0	 0.0	 0.0	 0.0	 
50010	50000	10	 sysNum: 	20004	 MissingNum: 	0	 45863.05416663901	 236603	 2	 Protocol_Missing: 0	 4113.054166666664	 0.0	 0.0	 0.0	 0.0	 0.0	 0.0	 0.0	 
50010	50000	10	 sysNum: 	15001	 MissingNum: 	0	 45700.49166663909	 235316	 2	 Protocol_Missing: 0	 4075.516666666665	 0.0	 0.0	 0.0	 0.0	 0.0	 0.0	 0.0	 
50010	50000	10	 sysNum: 	10000	 MissingNum: 	0	 29628.045833333068	 197859	 2	 Protocol_Missing: 0	 4065.5708333333314	 0.0	 0.0	 0.0	 0.0	 0.0	 0.0	 0.0	 
50010	50000	10	 sysNum: 	4999	 MissingNum: 	0	 26336.604166667574	 190697	 2	 Protocol_Missing: 0	 4086.629166666664	 0.0	 0.0	 0.0	 0.0	 0.0	 0.0	 0.0	 
50010	50000	10	 sysNum: 	45009	 MissingNum: 	0	 46474.754166639046	 235763	 2	 Protocol_Missing: 0	 4099.754166666664	 0.0	 0.0	 0.0	 0.0	 0.0	 0.0	 0.0	 
50010	50000	10	 sysNum: 	40008	 MissingNum: 	0	 46358.066666639024	 236240	 2	 Protocol_Missing: 0	 4108.066666666665	 0.0	 0.0	 0.0	 0.0	 0.0	 0.0	 0.0	 
50010	50000	10	 sysNum: 	35007	 MissingNum: 	0	 46224.56249997237	 236346	 2	 Protocol_Missing: 0	 4099.987499999997	 0.0	 0.0	 0.0	 0.0	 0.0	 0.0	 0.0	 
50010	50000	10	 sysNum: 	30006	 MissingNum: 	0	 46061.166666639125	 235208	 2	 Protocol_Missing: 0	 4061.1666666666642	 0.0	 0.0	 0.0	 0.0	 0.0	 0.0	 0.0	 
50010	50000	10	 sysNum: 	25005	 MissingNum: 	0	 45961.629166639075	 235505	 2	 Protocol_Missing: 0	 4086.6291666666652	 0.0	 0.0	 0.0	 0.0	 0.0	 0.0	 0.0	 
50010	50000	10	 sysNum: 	20004	 MissingNum: 	0	 45853.866666639035	 235712	 2	 Protocol_Missing: 0	 4103.866666666666	 0.0	 0.0	 0.0	 0.0	 0.0	 0.0	 0.0	 
50010	50000	10	 sysNum: 	15001	 MissingNum: 	0	 45700.37499997243	 235312	 2	 Protocol_Missing: 0	 4075.3999999999987	 0.0	 0.0	 0.0	 0.0	 0.0	 0.0	 0.0	 
50010	50000	10	 sysNum: 	10000	 MissingNum: 	0	 29668.15833333298	 199094	 2	 Protocol_Missing: 0	 4107.308333333332	 0.0	 0.0	 0.0	 0.0	 0.0	 0.0	 0.0	 
50010	50000	10	 sysNum: 	4999	 MissingNum: 	0	 26352.50000000091	 190794	 2	 Protocol_Missing: 0	 4106.549999999998	 0.0	 0.0	 0.0	 0.0	 0.0	 0.0	 0.0	 
50010	50000	10	 sysNum: 	45009	 MissingNum: 	0	 46466.17916663906	 235853	 2	 Protocol_Missing: 0	 4091.1791666666636	 0.0	 0.0	 0.0	 0.0	 0.0	 0.0	 0.0	 
50010	50000	10	 sysNum: 	40008	 MissingNum: 	0	 46318.19583330578	 235641	 2	 Protocol_Missing: 0	 4068.1958333333305	 0.0	 0.0	 0.0	 0.0	 0.0	 0.0	 0.0	 
50010	50000	10	 sysNum: 	35007	 MissingNum: 	0	 46220.18749997239	 236388	 2	 Protocol_Missing: 0	 4095.612499999998	 0.0	 0.0	 0.0	 0.0	 0.0	 0.0	 0.0	 
50010	50000	10	 sysNum: 	30006	 MissingNum: 	0	 46098.03333330571	 235896	 2	 Protocol_Missing: 0	 4098.033333333331	 0.0	 0.0	 0.0	 0.0	 0.0	 0.0	 0.0	 
50010	50000	10	 sysNum: 	25005	 MissingNum: 	0	 45952.80416663909	 235216	 2	 Protocol_Missing: 0	 4078.2291666666647	 0.0	 0.0	 0.0	 0.0	 0.0	 0.0	 0.0	 
50010	50000	10	 sysNum: 	20004	 MissingNum: 	0	 45844.73749997238	 235975	 2	 Protocol_Missing: 0	 4094.737499999999	 0.0	 0.0	 0.0	 0.0	 0.0	 0.0	 0.0	 
50010	50000	10	 sysNum: 	15001	 MissingNum: 	0	 45719.22916663905	 235780	 2	 Protocol_Missing: 0	 4094.6791666666636	 0.0	 0.0	 0.0	 0.0	 0.0	 0.0	 0.0	 
50010	50000	10	 sysNum: 	10000	 MissingNum: 	0	 29659.895833333	 198951	 2	 Protocol_Missing: 0	 4097.420833333332	 0.0	 0.0	 0.0	 0.0	 0.0	 0.0	 0.0	 
50010	50000	10	 sysNum: 	4999	 MissingNum: 	0	 26337.42083333424	 190917	 2	 Protocol_Missing: 0	 4087.445833333331	 0.0	 0.0	 0.0	 0.0	 0.0	 0.0	 0.0	 
50010	50000	10	 sysNum: 	45009	 MissingNum: 	0	 46469.29999997239	 235960	 2	 Protocol_Missing: 0	 4094.2999999999984	 0.0	 0.0	 0.0	 0.0	 0.0	 0.0	 0.0	 
50010	50000	10	 sysNum: 	40008	 MissingNum: 	0	 46341.70416663906	 235871	 2	 Protocol_Missing: 0	 4091.7041666666646	 0.0	 0.0	 0.0	 0.0	 0.0	 0.0	 0.0	 
50010	50000	10	 sysNum: 	35007	 MissingNum: 	0	 46221.04999997238	 236020	 2	 Protocol_Missing: 0	 4096.049999999997	 0.0	 0.0	 0.0	 0.0	 0.0	 0.0	 0.0	 
50010	50000	10	 sysNum: 	30006	 MissingNum: 	0	 46084.03333330574	 235416	 2	 Protocol_Missing: 0	 4084.0333333333315	 0.0	 0.0	 0.0	 0.0	 0.0	 0.0	 0.0	 
50010	50000	10	 sysNum: 	25005	 MissingNum: 	0	 45974.52083330571	 235755	 2	 Protocol_Missing: 0	 4099.520833333331	 0.0	 0.0	 0.0	 0.0	 0.0	 0.0	 0.0	 
50010	50000	10	 sysNum: 	20004	 MissingNum: 	0	 45852.4333333057	 236266	 2	 Protocol_Missing: 0	 4103.283333333332	 0.0	 0.0	 0.0	 0.0	 0.0	 0.0	 0.0	 
50010	50000	10	 sysNum: 	15001	 MissingNum: 	0	 45690.37916663912	 235010	 2	 Protocol_Missing: 0	 4066.6791666666645	 0.0	 0.0	 0.0	 0.0	 0.0	 0.0	 0.0	 
50010	50000	10	 sysNum: 	10000	 MissingNum: 	0	 29712.716666666227	 199610	 2	 Protocol_Missing: 0	 4150.2416666666695	 0.0	 0.0	 0.0	 0.0	 0.0	 0.0	 0.0	 
50010	50000	10	 sysNum: 	4999	 MissingNum: 	0	 26347.950000000907	 191278	 2	 Protocol_Missing: 0	 4097.974999999998	 0.0	 0.0	 0.0	 0.0	 0.0	 0.0	 0.0	 
50010	50000	10	 sysNum: 	45009	 MissingNum: 	0	 46473.03333330572	 236088	 2	 Protocol_Missing: 0	 4098.033333333331	 0.0	 0.0	 0.0	 0.0	 0.0	 0.0	 0.0	 
50010	50000	10	 sysNum: 	40008	 MissingNum: 	0	 46354.9458333057	 236133	 2	 Protocol_Missing: 0	 4104.945833333331	 0.0	 0.0	 0.0	 0.0	 0.0	 0.0	 0.0	 
50010	50000	10	 sysNum: 	35007	 MissingNum: 	0	 46214.720833305735	 236187	 2	 Protocol_Missing: 0	 4089.720833333332	 0.0	 0.0	 0.0	 0.0	 0.0	 0.0	 0.0	 
50010	50000	10	 sysNum: 	30006	 MissingNum: 	0	 46072.48333330577	 235404	 2	 Protocol_Missing: 0	 4072.4833333333304	 0.0	 0.0	 0.0	 0.0	 0.0	 0.0	 0.0	 
50010	50000	10	 sysNum: 	25005	 MissingNum: 	0	 45974.27916663904	 235417	 2	 Protocol_Missing: 0	 4100.979166666664	 0.0	 0.0	 0.0	 0.0	 0.0	 0.0	 0.0	 
50010	50000	10	 sysNum: 	20004	 MissingNum: 	0	 45816.733333305776	 235426	 2	 Protocol_Missing: 0	 4067.583333333331	 0.0	 0.0	 0.0	 0.0	 0.0	 0.0	 0.0	 
50010	50000	10	 sysNum: 	15001	 MissingNum: 	0	 45733.779166639026	 237074	 2	 Protocol_Missing: 0	 4110.0791666666655	 0.0	 0.0	 0.0	 0.0	 0.0	 0.0	 0.0	 
50010	50000	10	 sysNum: 	10000	 MissingNum: 	0	 29647.32499999969	 198520	 2	 Protocol_Missing: 0	 4084.849999999998	 0.0	 0.0	 0.0	 0.0	 0.0	 0.0	 0.0	 
50010	50000	10	 sysNum: 	4999	 MissingNum: 	0	 26319.512500000907	 190559	 2	 Protocol_Missing: 0	 4077.587499999998	 0.0	 0.0	 0.0	 0.0	 0.0	 0.0	 0.0	 
50010	50000	10	 sysNum: 	45009	 MissingNum: 	0	 46491.81666663901	 236732	 2	 Protocol_Missing: 0	 4116.816666666666	 0.0	 0.0	 0.0	 0.0	 0.0	 0.0	 0.0	 
50010	50000	10	 sysNum: 	40008	 MissingNum: 	0	 46332.48749997241	 235555	 2	 Protocol_Missing: 0	 4082.487499999999	 0.0	 0.0	 0.0	 0.0	 0.0	 0.0	 0.0	 
50010	50000	10	 sysNum: 	35007	 MissingNum: 	0	 46207.90833330574	 235775	 2	 Protocol_Missing: 0	 4083.3333333333303	 0.0	 0.0	 0.0	 0.0	 0.0	 0.0	 0.0	 
50010	50000	10	 sysNum: 	30006	 MissingNum: 	0	 46106.491666639035	 235226	 2	 Protocol_Missing: 0	 4106.491666666666	 0.0	 0.0	 0.0	 0.0	 0.0	 0.0	 0.0	 
50010	50000	10	 sysNum: 	25005	 MissingNum: 	0	 45939.66666663912	 234944	 2	 Protocol_Missing: 0	 4064.666666666664	 0.0	 0.0	 0.0	 0.0	 0.0	 0.0	 0.0	 
50010	50000	10	 sysNum: 	20004	 MissingNum: 	0	 45847.229166639045	 235498	 2	 Protocol_Missing: 0	 4097.654166666666	 0.0	 0.0	 0.0	 0.0	 0.0	 0.0	 0.0	 
50010	50000	10	 sysNum: 	15001	 MissingNum: 	0	 45730.279166639026	 236570	 2	 Protocol_Missing: 0	 4106.5791666666655	 0.0	 0.0	 0.0	 0.0	 0.0	 0.0	 0.0	 
50010	50000	10	 sysNum: 	10000	 MissingNum: 	0	 29639.799999999712	 198070	 2	 Protocol_Missing: 0	 4077.3249999999985	 0.0	 0.0	 0.0	 0.0	 0.0	 0.0	 0.0	 
50010	50000	10	 sysNum: 	4999	 MissingNum: 	0	 26333.191666667575	 191092	 2	 Protocol_Missing: 0	 4087.2416666666645	 0.0	 0.0	 0.0	 0.0	 0.0	 0.0	 0.0	 
50010	50000	10	 sysNum: 	45009	 MissingNum: 	0	 46471.82083330572	 235868	 2	 Protocol_Missing: 0	 4097.245833333331	 0.0	 0.0	 0.0	 0.0	 0.0	 0.0	 0.0	 
50010	50000	10	 sysNum: 	40008	 MissingNum: 	0	 46321.8541666391	 235204	 2	 Protocol_Missing: 0	 4072.2791666666644	 0.0	 0.0	 0.0	 0.0	 0.0	 0.0	 0.0	 
50010	50000	10	 sysNum: 	35007	 MissingNum: 	0	 46235.29583330569	 235754	 2	 Protocol_Missing: 0	 4110.720833333332	 0.0	 0.0	 0.0	 0.0	 0.0	 0.0	 0.0	 
50010	50000	10	 sysNum: 	30006	 MissingNum: 	0	 46084.645833305745	 235629	 2	 Protocol_Missing: 0	 4084.6458333333317	 0.0	 0.0	 0.0	 0.0	 0.0	 0.0	 0.0	 
50010	50000	10	 sysNum: 	25005	 MissingNum: 	0	 45978.71666663904	 236118	 2	 Protocol_Missing: 0	 4104.566666666666	 0.0	 0.0	 0.0	 0.0	 0.0	 0.0	 0.0	 
50010	50000	10	 sysNum: 	20004	 MissingNum: 	0	 45871.65833330566	 236322	 2	 Protocol_Missing: 0	 4121.658333333333	 0.0	 0.0	 0.0	 0.0	 0.0	 0.0	 0.0	 
50010	50000	10	 sysNum: 	15001	 MissingNum: 	0	 45712.5374999724	 236113	 2	 Protocol_Missing: 0	 4087.562499999999	 0.0	 0.0	 0.0	 0.0	 0.0	 0.0	 0.0	 
50010	50000	10	 sysNum: 	10000	 MissingNum: 	0	 29670.687499999643	 198553	 2	 Protocol_Missing: 0	 4108.212499999999	 0.0	 0.0	 0.0	 0.0	 0.0	 0.0	 0.0	 
50010	50000	10	 sysNum: 	4999	 MissingNum: 	0	 26335.52500000091	 190020	 2	 Protocol_Missing: 0	 4089.5749999999994	 0.0	 0.0	 0.0	 0.0	 0.0	 0.0	 0.0	 
50010	50000	10	 sysNum: 	45009	 MissingNum: 	0	 46460.54999997241	 235852	 2	 Protocol_Missing: 0	 4085.549999999998	 0.0	 0.0	 0.0	 0.0	 0.0	 0.0	 0.0	 
50010	50000	10	 sysNum: 	40008	 MissingNum: 	0	 46344.895833305716	 236186	 2	 Protocol_Missing: 0	 4095.32083333333	 0.0	 0.0	 0.0	 0.0	 0.0	 0.0	 0.0	 
50010	50000	10	 sysNum: 	35007	 MissingNum: 	0	 46232.833333305694	 236232	 2	 Protocol_Missing: 0	 4107.833333333333	 0.0	 0.0	 0.0	 0.0	 0.0	 0.0	 0.0	 
50010	50000	10	 sysNum: 	30006	 MissingNum: 	0	 46063.96666663912	 235112	 2	 Protocol_Missing: 0	 4063.9666666666644	 0.0	 0.0	 0.0	 0.0	 0.0	 0.0	 0.0	 
50010	50000	10	 sysNum: 	25005	 MissingNum: 	0	 45965.070833305734	 235623	 2	 Protocol_Missing: 0	 4090.0708333333314	 0.0	 0.0	 0.0	 0.0	 0.0	 0.0	 0.0	 
50010	50000	10	 sysNum: 	20004	 MissingNum: 	0	 45841.03333330573	 236040	 2	 Protocol_Missing: 0	 4091.033333333331	 0.0	 0.0	 0.0	 0.0	 0.0	 0.0	 0.0	 
50010	50000	10	 sysNum: 	15001	 MissingNum: 	0	 45739.25416663902	 236261	 2	 Protocol_Missing: 0	 4114.279166666664	 0.0	 0.0	 0.0	 0.0	 0.0	 0.0	 0.0	 
50010	50000	10	 sysNum: 	10000	 MissingNum: 	0	 29682.129166666284	 198997	 2	 Protocol_Missing: 0	 4121.279166666666	 0.0	 0.0	 0.0	 0.0	 0.0	 0.0	 0.0	 
50010	50000	10	 sysNum: 	4999	 MissingNum: 	0	 26357.83750000091	 191233	 2	 Protocol_Missing: 0	 4107.862499999997	 0.0	 0.0	 0.0	 0.0	 0.0	 0.0	 0.0	 
50010	50000	10	 sysNum: 	45009	 MissingNum: 	0	 46466.6749999724	 236062	 2	 Protocol_Missing: 0	 4091.6749999999984	 0.0	 0.0	 0.0	 0.0	 0.0	 0.0	 0.0	 
50010	50000	10	 sysNum: 	40008	 MissingNum: 	0	 46328.11249997243	 235789	 2	 Protocol_Missing: 0	 4078.112499999999	 0.0	 0.0	 0.0	 0.0	 0.0	 0.0	 0.0	 
50010	50000	10	 sysNum: 	35007	 MissingNum: 	0	 46221.83749997238	 236047	 2	 Protocol_Missing: 0	 4096.837499999998	 0.0	 0.0	 0.0	 0.0	 0.0	 0.0	 0.0	 
50010	50000	10	 sysNum: 	30006	 MissingNum: 	0	 46104.4208333057	 236691	 2	 Protocol_Missing: 0	 4104.420833333332	 0.0	 0.0	 0.0	 0.0	 0.0	 0.0	 0.0	 
50010	50000	10	 sysNum: 	25005	 MissingNum: 	0	 45959.441666639075	 235238	 2	 Protocol_Missing: 0	 4084.441666666665	 0.0	 0.0	 0.0	 0.0	 0.0	 0.0	 0.0	 
50010	50000	10	 sysNum: 	20004	 MissingNum: 	0	 45838.3499999724	 235659	 2	 Protocol_Missing: 0	 4091.3249999999985	 0.0	 0.0	 0.0	 0.0	 0.0	 0.0	 0.0	 
50010	50000	10	 sysNum: 	15001	 MissingNum: 	0	 45734.06249997236	 235891	 2	 Protocol_Missing: 0	 4109.087499999999	 0.0	 0.0	 0.0	 0.0	 0.0	 0.0	 0.0	 
50010	50000	10	 sysNum: 	10000	 MissingNum: 	0	 29681.65416666629	 198929	 2	 Protocol_Missing: 0	 4119.179166666666	 0.0	 0.0	 0.0	 0.0	 0.0	 0.0	 0.0	 
50010	50000	10	 sysNum: 	4999	 MissingNum: 	0	 26347.191666667575	 190484	 2	 Protocol_Missing: 0	 4097.216666666665	 0.0	 0.0	 0.0	 0.0	 0.0	 0.0	 0.0	 
50010	50000	10	 sysNum: 	45009	 MissingNum: 	0	 46463.46666663907	 235376	 2	 Protocol_Missing: 0	 4088.466666666665	 0.0	 0.0	 0.0	 0.0	 0.0	 0.0	 0.0	 
50010	50000	10	 sysNum: 	40008	 MissingNum: 	0	 46364.04583330568	 236445	 2	 Protocol_Missing: 0	 4114.045833333333	 0.0	 0.0	 0.0	 0.0	 0.0	 0.0	 0.0	 
50010	50000	10	 sysNum: 	35007	 MissingNum: 	0	 46213.58333330574	 235572	 2	 Protocol_Missing: 0	 4088.5833333333317	 0.0	 0.0	 0.0	 0.0	 0.0	 0.0	 0.0	 
50010	50000	10	 sysNum: 	30006	 MissingNum: 	0	 46082.120833305744	 235748	 2	 Protocol_Missing: 0	 4082.545833333331	 0.0	 0.0	 0.0	 0.0	 0.0	 0.0	 0.0	 
50010	50000	10	 sysNum: 	25005	 MissingNum: 	0	 45976.96666663904	 235674	 2	 Protocol_Missing: 0	 4102.816666666665	 0.0	 0.0	 0.0	 0.0	 0.0	 0.0	 0.0	 
50010	50000	10	 sysNum: 	20004	 MissingNum: 	0	 45832.995833305744	 235778	 2	 Protocol_Missing: 0	 4083.4208333333313	 0.0	 0.0	 0.0	 0.0	 0.0	 0.0	 0.0	 
50010	50000	10	 sysNum: 	15001	 MissingNum: 	0	 45708.033333305735	 235848	 2	 Protocol_Missing: 0	 4085.60833333333	 0.0	 0.0	 0.0	 0.0	 0.0	 0.0	 0.0	 
50010	50000	10	 sysNum: 	10000	 MissingNum: 	0	 29637.699999999713	 197998	 2	 Protocol_Missing: 0	 4075.2249999999985	 0.0	 0.0	 0.0	 0.0	 0.0	 0.0	 0.0	 
50010	50000	10	 sysNum: 	4999	 MissingNum: 	0	 26322.75000000091	 190414	 2	 Protocol_Missing: 0	 4072.7749999999974	 0.0	 0.0	 0.0	 0.0	 0.0	 0.0	 0.0	 
50010	50000	10	 sysNum: 	45009	 MissingNum: 	0	 46444.56666663911	 235112	 2	 Protocol_Missing: 0	 4069.566666666665	 0.0	 0.0	 0.0	 0.0	 0.0	 0.0	 0.0	 
50010	50000	10	 sysNum: 	40008	 MissingNum: 	0	 46334.52916663908	 236009	 2	 Protocol_Missing: 0	 4084.529166666665	 0.0	 0.0	 0.0	 0.0	 0.0	 0.0	 0.0	 
50010	50000	10	 sysNum: 	35007	 MissingNum: 	0	 46191.29999997245	 235192	 2	 Protocol_Missing: 0	 4066.2999999999984	 0.0	 0.0	 0.0	 0.0	 0.0	 0.0	 0.0	 
50010	50000	10	 sysNum: 	30006	 MissingNum: 	0	 46089.42916663906	 235985	 2	 Protocol_Missing: 0	 4089.4291666666636	 0.0	 0.0	 0.0	 0.0	 0.0	 0.0	 0.0	 
50010	50000	10	 sysNum: 	25005	 MissingNum: 	0	 45969.18333330572	 235956	 2	 Protocol_Missing: 0	 4094.1833333333298	 0.0	 0.0	 0.0	 0.0	 0.0	 0.0	 0.0	 
50010	50000	10	 sysNum: 	20004	 MissingNum: 	0	 45804.69166663913	 234986	 2	 Protocol_Missing: 0	 4054.691666666664	 0.0	 0.0	 0.0	 0.0	 0.0	 0.0	 0.0	 
50010	50000	10	 sysNum: 	15001	 MissingNum: 	0	 45700.36666663909	 235558	 2	 Protocol_Missing: 0	 4077.0916666666644	 0.0	 0.0	 0.0	 0.0	 0.0	 0.0	 0.0	 
50010	50000	10	 sysNum: 	10000	 MissingNum: 	0	 29630.641666666397	 197756	 2	 Protocol_Missing: 0	 4068.1666666666647	 0.0	 0.0	 0.0	 0.0	 0.0	 0.0	 0.0	 
50010	50000	10	 sysNum: 	4999	 MissingNum: 	0	 26365.041666667577	 191224	 2	 Protocol_Missing: 0	 4119.091666666666	 0.0	 0.0	 0.0	 0.0	 0.0	 0.0	 0.0	 
50010	50000	10	 sysNum: 	45009	 MissingNum: 	0	 46471.07916663906	 236405	 2	 Protocol_Missing: 0	 4096.079166666665	 0.0	 0.0	 0.0	 0.0	 0.0	 0.0	 0.0	 
50010	50000	10	 sysNum: 	40008	 MissingNum: 	0	 46348.47083330571	 236295	 2	 Protocol_Missing: 0	 4098.470833333332	 0.0	 0.0	 0.0	 0.0	 0.0	 0.0	 0.0	 
50010	50000	10	 sysNum: 	35007	 MissingNum: 	0	 46224.199999972385	 236512	 2	 Protocol_Missing: 0	 4099.2	 0.0	 0.0	 0.0	 0.0	 0.0	 0.0	 0.0	 
50010	50000	10	 sysNum: 	30006	 MissingNum: 	0	 46120.34583330567	 235893	 2	 Protocol_Missing: 0	 4120.345833333333	 0.0	 0.0	 0.0	 0.0	 0.0	 0.0	 0.0	 
50010	50000	10	 sysNum: 	25005	 MissingNum: 	0	 45952.01666663909	 235957	 2	 Protocol_Missing: 0	 4077.441666666664	 0.0	 0.0	 0.0	 0.0	 0.0	 0.0	 0.0	 
50010	50000	10	 sysNum: 	20004	 MissingNum: 	0	 45851.3833333057	 236038	 2	 Protocol_Missing: 0	 4102.233333333332	 0.0	 0.0	 0.0	 0.0	 0.0	 0.0	 0.0	 
50010	50000	10	 sysNum: 	15001	 MissingNum: 	0	 45707.066666639075	 235747	 2	 Protocol_Missing: 0	 4082.5166666666646	 0.0	 0.0	 0.0	 0.0	 0.0	 0.0	 0.0	 
50010	50000	10	 sysNum: 	10000	 MissingNum: 	0	 29672.26249999964	 198799	 2	 Protocol_Missing: 0	 4109.787499999998	 0.0	 0.0	 0.0	 0.0	 0.0	 0.0	 0.0	 
50010	50000	10	 sysNum: 	4999	 MissingNum: 	0	 26297.608333334243	 189680	 2	 Protocol_Missing: 0	 4051.6583333333315	 0.0	 0.0	 0.0	 0.0	 0.0	 0.0	 0.0	 
50010	50000	10	 sysNum: 	45009	 MissingNum: 	0	 46435.20416663913	 235175	 2	 Protocol_Missing: 0	 4060.204166666664	 0.0	 0.0	 0.0	 0.0	 0.0	 0.0	 0.0	 
50010	50000	10	 sysNum: 	40008	 MissingNum: 	0	 46326.624999972424	 235738	 2	 Protocol_Missing: 0	 4076.624999999998	 0.0	 0.0	 0.0	 0.0	 0.0	 0.0	 0.0	 
50010	50000	10	 sysNum: 	35007	 MissingNum: 	0	 46225.104166639045	 235967	 2	 Protocol_Missing: 0	 4100.104166666664	 0.0	 0.0	 0.0	 0.0	 0.0	 0.0	 0.0	 
50010	50000	10	 sysNum: 	30006	 MissingNum: 	0	 46106.98749997236	 236395	 2	 Protocol_Missing: 0	 4106.987499999998	 0.0	 0.0	 0.0	 0.0	 0.0	 0.0	 0.0	 
50010	50000	10	 sysNum: 	25005	 MissingNum: 	0	 45972.63749997238	 235896	 2	 Protocol_Missing: 0	 4098.062499999997	 0.0	 0.0	 0.0	 0.0	 0.0	 0.0	 0.0	 
50010	50000	10	 sysNum: 	20004	 MissingNum: 	0	 45840.82499997239	 235676	 2	 Protocol_Missing: 0	 4091.6749999999984	 0.0	 0.0	 0.0	 0.0	 0.0	 0.0	 0.0	 
50010	50000	10	 sysNum: 	15001	 MissingNum: 	0	 45736.77083330568	 236395	 2	 Protocol_Missing: 0	 4112.645833333331	 0.0	 0.0	 0.0	 0.0	 0.0	 0.0	 0.0	 
50010	50000	10	 sysNum: 	10000	 MissingNum: 	0	 29677.074999999633	 199156	 2	 Protocol_Missing: 0	 4114.599999999999	 0.0	 0.0	 0.0	 0.0	 0.0	 0.0	 0.0	 
50010	50000	10	 sysNum: 	4999	 MissingNum: 	0	 26315.341666667577	 189968	 2	 Protocol_Missing: 0	 4065.3666666666645	 0.0	 0.0	 0.0	 0.0	 0.0	 0.0	 0.0	 
50010	50000	10	 sysNum: 	45009	 MissingNum: 	0	 46486.07083330569	 236343	 2	 Protocol_Missing: 0	 4111.070833333332	 0.0	 0.0	 0.0	 0.0	 0.0	 0.0	 0.0	 
50010	50000	10	 sysNum: 	40008	 MissingNum: 	0	 46328.929166639085	 235241	 2	 Protocol_Missing: 0	 4078.9291666666645	 0.0	 0.0	 0.0	 0.0	 0.0	 0.0	 0.0	 
50010	50000	10	 sysNum: 	35007	 MissingNum: 	0	 46215.47916663907	 235829	 2	 Protocol_Missing: 0	 4090.4791666666642	 0.0	 0.0	 0.0	 0.0	 0.0	 0.0	 0.0	 
50010	50000	10	 sysNum: 	30006	 MissingNum: 	0	 46104.974999972364	 236518	 2	 Protocol_Missing: 0	 4104.9749999999985	 0.0	 0.0	 0.0	 0.0	 0.0	 0.0	 0.0	 
50010	50000	10	 sysNum: 	25005	 MissingNum: 	0	 45985.42916663902	 236129	 2	 Protocol_Missing: 0	 4110.429166666665	 0.0	 0.0	 0.0	 0.0	 0.0	 0.0	 0.0	 
50010	50000	10	 sysNum: 	20004	 MissingNum: 	0	 45839.89583330573	 235617	 2	 Protocol_Missing: 0	 4089.895833333332	 0.0	 0.0	 0.0	 0.0	 0.0	 0.0	 0.0	 
50010	50000	10	 sysNum: 	15001	 MissingNum: 	0	 45749.36666663899	 236470	 2	 Protocol_Missing: 0	 4126.091666666666	 0.0	 0.0	 0.0	 0.0	 0.0	 0.0	 0.0	 
50010	50000	10	 sysNum: 	10000	 MissingNum: 	0	 29686.349999999613	 198898	 2	 Protocol_Missing: 0	 4123.875000000001	 0.0	 0.0	 0.0	 0.0	 0.0	 0.0	 0.0	 
50010	50000	10	 sysNum: 	4999	 MissingNum: 	0	 26344.50833333424	 190968	 2	 Protocol_Missing: 0	 4094.5333333333306	 0.0	 0.0	 0.0	 0.0	 0.0	 0.0	 0.0	 
50010	50000	10	 sysNum: 	45009	 MissingNum: 	0	 46462.85416663907	 235739	 2	 Protocol_Missing: 0	 4087.8541666666647	 0.0	 0.0	 0.0	 0.0	 0.0	 0.0	 0.0	 
50010	50000	10	 sysNum: 	40008	 MissingNum: 	0	 46345.61249997238	 236005	 2	 Protocol_Missing: 0	 4095.6124999999965	 0.0	 0.0	 0.0	 0.0	 0.0	 0.0	 0.0	 
50010	50000	10	 sysNum: 	35007	 MissingNum: 	0	 46183.01666663914	 234716	 2	 Protocol_Missing: 0	 4058.016666666665	 0.0	 0.0	 0.0	 0.0	 0.0	 0.0	 0.0	 
50010	50000	10	 sysNum: 	30006	 MissingNum: 	0	 46099.62083330571	 235964	 2	 Protocol_Missing: 0	 4100.045833333332	 0.0	 0.0	 0.0	 0.0	 0.0	 0.0	 0.0	 
50010	50000	10	 sysNum: 	25005	 MissingNum: 	0	 45959.17499997241	 236024	 2	 Protocol_Missing: 0	 4085.024999999998	 0.0	 0.0	 0.0	 0.0	 0.0	 0.0	 0.0	 
50010	50000	10	 sysNum: 	20004	 MissingNum: 	0	 45854.287499972364	 235932	 2	 Protocol_Missing: 0	 4104.712499999999	 0.0	 0.0	 0.0	 0.0	 0.0	 0.0	 0.0	 
50010	50000	10	 sysNum: 	15001	 MissingNum: 	0	 45738.399999972346	 236094	 2	 Protocol_Missing: 0	 4115.124999999999	 0.0	 0.0	 0.0	 0.0	 0.0	 0.0	 0.0	 
50010	50000	10	 sysNum: 	10000	 MissingNum: 	0	 29658.145833333005	 198507	 2	 Protocol_Missing: 0	 4095.670833333331	 0.0	 0.0	 0.0	 0.0	 0.0	 0.0	 0.0	 
50010	50000	10	 sysNum: 	4999	 MissingNum: 	0	 26321.75833333424	 190380	 2	 Protocol_Missing: 0	 4071.783333333332	 0.0	 0.0	 0.0	 0.0	 0.0	 0.0	 0.0	 
50010	50000	10	 sysNum: 	45009	 MissingNum: 	0	 46475.337499972375	 236167	 2	 Protocol_Missing: 0	 4100.337499999998	 0.0	 0.0	 0.0	 0.0	 0.0	 0.0	 0.0	 
50010	50000	10	 sysNum: 	40008	 MissingNum: 	0	 46345.40833330572	 235998	 2	 Protocol_Missing: 0	 4095.408333333332	 0.0	 0.0	 0.0	 0.0	 0.0	 0.0	 0.0	 
50010	50000	10	 sysNum: 	35007	 MissingNum: 	0	 46217.54999997239	 235708	 2	 Protocol_Missing: 0	 4092.549999999999	 0.0	 0.0	 0.0	 0.0	 0.0	 0.0	 0.0	 
50010	50000	10	 sysNum: 	30006	 MissingNum: 	0	 46096.14999997238	 236229	 2	 Protocol_Missing: 0	 4096.574999999998	 0.0	 0.0	 0.0	 0.0	 0.0	 0.0	 0.0	 
50010	50000	10	 sysNum: 	25005	 MissingNum: 	0	 45974.45833330571	 235972	 2	 Protocol_Missing: 0	 4100.308333333332	 0.0	 0.0	 0.0	 0.0	 0.0	 0.0	 0.0	 
50010	50000	10	 sysNum: 	20004	 MissingNum: 	0	 45839.02083330574	 236163	 2	 Protocol_Missing: 0	 4089.020833333331	 0.0	 0.0	 0.0	 0.0	 0.0	 0.0	 0.0	 
50010	50000	10	 sysNum: 	15001	 MissingNum: 	0	 45709.76249997241	 235469	 2	 Protocol_Missing: 0	 4085.6374999999975	 0.0	 0.0	 0.0	 0.0	 0.0	 0.0	 0.0	 
50010	50000	10	 sysNum: 	10000	 MissingNum: 	0	 29683.79166666628	 198478	 2	 Protocol_Missing: 0	 4122.941666666667	 0.0	 0.0	 0.0	 0.0	 0.0	 0.0	 0.0	 
50010	50000	10	 sysNum: 	4999	 MissingNum: 	0	 26340.950000000907	 190270	 2	 Protocol_Missing: 0	 4090.974999999997	 0.0	 0.0	 0.0	 0.0	 0.0	 0.0	 0.0	 
50010	50000	10	 sysNum: 	45009	 MissingNum: 	0	 46442.43749997245	 235231	 2	 Protocol_Missing: 0	 4067.437499999998	 0.0	 0.0	 0.0	 0.0	 0.0	 0.0	 0.0	 
50010	50000	10	 sysNum: 	40008	 MissingNum: 	0	 46360.77916663902	 235565	 2	 Protocol_Missing: 0	 4110.779166666665	 0.0	 0.0	 0.0	 0.0	 0.0	 0.0	 0.0	 
50010	50000	10	 sysNum: 	35007	 MissingNum: 	0	 46216.266666639065	 236048	 2	 Protocol_Missing: 0	 4091.2666666666646	 0.0	 0.0	 0.0	 0.0	 0.0	 0.0	 0.0	 
50010	50000	10	 sysNum: 	30006	 MissingNum: 	0	 46091.3249999724	 235858	 2	 Protocol_Missing: 0	 4091.324999999998	 0.0	 0.0	 0.0	 0.0	 0.0	 0.0	 0.0	 
50010	50000	10	 sysNum: 	25005	 MissingNum: 	0	 45969.19166663905	 235997	 2	 Protocol_Missing: 0	 4095.466666666665	 0.0	 0.0	 0.0	 0.0	 0.0	 0.0	 0.0	 
50010	50000	10	 sysNum: 	20004	 MissingNum: 	0	 45830.120833305744	 235693	 2	 Protocol_Missing: 0	 4080.9708333333315	 0.0	 0.0	 0.0	 0.0	 0.0	 0.0	 0.0	 
50010	50000	10	 sysNum: 	15001	 MissingNum: 	0	 45719.86666663905	 235829	 2	 Protocol_Missing: 0	 4096.166666666665	 0.0	 0.0	 0.0	 0.0	 0.0	 0.0	 0.0	 
50010	50000	10	 sysNum: 	10000	 MissingNum: 	0	 29632.808333333054	 197882	 2	 Protocol_Missing: 0	 4071.9583333333308	 0.0	 0.0	 0.0	 0.0	 0.0	 0.0	 0.0	 
50010	50000	10	 sysNum: 	4999	 MissingNum: 	0	 26357.983333334243	 191814	 2	 Protocol_Missing: 0	 4108.008333333332	 0.0	 0.0	 0.0	 0.0	 0.0	 0.0	 0.0	 
50010	50000	10	 sysNum: 	45009	 MissingNum: 	0	 46455.73749997242	 236071	 2	 Protocol_Missing: 0	 4080.737499999998	 0.0	 0.0	 0.0	 0.0	 0.0	 0.0	 0.0	 
50010	50000	10	 sysNum: 	40008	 MissingNum: 	0	 46350.04583330571	 235389	 2	 Protocol_Missing: 0	 4100.045833333332	 0.0	 0.0	 0.0	 0.0	 0.0	 0.0	 0.0	 
50010	50000	10	 sysNum: 	35007	 MissingNum: 	0	 46193.22083330578	 235477	 2	 Protocol_Missing: 0	 4069.070833333332	 0.0	 0.0	 0.0	 0.0	 0.0	 0.0	 0.0	 
50010	50000	10	 sysNum: 	30006	 MissingNum: 	0	 46113.19999997235	 236032	 2	 Protocol_Missing: 0	 4113.2	 0.0	 0.0	 0.0	 0.0	 0.0	 0.0	 0.0	 
50010	50000	10	 sysNum: 	25005	 MissingNum: 	0	 45985.02083330569	 236115	 2	 Protocol_Missing: 0	 4110.020833333331	 0.0	 0.0	 0.0	 0.0	 0.0	 0.0	 0.0	 
50010	50000	10	 sysNum: 	20004	 MissingNum: 	0	 45866.34999997234	 236140	 2	 Protocol_Missing: 0	 4116.349999999998	 0.0	 0.0	 0.0	 0.0	 0.0	 0.0	 0.0	 
50010	50000	10	 sysNum: 	15001	 MissingNum: 	0	 45705.070833305756	 235473	 2	 Protocol_Missing: 0	 4080.0958333333315	 0.0	 0.0	 0.0	 0.0	 0.0	 0.0	 0.0	 
50010	50000	10	 sysNum: 	10000	 MissingNum: 	0	 29712.220833332896	 199785	 2	 Protocol_Missing: 0	 4149.745833333337	 0.0	 0.0	 0.0	 0.0	 0.0	 0.0	 0.0	 
50010	50000	10	 sysNum: 	4999	 MissingNum: 	0	 26367.52083333424	 191565	 2	 Protocol_Missing: 0	 4117.545833333331	 0.0	 0.0	 0.0	 0.0	 0.0	 0.0	 0.0	 
50010	50000	10	 sysNum: 	45009	 MissingNum: 	0	 46449.379166639104	 235277	 2	 Protocol_Missing: 0	 4074.379166666665	 0.0	 0.0	 0.0	 0.0	 0.0	 0.0	 0.0	 
50010	50000	10	 sysNum: 	40008	 MissingNum: 	0	 46327.16249997242	 235578	 2	 Protocol_Missing: 0	 4077.587499999998	 0.0	 0.0	 0.0	 0.0	 0.0	 0.0	 0.0	 
50010	50000	10	 sysNum: 	35007	 MissingNum: 	0	 46213.77083330573	 235400	 2	 Protocol_Missing: 0	 4089.195833333332	 0.0	 0.0	 0.0	 0.0	 0.0	 0.0	 0.0	 
50010	50000	10	 sysNum: 	30006	 MissingNum: 	0	 46110.83749997235	 235567	 2	 Protocol_Missing: 0	 4110.8375	 0.0	 0.0	 0.0	 0.0	 0.0	 0.0	 0.0	 
50010	50000	10	 sysNum: 	25005	 MissingNum: 	0	 45964.94999997239	 235454	 2	 Protocol_Missing: 0	 4090.799999999999	 0.0	 0.0	 0.0	 0.0	 0.0	 0.0	 0.0	 
50010	50000	10	 sysNum: 	20004	 MissingNum: 	0	 45850.8583333057	 235828	 2	 Protocol_Missing: 0	 4101.708333333331	 0.0	 0.0	 0.0	 0.0	 0.0	 0.0	 0.0	 
50010	50000	10	 sysNum: 	15001	 MissingNum: 	0	 45720.40416663905	 236053	 2	 Protocol_Missing: 0	 4097.129166666665	 0.0	 0.0	 0.0	 0.0	 0.0	 0.0	 0.0	 
50010	50000	10	 sysNum: 	10000	 MissingNum: 	0	 29638.904166666376	 198091	 2	 Protocol_Missing: 0	 4078.054166666665	 0.0	 0.0	 0.0	 0.0	 0.0	 0.0	 0.0	 
50010	50000	10	 sysNum: 	4999	 MissingNum: 	0	 26346.229166667574	 191027	 2	 Protocol_Missing: 0	 4096.254166666664	 0.0	 0.0	 0.0	 0.0	 0.0	 0.0	 0.0	 
50010	50000	10	 sysNum: 	45009	 MissingNum: 	0	 46462.67916663907	 235541	 2	 Protocol_Missing: 0	 4087.6791666666645	 0.0	 0.0	 0.0	 0.0	 0.0	 0.0	 0.0	 
50010	50000	10	 sysNum: 	40008	 MissingNum: 	0	 46332.07916663908	 235925	 2	 Protocol_Missing: 0	 4082.0791666666646	 0.0	 0.0	 0.0	 0.0	 0.0	 0.0	 0.0	 
50010	50000	10	 sysNum: 	35007	 MissingNum: 	0	 46217.08333330573	 235884	 2	 Protocol_Missing: 0	 4092.0833333333317	 0.0	 0.0	 0.0	 0.0	 0.0	 0.0	 0.0	 
50010	50000	10	 sysNum: 	30006	 MissingNum: 	0	 46125.229166638994	 237034	 2	 Protocol_Missing: 0	 4125.654166666668	 0.0	 0.0	 0.0	 0.0	 0.0	 0.0	 0.0	 
50010	50000	10	 sysNum: 	25005	 MissingNum: 	0	 45994.279166639004	 236446	 2	 Protocol_Missing: 0	 4119.7041666666655	 0.0	 0.0	 0.0	 0.0	 0.0	 0.0	 0.0	 
50010	50000	10	 sysNum: 	20004	 MissingNum: 	0	 45867.19583330567	 236937	 2	 Protocol_Missing: 0	 4117.195833333332	 0.0	 0.0	 0.0	 0.0	 0.0	 0.0	 0.0	 
50010	50000	10	 sysNum: 	15001	 MissingNum: 	0	 45710.51666663907	 235714	 2	 Protocol_Missing: 0	 4087.241666666664	 0.0	 0.0	 0.0	 0.0	 0.0	 0.0	 0.0	 
50010	50000	10	 sysNum: 	10000	 MissingNum: 	0	 29651.670833333017	 198861	 2	 Protocol_Missing: 0	 4089.1958333333314	 0.0	 0.0	 0.0	 0.0	 0.0	 0.0	 0.0	 
50010	50000	10	 sysNum: 	4999	 MissingNum: 	0	 26341.912500000908	 190879	 2	 Protocol_Missing: 0	 4091.9374999999986	 0.0	 0.0	 0.0	 0.0	 0.0	 0.0	 0.0	 
50010	50000	10	 sysNum: 	45009	 MissingNum: 	0	 46462.45833330574	 235739	 2	 Protocol_Missing: 0	 4087.883333333331	 0.0	 0.0	 0.0	 0.0	 0.0	 0.0	 0.0	 
50010	50000	10	 sysNum: 	40008	 MissingNum: 	0	 46333.91666663908	 235796	 2	 Protocol_Missing: 0	 4083.9166666666642	 0.0	 0.0	 0.0	 0.0	 0.0	 0.0	 0.0	 
50010	50000	10	 sysNum: 	35007	 MissingNum: 	0	 46215.59583330573	 236217	 2	 Protocol_Missing: 0	 4090.595833333331	 0.0	 0.0	 0.0	 0.0	 0.0	 0.0	 0.0	 
50010	50000	10	 sysNum: 	30006	 MissingNum: 	0	 46110.60416663902	 236327	 2	 Protocol_Missing: 0	 4110.604166666664	 0.0	 0.0	 0.0	 0.0	 0.0	 0.0	 0.0	 
50010	50000	10	 sysNum: 	25005	 MissingNum: 	0	 45962.970833305735	 235935	 2	 Protocol_Missing: 0	 4087.970833333331	 0.0	 0.0	 0.0	 0.0	 0.0	 0.0	 0.0	 
50010	50000	10	 sysNum: 	20004	 MissingNum: 	0	 45804.091666639135	 234787	 2	 Protocol_Missing: 0	 4054.516666666665	 0.0	 0.0	 0.0	 0.0	 0.0	 0.0	 0.0	 
50010	50000	10	 sysNum: 	15001	 MissingNum: 	0	 45731.654166639026	 236206	 2	 Protocol_Missing: 0	 4107.104166666666	 0.0	 0.0	 0.0	 0.0	 0.0	 0.0	 0.0	 
50010	50000	10	 sysNum: 	10000	 MissingNum: 	0	 29666.895833332987	 198423	 2	 Protocol_Missing: 0	 4104.420833333331	 0.0	 0.0	 0.0	 0.0	 0.0	 0.0	 0.0	 
50010	50000	10	 sysNum: 	4999	 MissingNum: 	0	 26328.204166667572	 190793	 2	 Protocol_Missing: 0	 4078.229166666664	 0.0	 0.0	 0.0	 0.0	 0.0	 0.0	 0.0	 
50010	50000	10	 sysNum: 	45009	 MissingNum: 	0	 46496.366666639005	 235928	 2	 Protocol_Missing: 0	 4121.366666666667	 0.0	 0.0	 0.0	 0.0	 0.0	 0.0	 0.0	 
50010	50000	10	 sysNum: 	40008	 MissingNum: 	0	 46349.38749997237	 236340	 2	 Protocol_Missing: 0	 4099.812499999998	 0.0	 0.0	 0.0	 0.0	 0.0	 0.0	 0.0	 
50010	50000	10	 sysNum: 	35007	 MissingNum: 	0	 46207.60416663908	 235751	 2	 Protocol_Missing: 0	 4082.604166666665	 0.0	 0.0	 0.0	 0.0	 0.0	 0.0	 0.0	 
50010	50000	10	 sysNum: 	30006	 MissingNum: 	0	 46067.304166639115	 235432	 2	 Protocol_Missing: 0	 4067.7291666666647	 0.0	 0.0	 0.0	 0.0	 0.0	 0.0	 0.0	 
50010	50000	10	 sysNum: 	25005	 MissingNum: 	0	 45959.854166639074	 235896	 2	 Protocol_Missing: 0	 4086.979166666665	 0.0	 0.0	 0.0	 0.0	 0.0	 0.0	 0.0	 
50010	50000	10	 sysNum: 	20004	 MissingNum: 	0	 45855.91666663903	 235823	 2	 Protocol_Missing: 0	 4107.191666666665	 0.0	 0.0	 0.0	 0.0	 0.0	 0.0	 0.0	 
50010	50000	10	 sysNum: 	15001	 MissingNum: 	0	 45726.47916663904	 236399	 2	 Protocol_Missing: 0	 4101.504166666665	 0.0	 0.0	 0.0	 0.0	 0.0	 0.0	 0.0	 
50010	50000	10	 sysNum: 	10000	 MissingNum: 	0	 29658.987499999654	 198883	 2	 Protocol_Missing: 0	 4101.387499999997	 0.0	 0.0	 0.0	 0.0	 0.0	 0.0	 0.0	 
50010	50000	10	 sysNum: 	4999	 MissingNum: 	0	 26398.554166667578	 191093	 2	 Protocol_Missing: 0	 4148.579166666668	 0.0	 0.0	 0.0	 0.0	 0.0	 0.0	 0.0	 
50010	50000	10	 sysNum: 	45009	 MissingNum: 	0	 46478.033333305706	 236081	 2	 Protocol_Missing: 0	 4103.458333333332	 0.0	 0.0	 0.0	 0.0	 0.0	 0.0	 0.0	 
50010	50000	10	 sysNum: 	40008	 MissingNum: 	0	 46352.64166663904	 236246	 2	 Protocol_Missing: 0	 4102.6416666666655	 0.0	 0.0	 0.0	 0.0	 0.0	 0.0	 0.0	 
50010	50000	10	 sysNum: 	35007	 MissingNum: 	0	 46243.741666639005	 236414	 2	 Protocol_Missing: 0	 4118.741666666666	 0.0	 0.0	 0.0	 0.0	 0.0	 0.0	 0.0	 
50010	50000	10	 sysNum: 	30006	 MissingNum: 	0	 46069.94583330578	 235509	 2	 Protocol_Missing: 0	 4069.945833333331	 0.0	 0.0	 0.0	 0.0	 0.0	 0.0	 0.0	 
50010	50000	10	 sysNum: 	25005	 MissingNum: 	0	 45977.09999997237	 236625	 2	 Protocol_Missing: 0	 4102.524999999999	 0.0	 0.0	 0.0	 0.0	 0.0	 0.0	 0.0	 
50010	50000	10	 sysNum: 	20004	 MissingNum: 	0	 45853.07499997236	 235904	 2	 Protocol_Missing: 0	 4103.924999999998	 0.0	 0.0	 0.0	 0.0	 0.0	 0.0	 0.0	 
50010	50000	10	 sysNum: 	15001	 MissingNum: 	0	 45785.5541666389	 235845	 2	 Protocol_Missing: 0	 4163.979166666668	 0.0	 0.0	 0.0	 0.0	 0.0	 0.0	 0.0	 
50010	50000	10	 sysNum: 	10000	 MissingNum: 	0	 29662.783333332995	 198858	 2	 Protocol_Missing: 0	 4100.308333333331	 0.0	 0.0	 0.0	 0.0	 0.0	 0.0	 0.0	 
50010	50000	10	 sysNum: 	4999	 MissingNum: 	0	 26333.366666667574	 190458	 2	 Protocol_Missing: 0	 4091.441666666664	 0.0	 0.0	 0.0	 0.0	 0.0	 0.0	 0.0	 
50010	50000	10	 sysNum: 	45009	 MissingNum: 	0	 46452.96666663909	 235592	 2	 Protocol_Missing: 0	 4077.966666666664	 0.0	 0.0	 0.0	 0.0	 0.0	 0.0	 0.0	 
50010	50000	10	 sysNum: 	40008	 MissingNum: 	0	 46360.370833305686	 235743	 2	 Protocol_Missing: 0	 4110.370833333332	 0.0	 0.0	 0.0	 0.0	 0.0	 0.0	 0.0	 
50010	50000	10	 sysNum: 	35007	 MissingNum: 	0	 46242.02083330568	 236739	 2	 Protocol_Missing: 0	 4117.020833333333	 0.0	 0.0	 0.0	 0.0	 0.0	 0.0	 0.0	 
50010	50000	10	 sysNum: 	30006	 MissingNum: 	0	 46090.19999997239	 236025	 2	 Protocol_Missing: 0	 4090.6249999999973	 0.0	 0.0	 0.0	 0.0	 0.0	 0.0	 0.0	 
50010	50000	10	 sysNum: 	25005	 MissingNum: 	0	 45965.59583330573	 236025	 2	 Protocol_Missing: 0	 4090.5958333333306	 0.0	 0.0	 0.0	 0.0	 0.0	 0.0	 0.0	 
50010	50000	10	 sysNum: 	20004	 MissingNum: 	0	 45872.06249997232	 236363	 2	 Protocol_Missing: 0	 4122.9124999999985	 0.0	 0.0	 0.0	 0.0	 0.0	 0.0	 0.0	 
50010	50000	10	 sysNum: 	15001	 MissingNum: 	0	 45709.53333330575	 235626	 2	 Protocol_Missing: 0	 4084.558333333332	 0.0	 0.0	 0.0	 0.0	 0.0	 0.0	 0.0	 
50010	50000	10	 sysNum: 	10000	 MissingNum: 	0	 29630.845833333064	 197955	 2	 Protocol_Missing: 0	 4068.370833333332	 0.0	 0.0	 0.0	 0.0	 0.0	 0.0	 0.0	 
50010	50000	10	 sysNum: 	4999	 MissingNum: 	0	 26364.866666667578	 191090	 2	 Protocol_Missing: 0	 4114.8916666666655	 0.0	 0.0	 0.0	 0.0	 0.0	 0.0	 0.0	 
50010	50000	10	 sysNum: 	45009	 MissingNum: 	0	 46443.312499972446	 235069	 2	 Protocol_Missing: 0	 4068.3124999999973	 0.0	 0.0	 0.0	 0.0	 0.0	 0.0	 0.0	 
50010	50000	10	 sysNum: 	40008	 MissingNum: 	0	 46329.366666639085	 235640	 2	 Protocol_Missing: 0	 4079.366666666665	 0.0	 0.0	 0.0	 0.0	 0.0	 0.0	 0.0	 
50010	50000	10	 sysNum: 	35007	 MissingNum: 	0	 46241.69999997234	 236536	 2	 Protocol_Missing: 0	 4116.699999999999	 0.0	 0.0	 0.0	 0.0	 0.0	 0.0	 0.0	 
50010	50000	10	 sysNum: 	30006	 MissingNum: 	0	 46086.308333305744	 235686	 2	 Protocol_Missing: 0	 4086.3083333333316	 0.0	 0.0	 0.0	 0.0	 0.0	 0.0	 0.0	 
50010	50000	10	 sysNum: 	25005	 MissingNum: 	0	 45983.591666639026	 236450	 2	 Protocol_Missing: 0	 4108.591666666665	 0.0	 0.0	 0.0	 0.0	 0.0	 0.0	 0.0	 
50010	50000	10	 sysNum: 	20004	 MissingNum: 	0	 45802.73749997248	 234919	 2	 Protocol_Missing: 0	 4052.737499999999	 0.0	 0.0	 0.0	 0.0	 0.0	 0.0	 0.0	 
50010	50000	10	 sysNum: 	15001	 MissingNum: 	0	 45722.68749997238	 236077	 2	 Protocol_Missing: 0	 4097.712499999997	 0.0	 0.0	 0.0	 0.0	 0.0	 0.0	 0.0	 
50010	50000	10	 sysNum: 	10000	 MissingNum: 	0	 29612.41666666642	 197530	 2	 Protocol_Missing: 0	 4056.441666666665	 0.0	 0.0	 0.0	 0.0	 0.0	 0.0	 0.0	 
50010	50000	10	 sysNum: 	4999	 MissingNum: 	0	 26339.462500000907	 191051	 2	 Protocol_Missing: 0	 4097.537499999998	 0.0	 0.0	 0.0	 0.0	 0.0	 0.0	 0.0	 
50010	50000	10	 sysNum: 	45009	 MissingNum: 	0	 46459.23749997241	 235615	 2	 Protocol_Missing: 0	 4084.237499999998	 0.0	 0.0	 0.0	 0.0	 0.0	 0.0	 0.0	 
50010	50000	10	 sysNum: 	40008	 MissingNum: 	0	 46368.60833330567	 236807	 2	 Protocol_Missing: 0	 4119.033333333334	 0.0	 0.0	 0.0	 0.0	 0.0	 0.0	 0.0	 
50010	50000	10	 sysNum: 	35007	 MissingNum: 	0	 46247.44583330567	 235965	 2	 Protocol_Missing: 0	 4122.445833333333	 0.0	 0.0	 0.0	 0.0	 0.0	 0.0	 0.0	 
50010	50000	10	 sysNum: 	30006	 MissingNum: 	0	 46088.524999972404	 235762	 2	 Protocol_Missing: 0	 4088.524999999999	 0.0	 0.0	 0.0	 0.0	 0.0	 0.0	 0.0	 
50010	50000	10	 sysNum: 	25005	 MissingNum: 	0	 45985.61666663902	 236341	 2	 Protocol_Missing: 0	 4111.041666666666	 0.0	 0.0	 0.0	 0.0	 0.0	 0.0	 0.0	 
50010	50000	10	 sysNum: 	20004	 MissingNum: 	0	 45840.88749997239	 235843	 2	 Protocol_Missing: 0	 4090.887499999997	 0.0	 0.0	 0.0	 0.0	 0.0	 0.0	 0.0	 
50010	50000	10	 sysNum: 	15001	 MissingNum: 	0	 45717.54999997239	 235928	 2	 Protocol_Missing: 0	 4093.424999999998	 0.0	 0.0	 0.0	 0.0	 0.0	 0.0	 0.0	 
50010	50000	10	 sysNum: 	10000	 MissingNum: 	0	 29638.774999999703	 198382	 2	 Protocol_Missing: 0	 4081.1749999999984	 0.0	 0.0	 0.0	 0.0	 0.0	 0.0	 0.0	 
50010	50000	10	 sysNum: 	4999	 MissingNum: 	0	 26344.654166667577	 190973	 2	 Protocol_Missing: 0	 4094.6791666666645	 0.0	 0.0	 0.0	 0.0	 0.0	 0.0	 0.0	 
