50010	50000	10	 sysNum: 	25005	 MissingNum: 	0	 5616.741666666667	 190462	 2	 Protocol_Missing: 0	 0.0	 2441.862499999999	 2020.7833333333333	 1154.0958333333333	 81609.0	 69284.0	 39569.0	 11.0	 
50010	50000	10	 sysNum: 	25005	 MissingNum: 	0	 5591.395833333338	 189593	 2	 Protocol_Missing: 0	 0.0	 2431.9749999999995	 2015.0958333333328	 1144.325	 81270.0	 69089.0	 39234.0	 11.0	 
50010	50000	10	 sysNum: 	25005	 MissingNum: 	0	 5588.625000000002	 189306	 2	 Protocol_Missing: 0	 0.0	 2435.6499999999996	 2010.5749999999996	 1142.3999999999999	 81204.0	 68934.0	 39168.0	 12.0	 
50010	50000	10	 sysNum: 	25005	 MissingNum: 	0	 5626.9791666666715	 190621	 2	 Protocol_Missing: 0	 0.0	 2450.058333333332	 2024.2541666666662	 1152.6666666666667	 81698.0	 69403.0	 39520.0	 12.0	 
50010	50000	10	 sysNum: 	25005	 MissingNum: 	0	 5608.487500000003	 189987	 2	 Protocol_Missing: 0	 0.0	 2441.3374999999987	 2018.4500000000003	 1148.7000000000003	 81399.0	 69204.0	 39384.0	 12.0	 
50010	50000	10	 sysNum: 	25005	 MissingNum: 	0	 5583.433333333337	 189128	 2	 Protocol_Missing: 0	 0.0	 2431.799999999999	 2011.0124999999998	 1140.6208333333334	 81072.0	 68949.0	 39107.0	 12.0	 
50010	50000	10	 sysNum: 	25005	 MissingNum: 	0	 5586.175000000003	 189414	 2	 Protocol_Missing: 0	 0.0	 2428.241666666666	 2014.1041666666667	 1143.8291666666664	 81142.0	 69055.0	 39217.0	 11.0	 
50010	50000	10	 sysNum: 	25005	 MissingNum: 	0	 5574.245833333336	 189005	 2	 Protocol_Missing: 0	 0.0	 2419.520833333332	 2012.1499999999999	 1142.5749999999998	 80843.0	 68988.0	 39174.0	 11.0	 
50010	50000	10	 sysNum: 	25005	 MissingNum: 	0	 5610.908333333335	 190070	 2	 Protocol_Missing: 0	 0.0	 2441.3375	 2021.8624999999997	 1147.7083333333333	 81399.0	 69321.0	 39350.0	 12.0	 
50010	50000	10	 sysNum: 	25005	 MissingNum: 	0	 5596.529166666667	 189769	 2	 Protocol_Missing: 0	 0.0	 2432.4124999999995	 2016.1749999999995	 1147.9416666666668	 81285.0	 69126.0	 39358.0	 11.0	 
50010	50000	10	 sysNum: 	25005	 MissingNum: 	0	 5587.283333333337	 189260	 2	 Protocol_Missing: 0	 0.0	 2433.8124999999995	 2011.333333333333	 1142.1374999999996	 81141.0	 68960.0	 39159.0	 12.0	 
50010	50000	10	 sysNum: 	25005	 MissingNum: 	0	 5579.466666666669	 188992	 2	 Protocol_Missing: 0	 0.0	 2429.466666666665	 2009.4083333333333	 1140.5916666666672	 80992.0	 68894.0	 39106.0	 12.0	 
50010	50000	10	 sysNum: 	25005	 MissingNum: 	0	 5627.212500000003	 190629	 2	 Protocol_Missing: 0	 0.0	 2451.4583333333317	 2022.533333333333	 1153.220833333333	 81746.0	 69344.0	 39539.0	 12.0	 
50010	50000	10	 sysNum: 	25005	 MissingNum: 	0	 5588.858333333335	 189314	 2	 Protocol_Missing: 0	 0.0	 2432.470833333333	 2013.1416666666664	 1143.245833333333	 81095.0	 69022.0	 39197.0	 12.0	 
50010	50000	10	 sysNum: 	25005	 MissingNum: 	0	 5590.491666666668	 189370	 2	 Protocol_Missing: 0	 0.0	 2431.712499999999	 2015.0666666666664	 1143.7124999999999	 81069.0	 69088.0	 39213.0	 12.0	 
50010	50000	10	 sysNum: 	25005	 MissingNum: 	0	 5590.112500000004	 189357	 2	 Protocol_Missing: 0	 0.0	 2433.987499999999	 2011.8874999999996	 1144.2375000000002	 81147.0	 68979.0	 39231.0	 12.0	 
50010	50000	10	 sysNum: 	25005	 MissingNum: 	0	 5605.016666666667	 189868	 2	 Protocol_Missing: 0	 0.0	 2437.9249999999997	 2017.8374999999999	 1149.2541666666668	 81282.0	 69183.0	 39403.0	 12.0	 
50010	50000	10	 sysNum: 	25005	 MissingNum: 	0	 5610.237500000001	 190047	 2	 Protocol_Missing: 0	 0.0	 2441.5999999999995	 2018.3333333333328	 1150.3041666666666	 81408.0	 69200.0	 39439.0	 12.0	 
50010	50000	10	 sysNum: 	25005	 MissingNum: 	0	 5595.566666666668	 189736	 2	 Protocol_Missing: 0	 0.0	 2432.5874999999987	 2015.883333333333	 1147.0958333333335	 81291.0	 69116.0	 39329.0	 11.0	 
50010	50000	10	 sysNum: 	25005	 MissingNum: 	0	 5620.6500000000015	 190404	 2	 Protocol_Missing: 0	 0.0	 2448.045833333332	 2020.8416666666662	 1151.7624999999998	 81629.0	 69286.0	 39489.0	 12.0	 
50010	50000	10	 sysNum: 	25005	 MissingNum: 	0	 5613.650000000003	 190356	 2	 Protocol_Missing: 0	 0.0	 2439.937499999999	 2022.8249999999998	 1150.8875000000003	 81543.0	 69354.0	 39459.0	 11.0	 
50010	50000	10	 sysNum: 	25005	 MissingNum: 	0	 5592.270833333338	 189431	 2	 Protocol_Missing: 0	 0.0	 2437.4874999999984	 2012.4125000000001	 1142.3708333333327	 81267.0	 68997.0	 39167.0	 12.0	 
50010	50000	10	 sysNum: 	25005	 MissingNum: 	0	 5598.833333333336	 189656	 2	 Protocol_Missing: 0	 0.0	 2437.954166666666	 2015.6208333333334	 1145.2583333333334	 81283.0	 69107.0	 39266.0	 12.0	 
50010	50000	10	 sysNum: 	25005	 MissingNum: 	0	 5638.150000000003	 191004	 2	 Protocol_Missing: 0	 0.0	 2453.645833333333	 2027.6375	 1156.8666666666666	 81821.0	 69519.0	 39664.0	 12.0	 
50010	50000	10	 sysNum: 	25005	 MissingNum: 	0	 5608.545833333335	 189989	 2	 Protocol_Missing: 0	 0.0	 2445.2749999999987	 2016.3791666666664	 1146.8916666666667	 81534.0	 69133.0	 39322.0	 12.0	 
50010	50000	10	 sysNum: 	25005	 MissingNum: 	0	 5589.150000000002	 189516	 2	 Protocol_Missing: 0	 0.0	 2429.2333333333327	 2016.0583333333334	 1143.8583333333331	 81176.0	 69122.0	 39218.0	 11.0	 
50010	50000	10	 sysNum: 	25005	 MissingNum: 	0	 5599.533333333337	 189680	 2	 Protocol_Missing: 0	 0.0	 2438.3624999999984	 2015.270833333333	 1145.8999999999999	 81297.0	 69095.0	 39288.0	 12.0	 
50010	50000	10	 sysNum: 	25005	 MissingNum: 	0	 5603.558333333336	 189818	 2	 Protocol_Missing: 0	 0.0	 2438.770833333332	 2015.591666666667	 1149.1958333333332	 81311.0	 69106.0	 39401.0	 12.0	 
50010	50000	10	 sysNum: 	25005	 MissingNum: 	0	 5593.55416666667	 189475	 2	 Protocol_Missing: 0	 0.0	 2435.270833333333	 2012.1208333333327	 1146.1625	 81191.0	 68987.0	 39297.0	 12.0	 
50010	50000	10	 sysNum: 	25005	 MissingNum: 	0	 5586.787500000002	 189435	 2	 Protocol_Missing: 0	 0.0	 2428.679166666666	 2014.8041666666663	 1143.3041666666668	 81157.0	 69079.0	 39199.0	 11.0	 
50010	50000	10	 sysNum: 	25005	 MissingNum: 	0	 5597.025000000004	 189594	 2	 Protocol_Missing: 0	 0.0	 2435.737499999999	 2014.4541666666667	 1146.833333333333	 81207.0	 69067.0	 39320.0	 12.0	 
50010	50000	10	 sysNum: 	25005	 MissingNum: 	0	 5595.362500000005	 189537	 2	 Protocol_Missing: 0	 0.0	 2435.1833333333325	 2014.3666666666666	 1145.8124999999995	 81188.0	 69064.0	 39285.0	 12.0	 
50010	50000	10	 sysNum: 	25005	 MissingNum: 	0	 5599.941666666667	 189886	 2	 Protocol_Missing: 0	 0.0	 2438.3333333333326	 2015.8833333333332	 1145.7249999999997	 81488.0	 69116.0	 39282.0	 11.0	 
50010	50000	10	 sysNum: 	25005	 MissingNum: 	0	 5639.22916666667	 191041	 2	 Protocol_Missing: 0	 0.0	 2455.5125	 2028.8624999999997	 1154.8541666666663	 81885.0	 69561.0	 39595.0	 12.0	 
50010	50000	10	 sysNum: 	25005	 MissingNum: 	0	 5583.462500000002	 189321	 2	 Protocol_Missing: 0	 0.0	 2427.045833333332	 2011.6833333333334	 1144.7333333333336	 81101.0	 68972.0	 39248.0	 11.0	 
50010	50000	10	 sysNum: 	25005	 MissingNum: 	0	 5609.945833333337	 190037	 2	 Protocol_Missing: 0	 0.0	 2442.416666666665	 2019.1499999999996	 1148.3791666666666	 81436.0	 69228.0	 39373.0	 12.0	 
50010	50000	10	 sysNum: 	25005	 MissingNum: 	0	 5593.55416666667	 189283	 2	 Protocol_Missing: 0	 0.0	 2437.2833333333333	 2012.8500000000001	 1143.4208333333331	 81068.0	 69012.0	 39203.0	 13.0	 
50010	50000	10	 sysNum: 	25005	 MissingNum: 	0	 5622.166666666668	 190456	 2	 Protocol_Missing: 0	 0.0	 2445.7124999999987	 2024.633333333333	 1151.820833333333	 81549.0	 69416.0	 39491.0	 12.0	 
50010	50000	10	 sysNum: 	25005	 MissingNum: 	0	 5596.3250000000035	 189570	 2	 Protocol_Missing: 0	 0.0	 2438.4208333333327	 2013.5499999999995	 1144.354166666667	 81299.0	 69036.0	 39235.0	 12.0	 
50010	50000	10	 sysNum: 	25005	 MissingNum: 	0	 5628.11666666667	 190660	 2	 Protocol_Missing: 0	 0.0	 2450.145833333331	 2025.3916666666669	 1152.5791666666664	 81701.0	 69442.0	 39517.0	 12.0	 
50010	50000	10	 sysNum: 	25005	 MissingNum: 	0	 5627.475000000002	 190638	 2	 Protocol_Missing: 0	 0.0	 2452.7416666666654	 2022.5624999999995	 1152.1708333333331	 81790.0	 69345.0	 39503.0	 12.0	 
50010	50000	10	 sysNum: 	25005	 MissingNum: 	0	 5604.608333333336	 189854	 2	 Protocol_Missing: 0	 0.0	 2440.8124999999986	 2015.4458333333337	 1148.3499999999997	 81381.0	 69101.0	 39372.0	 12.0	 
50010	50000	10	 sysNum: 	25005	 MissingNum: 	0	 5597.958333333336	 189818	 2	 Protocol_Missing: 0	 0.0	 2433.7541666666652	 2015.7374999999995	 1148.4666666666665	 81331.0	 69111.0	 39376.0	 11.0	 
50010	50000	10	 sysNum: 	25005	 MissingNum: 	0	 5600.641666666669	 189910	 2	 Protocol_Missing: 0	 0.0	 2437.8083333333325	 2017.4291666666663	 1145.4041666666667	 81470.0	 69169.0	 39271.0	 11.0	 
50010	50000	10	 sysNum: 	25005	 MissingNum: 	0	 5580.604166666671	 189223	 2	 Protocol_Missing: 0	 0.0	 2424.449999999999	 2011.245833333333	 1144.9083333333333	 81012.0	 68957.0	 39254.0	 11.0	 
50010	50000	10	 sysNum: 	25005	 MissingNum: 	0	 5619.016666666672	 190348	 2	 Protocol_Missing: 0	 0.0	 2447.2291666666656	 2020.433333333333	 1151.3541666666663	 81601.0	 69272.0	 39475.0	 12.0	 
50010	50000	10	 sysNum: 	25005	 MissingNum: 	0	 5602.858333333335	 189794	 2	 Protocol_Missing: 0	 0.0	 2440.2583333333323	 2018.2749999999996	 1144.3249999999998	 81362.0	 69198.0	 39234.0	 12.0	 
50010	50000	10	 sysNum: 	25005	 MissingNum: 	0	 5614.933333333338	 190208	 2	 Protocol_Missing: 0	 0.0	 2445.0125	 2019.5	 1150.420833333333	 81525.0	 69240.0	 39443.0	 12.0	 
50010	50000	10	 sysNum: 	25005	 MissingNum: 	0	 5642.000000000005	 191136	 2	 Protocol_Missing: 0	 0.0	 2457.991666666666	 2026.908333333333	 1157.1	 81970.0	 69494.0	 39672.0	 12.0	 
50010	50000	10	 sysNum: 	25005	 MissingNum: 	0	 5606.737500000002	 189927	 2	 Protocol_Missing: 0	 0.0	 2441.599999999998	 2016.7	 1148.4374999999998	 81408.0	 69144.0	 39375.0	 12.0	 
