50010	50000	10	 sysNum: 	25005	 MissingNum: 	0	 4722.287500000003	 159027	 2	 Protocol_Missing: 0	 0.0	 0.0	 3332.6708333333318	 1389.6166666666666	 0.0	 111383.0	 47644.0	 15.0	 
50010	50000	10	 sysNum: 	25005	 MissingNum: 	0	 4724.183333333336	 159476	 2	 Protocol_Missing: 0	 0.0	 0.0	 3332.8749999999986	 1391.3083333333336	 0.0	 111774.0	 47702.0	 13.0	 
50010	50000	10	 sysNum: 	25005	 MissingNum: 	0	 4756.616666666673	 160204	 2	 Protocol_Missing: 0	 0.0	 0.0	 3357.3749999999986	 1399.2416666666663	 0.0	 112230.0	 47974.0	 15.0	 
50010	50000	10	 sysNum: 	25005	 MissingNum: 	0	 4724.0958333333365	 159281	 2	 Protocol_Missing: 0	 0.0	 0.0	 3331.941666666665	 1392.1541666666662	 0.0	 111550.0	 47731.0	 14.0	 
50010	50000	10	 sysNum: 	25005	 MissingNum: 	0	 4706.187500000002	 158859	 2	 Protocol_Missing: 0	 0.0	 0.0	 3320.2749999999987	 1385.9125000000004	 0.0	 111342.0	 47517.0	 13.0	 
50010	50000	10	 sysNum: 	25005	 MissingNum: 	0	 4728.558333333335	 159434	 2	 Protocol_Missing: 0	 0.0	 0.0	 3333.662499999999	 1394.895833333334	 0.0	 111609.0	 47825.0	 14.0	 
50010	50000	10	 sysNum: 	25005	 MissingNum: 	0	 4719.545833333335	 159125	 2	 Protocol_Missing: 0	 0.0	 0.0	 3333.516666666665	 1386.0291666666667	 0.0	 111604.0	 47521.0	 14.0	 
50010	50000	10	 sysNum: 	25005	 MissingNum: 	0	 4748.4500000000035	 159924	 2	 Protocol_Missing: 0	 0.0	 0.0	 3351.4833333333318	 1396.9666666666667	 0.0	 112028.0	 47896.0	 15.0	 
50010	50000	10	 sysNum: 	25005	 MissingNum: 	0	 4707.062500000001	 158889	 2	 Protocol_Missing: 0	 0.0	 0.0	 3323.8333333333326	 1383.2291666666663	 0.0	 111464.0	 47425.0	 13.0	 
50010	50000	10	 sysNum: 	25005	 MissingNum: 	0	 4728.383333333339	 159428	 2	 Protocol_Missing: 0	 0.0	 0.0	 3330.804166666665	 1397.5791666666667	 0.0	 111511.0	 47917.0	 14.0	 
50010	50000	10	 sysNum: 	25005	 MissingNum: 	0	 4706.333333333336	 158864	 2	 Protocol_Missing: 0	 0.0	 0.0	 3320.887499999999	 1385.4458333333332	 0.0	 111363.0	 47501.0	 13.0	 
50010	50000	10	 sysNum: 	25005	 MissingNum: 	0	 4719.575000000001	 159318	 2	 Protocol_Missing: 0	 0.0	 0.0	 3329.2583333333314	 1390.3166666666668	 0.0	 111650.0	 47668.0	 13.0	 
50010	50000	10	 sysNum: 	25005	 MissingNum: 	0	 4707.500000000005	 158712	 2	 Protocol_Missing: 0	 0.0	 0.0	 3322.549999999999	 1384.9499999999998	 0.0	 111228.0	 47484.0	 14.0	 
50010	50000	10	 sysNum: 	25005	 MissingNum: 	0	 4716.745833333336	 159029	 2	 Protocol_Missing: 0	 0.0	 0.0	 3325.6416666666646	 1391.1041666666665	 0.0	 111334.0	 47695.0	 14.0	 
50010	50000	10	 sysNum: 	25005	 MissingNum: 	0	 4704.466666666669	 158800	 2	 Protocol_Missing: 0	 0.0	 0.0	 3316.5708333333323	 1387.8958333333335	 0.0	 111215.0	 47585.0	 13.0	 
50010	50000	10	 sysNum: 	25005	 MissingNum: 	0	 4732.962500000005	 159585	 2	 Protocol_Missing: 0	 0.0	 0.0	 3338.970833333332	 1393.9916666666663	 0.0	 111791.0	 47794.0	 14.0	 
50010	50000	10	 sysNum: 	25005	 MissingNum: 	0	 4718.379166666669	 159085	 2	 Protocol_Missing: 0	 0.0	 0.0	 3328.5583333333307	 1389.8208333333332	 0.0	 111434.0	 47651.0	 14.0	 
50010	50000	10	 sysNum: 	25005	 MissingNum: 	0	 4752.708333333336	 160262	 2	 Protocol_Missing: 0	 0.0	 0.0	 3351.1916666666657	 1401.5166666666667	 0.0	 112210.0	 48052.0	 14.0	 
50010	50000	10	 sysNum: 	25005	 MissingNum: 	0	 4740.69166666667	 159850	 2	 Protocol_Missing: 0	 0.0	 0.0	 3342.4124999999985	 1398.2791666666662	 0.0	 111909.0	 47941.0	 14.0	 
50010	50000	10	 sysNum: 	25005	 MissingNum: 	0	 4738.650000000003	 159780	 2	 Protocol_Missing: 0	 0.0	 0.0	 3345.8833333333314	 1392.7666666666669	 0.0	 112028.0	 47752.0	 14.0	 
50010	50000	10	 sysNum: 	25005	 MissingNum: 	0	 4724.5333333333365	 159296	 2	 Protocol_Missing: 0	 0.0	 0.0	 3332.495833333332	 1392.0375000000001	 0.0	 111569.0	 47727.0	 14.0	 
50010	50000	10	 sysNum: 	25005	 MissingNum: 	0	 4770.733333333338	 160880	 2	 Protocol_Missing: 0	 0.0	 0.0	 3363.4708333333324	 1407.2625	 0.0	 112631.0	 48249.0	 14.0	 
50010	50000	10	 sysNum: 	25005	 MissingNum: 	0	 4725.350000000002	 159324	 2	 Protocol_Missing: 0	 0.0	 0.0	 3330.6583333333324	 1394.6916666666662	 0.0	 111506.0	 47818.0	 14.0	 
50010	50000	10	 sysNum: 	25005	 MissingNum: 	0	 4748.77083333334	 159935	 2	 Protocol_Missing: 0	 0.0	 0.0	 3347.254166666665	 1401.5166666666662	 0.0	 111883.0	 48052.0	 15.0	 
50010	50000	10	 sysNum: 	25005	 MissingNum: 	0	 4694.7541666666675	 158467	 2	 Protocol_Missing: 0	 0.0	 0.0	 3308.8124999999977	 1385.9416666666666	 0.0	 110949.0	 47518.0	 13.0	 
50010	50000	10	 sysNum: 	25005	 MissingNum: 	0	 4702.9208333333345	 158747	 2	 Protocol_Missing: 0	 0.0	 0.0	 3317.358333333332	 1385.5625	 0.0	 111242.0	 47505.0	 13.0	 
50010	50000	10	 sysNum: 	25005	 MissingNum: 	0	 4732.72916666667	 159577	 2	 Protocol_Missing: 0	 0.0	 0.0	 3340.224999999999	 1392.5041666666666	 0.0	 111834.0	 47743.0	 14.0	 
50010	50000	10	 sysNum: 	25005	 MissingNum: 	0	 4763.120833333337	 160619	 2	 Protocol_Missing: 0	 0.0	 0.0	 3357.695833333332	 1405.425	 0.0	 112433.0	 48186.0	 14.0	 
50010	50000	10	 sysNum: 	25005	 MissingNum: 	0	 4763.879166666671	 160453	 2	 Protocol_Missing: 0	 0.0	 0.0	 3357.637499999999	 1406.2416666666666	 0.0	 112239.0	 48214.0	 15.0	 
50010	50000	10	 sysNum: 	25005	 MissingNum: 	0	 4711.291666666669	 159034	 2	 Protocol_Missing: 0	 0.0	 0.0	 3323.162499999998	 1388.1291666666664	 0.0	 111441.0	 47593.0	 13.0	 
50010	50000	10	 sysNum: 	25005	 MissingNum: 	0	 4720.3041666666695	 159151	 2	 Protocol_Missing: 0	 0.0	 0.0	 3330.891666666665	 1389.4124999999995	 0.0	 111514.0	 47637.0	 14.0	 
50010	50000	10	 sysNum: 	25005	 MissingNum: 	0	 4738.066666666669	 159760	 2	 Protocol_Missing: 0	 0.0	 0.0	 3340.283333333331	 1397.7833333333333	 0.0	 111836.0	 47924.0	 14.0	 
50010	50000	10	 sysNum: 	25005	 MissingNum: 	0	 4701.141666666669	 158686	 2	 Protocol_Missing: 0	 0.0	 0.0	 3312.5458333333318	 1388.5958333333338	 0.0	 111077.0	 47609.0	 13.0	 
50010	50000	10	 sysNum: 	25005	 MissingNum: 	0	 4714.295833333335	 159137	 2	 Protocol_Missing: 0	 0.0	 0.0	 3325.787499999998	 1388.5083333333334	 0.0	 111531.0	 47606.0	 13.0	 
50010	50000	10	 sysNum: 	25005	 MissingNum: 	0	 4698.25416666667	 158587	 2	 Protocol_Missing: 0	 0.0	 0.0	 3311.7874999999985	 1386.4666666666667	 0.0	 111051.0	 47536.0	 13.0	 
50010	50000	10	 sysNum: 	25005	 MissingNum: 	0	 4733.604166666671	 159607	 2	 Protocol_Missing: 0	 0.0	 0.0	 3336.3458333333324	 1397.2583333333332	 0.0	 111701.0	 47906.0	 14.0	 
50010	50000	10	 sysNum: 	25005	 MissingNum: 	0	 4724.941666666669	 159502	 2	 Protocol_Missing: 0	 0.0	 0.0	 3332.6999999999975	 1392.2416666666663	 0.0	 111768.0	 47734.0	 13.0	 
50010	50000	10	 sysNum: 	25005	 MissingNum: 	0	 4762.683333333337	 160220	 2	 Protocol_Missing: 0	 0.0	 0.0	 3362.216666666664	 1400.4666666666662	 0.0	 112204.0	 48016.0	 16.0	 
50010	50000	10	 sysNum: 	25005	 MissingNum: 	0	 4750.725000000002	 160194	 2	 Protocol_Missing: 0	 0.0	 0.0	 3349.470833333332	 1401.2541666666664	 0.0	 112151.0	 48043.0	 14.0	 
50010	50000	10	 sysNum: 	25005	 MissingNum: 	0	 4699.858333333336	 158642	 2	 Protocol_Missing: 0	 0.0	 0.0	 3317.6791666666654	 1382.1791666666666	 0.0	 111253.0	 47389.0	 13.0	 
50010	50000	10	 sysNum: 	25005	 MissingNum: 	0	 4747.6916666666675	 160282	 2	 Protocol_Missing: 0	 0.0	 0.0	 3345.1541666666653	 1402.5375000000001	 0.0	 112195.0	 48087.0	 13.0	 
50010	50000	10	 sysNum: 	25005	 MissingNum: 	0	 4725.379166666668	 159325	 2	 Protocol_Missing: 0	 0.0	 0.0	 3335.0041666666652	 1390.3750000000002	 0.0	 111655.0	 47670.0	 14.0	 
50010	50000	10	 sysNum: 	25005	 MissingNum: 	0	 4748.800000000004	 160128	 2	 Protocol_Missing: 0	 0.0	 0.0	 3351.220833333331	 1397.5791666666664	 0.0	 112211.0	 47917.0	 14.0	 
50010	50000	10	 sysNum: 	25005	 MissingNum: 	0	 4708.6083333333345	 158942	 2	 Protocol_Missing: 0	 0.0	 0.0	 3320.2749999999987	 1388.3333333333333	 0.0	 111342.0	 47600.0	 13.0	 
50010	50000	10	 sysNum: 	25005	 MissingNum: 	0	 4707.120833333337	 158699	 2	 Protocol_Missing: 0	 0.0	 0.0	 3322.724999999998	 1384.3958333333333	 0.0	 111234.0	 47465.0	 14.0	 
50010	50000	10	 sysNum: 	25005	 MissingNum: 	0	 4769.683333333335	 160844	 2	 Protocol_Missing: 0	 0.0	 0.0	 3365.891666666665	 1403.7916666666665	 0.0	 112714.0	 48130.0	 14.0	 
50010	50000	10	 sysNum: 	25005	 MissingNum: 	0	 4730.54166666667	 159502	 2	 Protocol_Missing: 0	 0.0	 0.0	 3339.758333333332	 1390.7833333333328	 0.0	 111818.0	 47684.0	 14.0	 
50010	50000	10	 sysNum: 	25005	 MissingNum: 	0	 4733.16666666667	 159592	 2	 Protocol_Missing: 0	 0.0	 0.0	 3340.4874999999984	 1392.6791666666668	 0.0	 111843.0	 47749.0	 14.0	 
50010	50000	10	 sysNum: 	25005	 MissingNum: 	0	 4733.4291666666695	 159409	 2	 Protocol_Missing: 0	 0.0	 0.0	 3341.479166666666	 1391.9499999999998	 0.0	 111685.0	 47724.0	 15.0	 
50010	50000	10	 sysNum: 	25005	 MissingNum: 	0	 4724.445833333337	 159485	 2	 Protocol_Missing: 0	 0.0	 0.0	 3330.979166666665	 1393.4666666666667	 0.0	 111709.0	 47776.0	 13.0	 
