50010	50000	10	 sysNum: 	25005	 MissingNum: 	0	 4755.683333333338	 160364	 2	 Protocol_Missing: 0	 0.0	 0.0	 3354.604166666665	 1401.0791666666662	 0.0	 112327.0	 48037.0	 14.0	 
50010	50000	10	 sysNum: 	25005	 MissingNum: 	0	 4764.870833333336	 160679	 2	 Protocol_Missing: 0	 0.0	 0.0	 3354.4583333333326	 1410.4124999999995	 0.0	 112322.0	 48357.0	 14.0	 
50010	50000	10	 sysNum: 	25005	 MissingNum: 	0	 4733.808333333336	 159806	 2	 Protocol_Missing: 0	 0.0	 0.0	 3338.6208333333316	 1395.1875	 0.0	 111971.0	 47835.0	 13.0	 
50010	50000	10	 sysNum: 	25005	 MissingNum: 	0	 4725.262500000003	 159513	 2	 Protocol_Missing: 0	 0.0	 0.0	 3331.2708333333326	 1393.991666666667	 0.0	 111719.0	 47794.0	 13.0	 
50010	50000	10	 sysNum: 	25005	 MissingNum: 	0	 4741.450000000003	 159876	 2	 Protocol_Missing: 0	 0.0	 0.0	 3342.0333333333315	 1399.4166666666663	 0.0	 111896.0	 47980.0	 14.0	 
50010	50000	10	 sysNum: 	25005	 MissingNum: 	0	 4724.037500000004	 159279	 2	 Protocol_Missing: 0	 0.0	 0.0	 3330.0166666666646	 1394.0208333333333	 0.0	 111484.0	 47795.0	 14.0	 
50010	50000	10	 sysNum: 	25005	 MissingNum: 	0	 4704.816666666668	 158812	 2	 Protocol_Missing: 0	 0.0	 0.0	 3315.491666666666	 1389.325	 0.0	 111178.0	 47634.0	 13.0	 
50010	50000	10	 sysNum: 	25005	 MissingNum: 	0	 4702.045833333335	 158525	 2	 Protocol_Missing: 0	 0.0	 0.0	 3319.8374999999987	 1382.208333333333	 0.0	 111135.0	 47390.0	 14.0	 
50010	50000	10	 sysNum: 	25005	 MissingNum: 	0	 4742.7625000000035	 159921	 2	 Protocol_Missing: 0	 0.0	 0.0	 3345.474999999998	 1397.2875	 0.0	 112014.0	 47907.0	 14.0	 
50010	50000	10	 sysNum: 	25005	 MissingNum: 	0	 4725.612500000002	 159333	 2	 Protocol_Missing: 0	 0.0	 0.0	 3335.2083333333317	 1390.4041666666662	 0.0	 111662.0	 47671.0	 14.0	 
50010	50000	10	 sysNum: 	25005	 MissingNum: 	0	 4742.79166666667	 159922	 2	 Protocol_Missing: 0	 0.0	 0.0	 3344.862499999999	 1397.9291666666666	 0.0	 111993.0	 47929.0	 14.0	 
50010	50000	10	 sysNum: 	25005	 MissingNum: 	0	 4752.037500000001	 160239	 2	 Protocol_Missing: 0	 0.0	 0.0	 3348.5958333333315	 1403.4416666666668	 0.0	 112121.0	 48118.0	 14.0	 
50010	50000	10	 sysNum: 	25005	 MissingNum: 	0	 4774.991666666669	 161026	 2	 Protocol_Missing: 0	 0.0	 0.0	 3366.299999999998	 1408.6916666666666	 0.0	 112728.0	 48298.0	 14.0	 
50010	50000	10	 sysNum: 	25005	 MissingNum: 	0	 4705.545833333338	 158645	 2	 Protocol_Missing: 0	 0.0	 0.0	 3318.933333333332	 1386.6124999999993	 0.0	 111104.0	 47541.0	 14.0	 
50010	50000	10	 sysNum: 	25005	 MissingNum: 	0	 4688.075000000004	 158046	 2	 Protocol_Missing: 0	 0.0	 0.0	 3306.479166666665	 1381.595833333333	 0.0	 110677.0	 47369.0	 14.0	 
50010	50000	10	 sysNum: 	25005	 MissingNum: 	0	 4722.550000000002	 159228	 2	 Protocol_Missing: 0	 0.0	 0.0	 3331.2999999999984	 1391.2499999999995	 0.0	 111528.0	 47700.0	 14.0	 
50010	50000	10	 sysNum: 	25005	 MissingNum: 	0	 4720.770833333336	 159167	 2	 Protocol_Missing: 0	 0.0	 0.0	 3328.0333333333315	 1392.7375	 0.0	 111416.0	 47751.0	 14.0	 
50010	50000	10	 sysNum: 	25005	 MissingNum: 	0	 4717.0666666666675	 159232	 2	 Protocol_Missing: 0	 0.0	 0.0	 3322.1416666666655	 1394.9250000000002	 0.0	 111406.0	 47826.0	 13.0	 
50010	50000	10	 sysNum: 	25005	 MissingNum: 	0	 4729.725000000002	 159474	 2	 Protocol_Missing: 0	 0.0	 0.0	 3337.5999999999985	 1392.1249999999998	 0.0	 111744.0	 47730.0	 14.0	 
50010	50000	10	 sysNum: 	25005	 MissingNum: 	0	 4710.883333333335	 158828	 2	 Protocol_Missing: 0	 0.0	 0.0	 3318.729166666665	 1392.154166666667	 0.0	 111097.0	 47731.0	 14.0	 
50010	50000	10	 sysNum: 	25005	 MissingNum: 	0	 4711.525000000002	 158658	 2	 Protocol_Missing: 0	 0.0	 0.0	 3328.470833333332	 1383.0541666666668	 0.0	 111239.0	 47419.0	 15.0	 
50010	50000	10	 sysNum: 	25005	 MissingNum: 	0	 4770.879166666671	 160885	 2	 Protocol_Missing: 0	 0.0	 0.0	 3362.1583333333315	 1408.720833333333	 0.0	 112586.0	 48299.0	 14.0	 
50010	50000	10	 sysNum: 	25005	 MissingNum: 	0	 4750.025000000006	 160170	 2	 Protocol_Missing: 0	 0.0	 0.0	 3349.441666666665	 1400.5833333333333	 0.0	 112150.0	 48020.0	 14.0	 
50010	50000	10	 sysNum: 	25005	 MissingNum: 	0	 4732.379166666667	 159373	 2	 Protocol_Missing: 0	 0.0	 0.0	 3337.629166666665	 1394.7499999999998	 0.0	 111553.0	 47820.0	 15.0	 
50010	50000	10	 sysNum: 	25005	 MissingNum: 	0	 4769.012500000005	 161013	 2	 Protocol_Missing: 0	 0.0	 0.0	 3362.887499999999	 1406.1249999999995	 0.0	 112803.0	 48210.0	 13.0	 
50010	50000	10	 sysNum: 	25005	 MissingNum: 	0	 4754.7208333333365	 160331	 2	 Protocol_Missing: 0	 0.0	 0.0	 3351.0458333333318	 1403.675	 0.0	 112205.0	 48126.0	 14.0	 
50010	50000	10	 sysNum: 	25005	 MissingNum: 	0	 4735.9083333333365	 159686	 2	 Protocol_Missing: 0	 0.0	 0.0	 3342.5291666666644	 1393.3791666666664	 0.0	 111913.0	 47773.0	 14.0	 
50010	50000	10	 sysNum: 	25005	 MissingNum: 	0	 4712.283333333335	 158876	 2	 Protocol_Missing: 0	 0.0	 0.0	 3328.9958333333316	 1383.2875	 0.0	 111449.0	 47427.0	 14.0	 
50010	50000	10	 sysNum: 	25005	 MissingNum: 	0	 4744.308333333334	 159974	 2	 Protocol_Missing: 0	 0.0	 0.0	 3350.199999999998	 1394.1083333333336	 0.0	 112176.0	 47798.0	 14.0	 
50010	50000	10	 sysNum: 	25005	 MissingNum: 	0	 4718.700000000003	 159096	 2	 Protocol_Missing: 0	 0.0	 0.0	 3333.079166666665	 1385.6208333333334	 0.0	 111589.0	 47507.0	 14.0	 
50010	50000	10	 sysNum: 	25005	 MissingNum: 	0	 4761.341666666668	 160558	 2	 Protocol_Missing: 0	 0.0	 0.0	 3355.0124999999975	 1406.3291666666667	 0.0	 112341.0	 48217.0	 14.0	 
50010	50000	10	 sysNum: 	25005	 MissingNum: 	0	 4702.395833333337	 158537	 2	 Protocol_Missing: 0	 0.0	 0.0	 3319.7791666666653	 1382.616666666666	 0.0	 111133.0	 47404.0	 14.0	 
50010	50000	10	 sysNum: 	25005	 MissingNum: 	0	 4702.220833333336	 158723	 2	 Protocol_Missing: 0	 0.0	 0.0	 3315.5499999999984	 1386.6708333333331	 0.0	 111180.0	 47543.0	 13.0	 
50010	50000	10	 sysNum: 	25005	 MissingNum: 	0	 4726.9833333333345	 159380	 2	 Protocol_Missing: 0	 0.0	 0.0	 3334.712499999999	 1392.2708333333333	 0.0	 111645.0	 47735.0	 14.0	 
50010	50000	10	 sysNum: 	25005	 MissingNum: 	0	 4766.970833333337	 160559	 2	 Protocol_Missing: 0	 0.0	 0.0	 3360.9916666666645	 1405.9791666666667	 0.0	 112354.0	 48205.0	 15.0	 
50010	50000	10	 sysNum: 	25005	 MissingNum: 	0	 4739.175000000003	 159606	 2	 Protocol_Missing: 0	 0.0	 0.0	 3347.633333333331	 1391.5416666666663	 0.0	 111896.0	 47710.0	 15.0	 
50010	50000	10	 sysNum: 	25005	 MissingNum: 	0	 4740.137500000003	 159831	 2	 Protocol_Missing: 0	 0.0	 0.0	 3340.983333333332	 1399.1541666666665	 0.0	 111860.0	 47971.0	 14.0	 
50010	50000	10	 sysNum: 	25005	 MissingNum: 	0	 4719.895833333337	 159137	 2	 Protocol_Missing: 0	 0.0	 0.0	 3329.083333333332	 1390.8125	 0.0	 111452.0	 47685.0	 14.0	 
50010	50000	10	 sysNum: 	25005	 MissingNum: 	0	 4703.941666666668	 158590	 2	 Protocol_Missing: 0	 0.0	 0.0	 3315.1999999999975	 1388.7416666666663	 0.0	 110976.0	 47614.0	 14.0	 
50010	50000	10	 sysNum: 	25005	 MissingNum: 	0	 4744.833333333335	 160184	 2	 Protocol_Missing: 0	 0.0	 0.0	 3343.4333333333316	 1401.4000000000003	 0.0	 112136.0	 48048.0	 13.0	 
50010	50000	10	 sysNum: 	25005	 MissingNum: 	0	 4737.0750000000035	 159534	 2	 Protocol_Missing: 0	 0.0	 0.0	 3342.470833333331	 1394.6041666666663	 0.0	 111719.0	 47815.0	 15.0	 
50010	50000	10	 sysNum: 	25005	 MissingNum: 	0	 4725.9625000000015	 159345	 2	 Protocol_Missing: 0	 0.0	 0.0	 3335.4416666666657	 1390.5208333333333	 0.0	 111670.0	 47675.0	 14.0	 
50010	50000	10	 sysNum: 	25005	 MissingNum: 	0	 4754.750000000004	 160332	 2	 Protocol_Missing: 0	 0.0	 0.0	 3352.4458333333323	 1402.3041666666668	 0.0	 112253.0	 48079.0	 14.0	 
50010	50000	10	 sysNum: 	25005	 MissingNum: 	0	 4689.2125000000015	 158085	 2	 Protocol_Missing: 0	 0.0	 0.0	 3306.8874999999994	 1382.325	 0.0	 110691.0	 47394.0	 14.0	 
50010	50000	10	 sysNum: 	25005	 MissingNum: 	0	 4776.829166666668	 161089	 2	 Protocol_Missing: 0	 0.0	 0.0	 3360.6999999999985	 1416.1291666666664	 0.0	 112536.0	 48553.0	 14.0	 
50010	50000	10	 sysNum: 	25005	 MissingNum: 	0	 4722.200000000004	 159216	 2	 Protocol_Missing: 0	 0.0	 0.0	 3333.137499999998	 1389.0624999999998	 0.0	 111591.0	 47625.0	 14.0	 
50010	50000	10	 sysNum: 	25005	 MissingNum: 	0	 4750.05416666667	 160171	 2	 Protocol_Missing: 0	 0.0	 0.0	 3345.416666666665	 1404.6375	 0.0	 112012.0	 48159.0	 14.0	 
50010	50000	10	 sysNum: 	25005	 MissingNum: 	0	 4707.5875000000015	 158715	 2	 Protocol_Missing: 0	 0.0	 0.0	 3323.045833333332	 1384.5416666666665	 0.0	 111245.0	 47470.0	 14.0	 
50010	50000	10	 sysNum: 	25005	 MissingNum: 	0	 4747.779166666669	 160093	 2	 Protocol_Missing: 0	 0.0	 0.0	 3350.4916666666654	 1397.2874999999997	 0.0	 112186.0	 47907.0	 14.0	 
50010	50000	10	 sysNum: 	25005	 MissingNum: 	0	 4728.354166666668	 159427	 2	 Protocol_Missing: 0	 0.0	 0.0	 3337.745833333332	 1390.6083333333331	 0.0	 111749.0	 47678.0	 14.0	 
